t   Re(c(t))    Im(c(t))
0.0  1.0  0.0
0.01  0.9510763116983205  0.28755221186409347
0.02  0.8118440839759056  0.5393299001398593
0.03  0.603297700347047  0.726087377543998
0.04  0.3554760019309731  0.8300360447042672
0.05  0.10146876157022283  0.8470705935106482
0.06  -0.12861227023119765  0.7859993072764979
0.07  -0.3123038657547363  0.6653061462605195
0.08  -0.4372507127279899  0.5085367760845162
0.09  -0.5013004366912458  0.3395648063081393
0.1  -0.5106918999749592  0.17877819408051115
0.11  -0.4771492163968586  0.04077406383691556
0.12  -0.4147479231941536  -0.06634725935859828
0.13  -0.33723650287578877  -0.1403857654581182
0.14  -0.25619571031529215  -0.18364007029902915
0.15  -0.18011856669030998  -0.20121464143765277
0.16  -0.1142745041055469  -0.1994399001660162
0.17  -0.061110217451692  -0.18464510435707943
0.18  -0.020924835719446963  -0.16236695823277691
0.19  0.007395505679044756  -0.13696236478613805
0.2  0.025725047975993245  -0.11153149494314529
0.21  0.0361971212813242  -0.08803979787052368
0.22  0.0408684095063435  -0.06753939549853188
0.23  0.041529077562284286  -0.05041599365157434
0.24  0.03962385151847586  -0.036615393213595145
0.25  0.03624706508628734  -0.025827221219144877
0.26  0.03217998646885648  -0.017620099397324934
0.27  0.0279468972900569  -0.01153229420838175
0.28  0.02387453360275043  -0.007126418524756706
0.29  0.020146181758723555  -0.004017768232533672
0.3  0.01684651780710639  -0.0018849373078423247
0.31  0.01399632786575536  -0.00046959121260304226
0.32  0.01157793186110469  0.00042961135991042724
0.33  0.009552877856876016  0.0009656149961737889
0.34  0.007873641824103597  0.0012520392583543645
0.35000000000000003  0.006490926600198992  0.0013716029593950642
0.36  0.005357881130817063  0.001383386209098943
0.37  0.004432261512039525  0.0013287860128264476
0.38  0.0036772826163425226  0.0012362259381539205
0.39  0.003061684854258567  0.001124777203019067
0.4  0.002559368376413261  0.0010068802134977322
0.41000000000000003  0.002148821329273274  0.0008903513231881314
0.42  0.001812480897229038  0.0007798380997090946
0.43  0.0015361067605454484  0.0006778588252362998
0.44  0.001308208356809353  0.0005855344401491286
0.45  0.0011195436196602324  0.0005030966033942912
0.46  0.0009626929157033738  0.0004302350651303091
0.47000000000000003  0.0008317042803805493  0.0003663311886055774
0.48  0.0007218023913338435  0.00031061179509950124
0.49  0.0006291524218454817  0.0002622479340270788
0.5  0.000550669954018178  0.0002204160798444406
0.51  0.00048386885266206897  0.00018433407011421912
0.52  0.0004267400143230827  0.00015328035791118539
0.53  0.0003776549860252166  0.00012660248345017057
0.54  0.00033528947448379726  0.0001037187856894572
0.55  0.00029856268197744846  8.411605662839005e-05
0.56  0.00026658919019766336  6.734492736548873e-05
0.5700000000000001  0.00023864076916477008  5.301414753216441e-05
0.58  0.00021411602589270102  4.078449312659389e-05
0.59  0.00019251624228047422  3.0362751030950976e-05
0.6  0.00017342609988775493  2.1496038358294526e-05
0.61  0.0001564982660396634  1.3966590830010155e-05
0.62  0.00014144103456575482  7.5870753891549335e-06
0.63  0.00012800838687423928  2.196433477802942e-06
0.64  0.00011599197450282417  -2.343767302531689e-06
0.65  0.00010521463051869434  -6.1525110110481125e-06
0.66  9.552510038937958e-05  -9.332085698167597e-06
0.67  8.679374817063e-05  -1.197045719471741e-05
0.68  7.890904497745581e-05  -1.4143310084219517e-05
0.6900000000000001  7.177468679999187e-05  -1.591579860032976e-05
0.7000000000000001  6.530722021217117e-05  -1.7344046339776863e-05
0.71  5.943407928288464e-05  -1.8476429520548717e-05
0.72  5.4091956506835116e-05  -1.9354674386265918e-05
0.73  4.9225445971811954e-05  -2.001479545418045e-05
0.74  4.478590916194322e-05  -2.0487897727806717e-05
0.75  4.073052345713113e-05  -2.0800862787806983e-05
0.76  3.702148106948913e-05  -2.097693584110894e-05
0.77  3.362531227916613e-05  -2.1036228332868383e-05
0.78  3.0512311725025264e-05  -2.0996148580990925e-05
0.79  2.7656050426969316e-05  -2.0871771045890324e-05
0.8  2.5032959369292603e-05  -2.0676153265745713e-05
0.81  2.262197301539608e-05  -2.042060813504579e-05
0.8200000000000001  2.0404223179158303e-05  -2.0114938053300717e-05
0.8300000000000001  1.836277534449174e-05  -1.976763649153018e-05
0.84  1.6482400880324957e-05  -1.938606169310962e-05
0.85  1.4749379704075301e-05  -1.8976586520423584e-05
0.86  1.3151328851989026e-05  -1.854472786112941e-05
0.87  1.1677053157689827e-05  -1.8095258501000403e-05
0.88  1.031641485199085e-05  -1.763230394076551e-05
0.89  9.060219402382394e-06  -1.7159426270226185e-05
0.9  7.900115328960798e-06  -1.6679696903873704e-05
0.91  6.82850608129794e-06  -1.6195759719921077e-05
0.92  5.838472350350513e-06  -1.5709885922035972e-05
0.93  4.9237034315128855e-06  -1.5224021753580926e-05
0.9400000000000001  4.078436457796367e-06  -1.473983003306456e-05
0.9500000000000001  3.2974024923676255e-06  -1.4258726342445247e-05
0.96  2.575778613427406e-06  -1.3781910582703292e-05
0.97  1.9091452455982346e-06  -1.3310394511661635e-05
0.98  1.293448094745887e-06  -1.2845025793330169e-05
0.99  7.249641306404057e-07  -1.2386509015621563e-05
1.0  2.002711357597856e-07  -1.1935424070452436e-05
1.01  -2.8377959758116845e-07  -1.1492242236912811e-05
1.02  -7.300877856360969e-07  -1.1057340262351579e-05
1.03  -1.141326204341978e-06  -1.0631012696682473e-05
1.04  -1.519960550288679e-06  -1.0213482701194757e-05
1.05  -1.8682673542977587e-06  -9.804911524190007e-06
1.06  -2.188350160534916e-06  -9.405406810377916e-06
1.07  -2.4821541582655635e-06  -9.015029889309798e-06
1.08  -2.7514794310848184e-06  -8.633802169386756e-06
1.09  -2.9979929690448184e-06  -8.261710747650805e-06
1.1  -3.2232395721169036e-06  -7.89871333158618e-06
1.11  -3.4286517588176113e-06  -7.5447425569188806e-06
1.12  -3.6155587806317736e-06  -7.199709774825315e-06
1.1300000000000001  -3.7851948321535206e-06  -6.863508372859009e-06
1.1400000000000001  -3.938706536128449e-06  -6.5360166857540355e-06
1.1500000000000001  -4.077159774807833e-06  -6.2171005454380735e-06
1.16  -4.201545930562135e-06  -5.906615513480559e-06
1.17  -4.312787592503024e-06  -5.6044088339902775e-06
1.18  -4.411743779584758e-06  -5.3103211401293324e-06
1.19  -4.499214725507233e-06  -5.024187943718732e-06
1.2  -4.5759462660990855e-06  -4.745840933666174e-06
1.21  -4.642633865598308e-06  -4.4751091057661405e-06
1.22  -4.6999263146768226e-06  -4.211819744051054e-06
1.23  -4.7484291297488096e-06  -3.955799271233631e-06
1.24  -4.788707680119975e-06  -3.7068739836743024e-06
1.25  -4.8212900670175755e-06  -3.4648706847774293e-06
1.26  -4.846669776270788e-06  -3.229617228642855e-06
1.27  -4.865308124043445e-06  -3.000942984945112e-06
1.28  -4.877636513602256e-06  -2.778679234249978e-06
1.29  -4.884058519017724e-06  -2.562659502223532e-06
1.3  -4.884951810480617e-06  -2.3527198401098986e-06
1.31  -4.880669934459574e-06  -2.148699057958773e-06
1.32  -4.871543960662126e-06  -1.950438916338541e-06
1.33  -4.857884006836967e-06  -1.757784281786695e-06
1.34  -4.83998065128006e-06  -1.570583250424266e-06
1.35  -4.818106242219158e-06  -1.388687243641111e-06
1.36  -4.792516112241818e-06  -1.211951079717242e-06
1.37  -4.763449705315643e-06  -1.0402330240792238e-06
1.3800000000000001  -4.731131623454062e-06  -8.733948214042339e-07
1.3900000000000001  -4.695772599112593e-06  -7.113017116903745e-07
1.4000000000000001  -4.65757039922138e-06  -5.538224327241285e-07
1.41  -4.616710666019449e-06  -4.0082921075688663e-07
1.42  -4.573367699671808e-06  -2.521977410806037e-07
1.43  -4.527705186927181e-06  -1.0780716014219136e-07
1.44  -4.479876879948429e-06  3.245998959827551e-08
1.45  -4.430027229092754e-06  1.687178007916183e-07
1.46  -4.378291972936573e-06  3.0107704727165144e-07
1.47  -4.324798688823748e-06  4.296452341609195e-07
1.48  -4.269667306700936e-06  5.545266511609329e-07
1.49  -4.213010588999247e-06  6.758224283476522e-07
1.5  -4.154934578867168e-06  7.93630593676085e-07
1.51  -4.09553901911573e-06  9.080461319122051e-07
1.52  -4.034917743895823e-06  1.019161044190955e-06
1.53  -3.973159045023859e-06  1.1270644079191908e-06
1.54  -3.910346014625814e-06  1.2318424366235e-06
1.55  -3.8465568657751625e-06  1.3335785393412353e-06
1.56  -3.781865232625142e-06  1.432353379355077e-06
1.57  -3.716340451298937e-06  1.528244931869712e-06
1.58  -3.6500478228191484e-06  1.6213285405496134e-06
1.59  -3.583048859287413e-06  1.7116769726524195e-06
1.6  -3.5154015142273255e-06  1.7993604725423559e-06
1.61  -3.447160398164851e-06  1.8844468135789707e-06
1.62  -3.3783769802436122e-06  1.967001348184443e-06
1.6300000000000001  -3.309099776738914e-06  2.0470870559492254e-06
1.6400000000000001  -3.239374527139276e-06  2.1247645898577836e-06
1.6500000000000001  -3.1692443584642857e-06  2.20009232045332e-06
1.6600000000000001  -3.0987499384836653e-06  2.27312637800127e-06
1.67  -3.0279296182701484e-06  2.3439206926408975e-06
1.68  -2.9568195646630646e-06  2.412527032540998e-06
1.69  -2.885453883060159e-06  2.478995040062655e-06
1.7  -2.813864730911448e-06  2.5433722661893026e-06
1.71  -2.7420824223088074e-06  2.605704203079868e-06
1.72  -2.6701355239488424e-06  2.6660343150836767e-06
1.73  -2.5980509428562917e-06  2.724404068233633e-06
1.74  -2.5258540060287263e-06  2.780852958534939e-06
1.75  -2.4535685323489936e-06  2.8354185391609723e-06
1.76  -2.3812168969555112e-06  2.8881364469170044e-06
1.77  -2.3088200883421978e-06  2.9390404281440314e-06
1.78  -2.236397758414851e-06  2.9881623645569698e-06
1.79  -2.1639682657660353e-06  3.0355322991353092e-06
1.8  -2.0915487124368487e-06  3.081178462727761e-06
1.81  -2.019154974495139e-06  3.1251273014924914e-06
1.82  -1.9468017266679417e-06  3.1674035058582602e-06
1.83  -1.8745024616051698e-06  3.208030041323304e-06
1.84  -1.8022695039048723e-06  3.2470281815361346e-06
1.85  -1.7301140196850653e-06  3.2844175442136323e-06
1.86  -1.6580460220390579e-06  3.3202161303111722e-06
1.87  -1.5860743731643316e-06  3.3544403668208098e-06
1.8800000000000001  -1.5142067836500901e-06  3.3871051536932318e-06
1.8900000000000001  -1.442449809959655e-06  3.4182239151787047e-06
1.9000000000000001  -1.370808850671309e-06  3.4478086558366415e-06
1.9100000000000001  -1.2992881426123434e-06  3.4758700215080495e-06
1.92  -1.2278907577729014e-06  3.5024173652431475e-06
1.93  -1.156618601941489e-06  3.527458818168118e-06
1.94  -1.0854724162301936e-06  3.5510013652642727e-06
1.95  -1.0144517824957118e-06  3.573050925543235e-06
1.96  -9.435551336640835e-07  3.5936124362865504e-06
1.97  -8.727797701402219e-07  3.612689940723948e-06
1.98  -8.021218829231913e-07  3.6302866782689143e-06
1.99  -7.315765845378319e-07  3.6464051763905657e-06
2.0  -6.611379484099665e-07  3.6610473429968385e-06
2.0100000000000002  -5.907990570973733e-07  3.6742145583272376e-06
2.02  -5.20552060045755e-07  3.685907764331114e-06
2.0300000000000002  -4.50388240371386e-07  3.69612755116623e-06
2.04  -3.802980915312632e-07  3.704874238124563e-06
2.05  -3.1027140237390405e-07  3.712147948823575e-06
2.06  -2.4029735105042935e-07  3.7179486781514476e-06
2.07  -1.7036460623543151e-07  3.7222763503244643e-06
2.08  -1.0046143498756086e-07  3.7251308667447097e-06
2.09  -3.057581566284372e-08  3.726512142311087e-06
2.1  3.930444494897567e-08  3.726420130168066e-06
2.11  1.0919159262272842e-07  3.724854833472235e-06
2.12  1.7909780570504658e-07  3.7218163049201403e-06
2.13  2.4903507599829846e-07  3.7173046327916974e-06
2.14  3.1901509241003064e-07  3.7113199151794743e-06
2.15  3.8904912834284746e-07  3.703862221833669e-06
2.16  4.591479347647538e-07  3.6949315451685176e-06
2.17  5.293216397400352e-07  3.684527740974023e-06
2.18  5.995796556975362e-07  3.6726504602944404e-06
2.19  6.69930595235411e-07  3.659299073571274e-06
2.2  7.403821958994919e-07  3.6444725888998583e-06
2.21  8.109412542748704e-07  3.6281695651138936e-06
2.22  8.816135696452902e-07  3.61038802194428e-06
2.23  9.524038967114442e-07  3.5911253480140153e-06
2.24  1.0233159074769029e-06  3.570378208538638e-06
2.25  1.0943521612043266e-06  3.5481424535189183e-06
2.2600000000000002  1.1655140821761627e-06  3.5244130277355613e-06
2.27  1.2368019442239344e-06  3.499183883599343e-06
2.2800000000000002  1.3082148609586487e-06  3.4724478972661437e-06
2.29  1.379750780937361e-06  3.4441967890057582e-06
2.3000000000000003  1.4514064865636951e-06  3.414421048074681e-06
2.31  1.5231775957002665e-06  3.3831098624158494e-06
2.32  1.5950585649058196e-06  3.350251053359735e-06
2.33  1.667042693413809e-06  3.3158310153209023e-06
2.34  1.7391221266579862e-06  3.2798346603117724e-06
2.35  1.8112878587175681e-06  3.242245367225483e-06
2.36  1.8835297326406217e-06  3.2030449354450893e-06
2.37  1.955836437980046e-06  3.16221354248003e-06
2.38  2.0281955048427136e-06  3.1197297052742303e-06
2.39  2.1005932937828024e-06  3.0755702446405906e-06
2.4  2.1730149811501288e-06  3.0297102524611157e-06
2.41  2.2454445392137242e-06  2.9821230611873987e-06
2.42  2.3178647107571754e-06  2.932780215108967e-06
2.43  2.39025697780647e-06  2.8816514429634505e-06
2.44  2.4626015240253504e-06  2.8287046315417865e-06
2.45  2.53487719060959e-06  2.773905799773349e-06
2.46  2.6070614253799465e-06  2.7172190729089436e-06
2.47  2.6791302247705e-06  2.6586066565738558e-06
2.48  2.7510580685247807e-06  2.598028810225301e-06
2.49  2.822817846837732e-06  2.535443819806311e-06
2.5  2.894380779697527e-06  2.4708079693557082e-06
2.5100000000000002  2.9657163281704605e-06  2.4040755112847193e-06
2.52  3.036792097384266e-06  2.335198635214745e-06
2.5300000000000002  3.107573730826113e-06  2.2641274351569613e-06
2.54  3.178024795725433e-06  2.1908098749293085e-06
2.5500000000000003  3.248106659057246e-06  2.115191751709982e-06
2.56  3.3177783538833215e-06  2.037216657619443e-06
2.57  3.386996435446232e-06  1.9568259393656754e-06
2.58  3.455714826644466e-06  1.873958655808359e-06
2.59  3.5238846522399687e-06  1.7885515335153293e-06
2.6  3.5914540612661737e-06  1.7005389203569158e-06
2.61  3.6583680369368105e-06  1.609852737078267e-06
2.62  3.7245681933060017e-06  1.5164224270498527e-06
2.63  3.789992557935776e-06  1.420174904158673e-06
2.64  3.8545753395891384e-06  1.3210344990808548e-06
2.65  3.918246680021828e-06  1.2189229039483714e-06
2.66  3.980932388905211e-06  1.1137591157108255e-06
2.67  4.0425536605541595e-06  1.0054593782599288e-06
2.68  4.1030267713371125e-06  8.939371236264657e-07
2.69  4.162262756378302e-06  7.791029124999122e-07
2.7  4.220167063995683e-06  6.608643743572743e-07
2.71  4.276639186370763e-06  5.391261475772e-07
2.72  4.331572264524922e-06  4.137898199194212e-07
2.73  4.384852665887022e-06  2.847538697846024e-07
2.74  4.436359532189771e-06  1.5191360882797547e-07
2.75  4.4859642954998685e-06  1.5161126494312096e-08
2.7600000000000002  4.533530159926944e-06  -1.2561476292030885e-07
2.77  4.57891154638505e-06  -2.7052856994282827e-07
2.7800000000000002  4.621953497268387e-06  -4.196981754160422e-07
2.79  4.662491038247041e-06  -5.732448709462495e-07
2.8000000000000003  4.700348493350069e-06  -7.312933931905404e-07
2.81  4.735338749804228e-06  -8.939719507471226e-07
2.82  4.767262468392259e-06  -1.0614122424339937e-06
2.83  4.795907235000301e-06  -1.233749465253687e-06
2.84  4.82104664840273e-06  -1.411122310298566e-06
2.85  4.842439338791307e-06  -1.5936729448265265e-06
2.86  4.859827911568768e-06  -1.7815469780075618e-06
2.87  4.872937809694333e-06  -1.9748934081398224e-06
2.88  4.881476087856839e-06  -2.173864548309902e-06
2.89  4.885130090675853e-06  -2.378615927261492e-06
2.9  4.883566026678779e-06  -2.5893061621656488e-06
2.91  4.876427428827327e-06  -2.80609679887851e-06
2.92  4.863333491526761e-06  -3.029152115254156e-06
2.93  4.843877272991786e-06  -3.2586388823916115e-06
2.94  4.817623750905723e-06  -3.4947260778484625e-06
2.95  4.784107717972666e-06  -3.7375845442010457e-06
2.96  4.74283150237509e-06  -3.987386585497494e-06
2.97  4.6932624972791425e-06  -4.2443054931295356e-06
2.98  4.6348304809540036e-06  -4.50851499148396e-06
2.99  4.5669247079653205e-06  -4.78018859268971e-06
3.0  4.4888907494293455e-06  -5.059498847887845e-06
3.0100000000000002  4.400027057882187e-06  -5.3466164814077e-06
3.02  4.299581229962561e-06  -5.641709391854288e-06
3.0300000000000002  4.186745936848166e-06  -5.944941502393703e-06
3.04  4.0606544893457964e-06  -6.256471439698199e-06
3.0500000000000003  3.920376000526957e-06  -6.576451018827602e-06
3.06  3.76491010482592e-06  -6.905023507485149e-06
3.0700000000000003  3.593181187618765e-06  -7.242321640203351e-06
3.08  3.404032073973159e-06  -7.5884653483697734e-06
3.09  3.196217119329995e-06  -7.943559167629834e-06
3.1  2.96839463782869e-06  -8.307689278657587e-06
3.11  2.719118596361688e-06  -8.680920131291835e-06
3.12  2.4468294934892413e-06  -9.063290594697862e-06
3.13  2.149844332355647e-06  -9.454809568337418e-06
3.14  1.8263455852228712e-06  -9.855450979073909e-06
3.15  1.4743690342299389e-06  -1.0265148078961086e-05
3.16  1.091790357721418e-06  -1.0683786945823809e-05
3.17  6.7631031468575e-07  -1.111119907459702e-05
3.18  2.2543835973735744e-07  -1.1547152930586675e-05
3.19  -2.635255015066821e-07  -1.1991344316932451e-05
3.2  -7.935108330594751e-07  -1.2443385386300024e-05
3.21  -1.3676991119377225e-06  -1.2902792101108672e-05
3.22  -1.9895485761303603e-06  -1.3368969917155973e-05
3.23  -2.66282189987034e-06  -1.3841197430456224e-05
3.24  -3.391617066129114e-06  -1.4318607687358629e-05
3.25  -4.1804018618933865e-06  -1.4800166810915018e-05
3.2600000000000002  -5.034052486286705e-06  -1.528464954210989e-05
3.27  -5.957896837411399e-06  -1.5770611230772813e-05
3.2800000000000002  -6.957763132892803e-06  -1.6256355736813797e-05
3.29  -8.040034624020698e-06  -1.673989861533644e-05
3.3000000000000003  -9.21171128719397e-06  -1.721892485743092e-05
3.31  -1.0480479522982743e-05  -1.7690740339161543e-05
3.3200000000000003  -1.1854791067488464e-05  -1.815221599131459e-05
3.33  -1.3343952527656306e-05  -1.8599723537985845e-05
3.34  -1.4958227199893339e-05  -1.902906145894271e-05
3.35  -1.670895112747273e-05  -1.9435369603341692e-05
3.36  -1.8608665708119037e-05  -1.981303061466336e-05
3.37  -2.067126959135275e-05  -2.015555601137419e-05
3.38  -2.291219312257429e-05  -2.045545439598308e-05
3.39  -2.5348599217788302e-05  -2.070407882674469e-05
3.4  -2.7999615313942614e-05  -2.0891449868766192e-05
3.41  -3.088660196809882e-05  -2.100605023135217e-05
3.42  -3.403346481288283e-05  -2.103458617829126e-05
3.43  -3.7467017966269754e-05  -2.0961710049946524e-05
3.44  -4.1217408704130694e-05  -2.0769697236401773e-05
3.45  -4.531861531377063e-05  -2.0438069766350916e-05
3.46  -4.980903265643488e-05  -1.994315729740095e-05
3.47  -5.473216320627825e-05  -1.9257584679170224e-05
3.48  -6.013743536354865e-05  -1.834967337891465e-05
3.49  -6.608117587105697e-05  -1.7182741874222565e-05
3.5  -7.26277694599831e-05  -1.5714287599079252e-05
3.5100000000000002  -7.985104675284922e-05  -1.3895030149725373e-05
3.52  -8.783595139589355e-05  -1.1667792202016087e-05
3.5300000000000002  -9.668054993544124e-05  -8.966190972089427e-06
3.54  -0.00010649846381226058  -5.713109112927204e-06
3.5500000000000003  -0.00011742182294357475  -1.818909793796076e-06
3.56  -0.00012960486587561582  2.8206434348366453e-06
3.5700000000000003  -0.00014322834393893432  8.326805167264201e-06
3.58  -0.0001585049281668874  1.4840651055886371e-05
3.59  -0.0001756858704358772  2.252631202721944e-05
3.6  -0.00019506923752789118  3.157468427536698e-05
3.61  -0.00021701012264184274  4.220765148930635e-05
3.62  -0.0002419333483896254  5.46828388439909e-05
3.63  -0.0002703493149130574  6.929888750389341e-05
3.64  -0.00030287382439855544  8.640118646911077e-05
3.65  -0.00034025293869412187  0.00010638791490179237
3.66  -0.00038339421166281836  0.00012971611717714382
3.67  -0.0004334059960421772  0.00015690733258533627
3.68  -0.0004916469713254512  0.00018855200007493995
3.69  -0.000559788590738912  0.00022531141051230675
3.7  -0.0006398938168455255  0.0002679153209777553
3.71  -0.0007345163169591803  0.0003171523886969842
3.72  -0.0008468252204572578  0.0003738492033237904
3.73  -0.0009807615771107612  0.0004388317274385196
3.74  -0.0011412337356383065  0.0005128601702052985
3.75  -0.0013343598537099346  0.0005965244195849124
3.7600000000000002  -0.001567766412152026  0.0006900817597464663
3.77  -0.001850951518619968  0.0007932112233753463
3.7800000000000002  -0.0021957202605236647  0.0009046490052893315
3.79  -0.002616695311052143  0.0010216562704100788
3.8000000000000003  -0.0031318977296510594  0.0011392538328565487
3.81  -0.0037633779383077527  0.0012491371801054633
3.8200000000000003  -0.004537851617426892  0.001338160320958998
3.83  -0.005487254797184617  0.0013862492020141404
3.84  -0.006649070185420639  0.0013635782202560723
3.85  -0.008066184675953022  0.001226823287204251
3.86  -0.009785906922215476  0.0009143039240929722
3.87  -0.011857595301277321  0.0003398648338676523
3.88  -0.014328115847098291  -0.0006145449288797097
3.89  -0.017234071957663508  -0.002107415099701934
3.9  -0.020589447684941073  -0.00434676346272298
3.91  -0.024367043201340994  -0.007598552210987874
3.92  -0.028471967088653013  -0.012192248116657006
3.93  -0.03270567314535098  -0.01852000507216492
3.94  -0.036719870048026064  -0.02702425092185029
3.95  -0.039961463854871745  -0.03816656096191079
3.96  -0.04161294194889291  -0.052368993413133974
3.97  -0.04053763898354119  -0.0699182952615071
3.98  -0.03524622967193404  -0.09082474578017109
3.99  -0.02390903814596784  -0.1146324951178545
4.0  -0.004446744996161509  -0.14018886254968232
4.01  0.02526326794866839  -0.16539755472048717
4.0200000000000005  0.06703108399552266  -0.18700506200616085
4.03  0.12183235764599681  -0.20049762305181051
4.04  0.1891403178776755  -0.20021083871940049
4.05  0.2661893084783341  -0.1797630639040895
4.0600000000000005  0.34732077393047917  -0.1329013388687405
4.07  0.42363465626616237  -0.05478000282453213
4.08  0.48321091334419397  0.05642870000852712
4.09  0.5121405354989054  0.19785305803112968
4.1  0.4964809854574096  0.3605915116119996
4.11  0.42501903583229705  0.5292538723434288
4.12  0.2924188923877746  0.682857111126161
4.13  0.10204044487360052  0.7973335525248674
4.14  -0.13244710961194156  0.8495020174673679
4.15  -0.38744111722026564  0.8218509096508795
4.16  -0.6321638196484367  0.707049643964974
4.17  -0.8335628157507389  0.5109299699589215
4.18  -0.9624193951219295  0.25289501300623823
4.19  -0.9992267720248951  -0.036678446813056
4.2  -0.9383065488267214  -0.3216426263923001
4.21  -0.7890320825626232  -0.5667002613182204
4.22  -0.5738149152222828  -0.7438151111715648
4.23  -0.3234184402940661  -0.8368482127170295
4.24  -0.07087388711702917  -0.8434079677741029
4.25  0.1544469876653548  -0.7737283703426776
4.26  0.3312589317271503  -0.6471920829252594
4.2700000000000005  0.448521367205271  -0.487634030997005
4.28  0.505260075328028  -0.3186735003036718
4.29  0.5085704975511945  -0.1600673162596159
4.3  0.4706378470085862  -0.025608939044164204
4.3100000000000005  0.4056283841485116  0.07739256560446606
4.32  0.327101255864427  0.14738634052882332
4.33  0.24628377045657693  0.18711492578981365
4.34  0.17126012631466075  0.20191664162625364
4.3500000000000005  0.10691723254544526  0.1981801276151019
4.36  0.05539363573009834  0.18216995719544196
4.37  0.016772463651605823  0.15928922584881391
4.38  -0.01018809084082405  0.13373692548087268
4.39  -0.027418591581252323  0.10846192153665678
4.4  -0.03705787105080709  0.08530236789577339
4.41  -0.04113706224453725  0.06521373781549104
4.42  -0.041405636389378726  0.04851515443294662
4.43  -0.03926368404539675  0.03511137151422604
4.44  -0.035763819718526414  0.024670492883937616
4.45  -0.03165196154427419  0.016753222953617777
4.46  -0.02742451701476835  0.010898510792158096
4.47  -0.023387515600239717  0.00667444089619933
4.48  -0.019709684242962117  0.003703915725745863
4.49  -0.016466024107780745  0.0016735801290129024
4.5  -0.013671302153992253  0.0003326281914741651
4.51  -0.011304416076918674  -0.0005137415864170063
4.5200000000000005  -0.009325245877596573  -0.0010130715587278246
4.53  -0.007685721713863243  -0.0012746819557287144
4.54  -0.006336672162776433  -0.0013779685629550936
4.55  -0.005231736535292856  -0.001379503943068444
4.5600000000000005  -0.004329326541878216  -0.0013188312847983437
4.57  -0.0035933552340103887  -0.0012230283674921957
4.58  -0.002993233472273377  -0.0011102057949020025
4.59  -0.00250346814546741  -0.0009921294868647885
4.6000000000000005  -0.0021030759013003844  -0.0008761501689959642
4.61  -0.0017749423423631704  -0.000766599870642133
4.62  -0.0015052005457094337  -0.0006657876342325312
4.63  -0.001282666649704103  -0.0005746993817561571
4.64  -0.0010983479876354302  -0.0004934828240672279
4.65  -0.0009450262486985141  -0.00042177834576686456
4.66  -0.000816911132502988  -0.00035894093047904107
4.67  -0.0007093566701732621  -0.0003041859488264547
4.68  -0.0006186313027872558  -0.00025668240147501886
4.69  -0.0005417329595860646  -0.00021561037689136423
4.7  -0.00047624115346368867  -0.00018019450036983037
4.71  -0.000420199142720983  -0.00014972156226044232
4.72  -0.00037202028642817526  -0.00012354795717151786
4.73  -0.00033041373522240926  -0.0001011007631294065
4.74  -0.0002943254990438439  -8.187502998476358e-05
4.75  -0.0002628917019458898  -6.542897414222202e-05
4.76  -0.00023540147438396873  -5.1378178421268694e-05
4.7700000000000005  -0.0002112674572581632  -3.9389489647492716e-05
4.78  -0.00019000231508566854  -2.9175033957833234e-05
4.79  -0.00017119999414011628  -2.048658937781407e-05
4.8  -0.00015452073025126503  -1.3110437903275722e-05
4.8100000000000005  -0.00013967902343010129  -6.862744793382285e-06
4.82  -0.00012643396378266092  -1.585466988487439e-06
4.83  -0.00011458142457765951  2.8572341767383326e-06
4.84  -0.0001039477413830717  6.582115106743878e-06
4.8500000000000005  -9.438457693478968e-05  9.689552429092402e-06
4.86  -8.576473467021251e-05  1.2265872762343304e-05
4.87  -7.79787334476186e-05  1.4385355193610427e-05
4.88  -7.093199487353444e-05  1.6111948759935014e-05
4.89  -6.454252521279225e-05  1.7500743312489513e-05
4.9  -5.87389978880527e-05  1.8599227970643972e-05
4.91  -5.345916151405439e-05  1.9448367264372062e-05
4.92  -4.8648513364719284e-05  2.0083521196159067e-05
4.93  -4.42591900045714e-05  2.053523192266042e-05
4.94  -4.0249036202921154e-05  2.0829896595177835e-05
4.95  -3.658082071365454e-05  2.09903431108021e-05
4.96  -3.322157345561997e-05  2.1036323093652242e-05
4.97  -3.0142023387212333e-05  2.0984934319255323e-05
4.98  -2.7316120184222807e-05  2.0850982983720807e-05
4.99  -2.4720625898314114e-05  2.0647294666866422e-05
5.0  -2.2334765247304245e-05  2.0384981512956302e-05
5.01  -2.0139925190378266e-05  2.0073672024865303e-05
5.0200000000000005  -1.8119396064473336e-05  1.972170890777123e-05
5.03  -1.6258147879837088e-05  1.9336319584428436e-05
5.04  -1.4542636451051045e-05  1.892376331329906e-05
5.05  -1.2960634922710996e-05  1.8489458255442577e-05
5.0600000000000005  -1.1501086974272408e-05  1.803809133934568e-05
5.07  -1.0153978585543378e-05  1.757371335252833e-05
5.08  -8.910225737817163e-06  1.7099821331561075e-05
5.09  -7.761575834597245e-06  1.6619430019629583e-05
5.1000000000000005  -6.700520965341705e-06  1.6135133903744403e-05
5.11  -5.720221419021273e-06  1.5649161125548385e-05
5.12  -4.814438090994098e-06  1.5163420373820237e-05
5.13  -3.9774726249996465e-06  1.467954170917408e-05
5.14  -3.204114298885661e-06  1.4198912136842818e-05
5.15  -2.4895928032779137e-06  1.372270662871337e-05
5.16  -1.8295361812158726e-06  1.3251915198067783e-05
5.17  -1.2199332973138112e-06  1.2787366546695968e-05
5.18  -6.571002907097904e-07  1.232974873277002e-05
5.19  -1.3765053887218865e-07  1.1879627246436207e-05
5.2  3.4153227869065184e-07  1.1437460827697522e-05
5.21  7.833183741639259e-07  1.1003615316095938e-05
5.22  1.1903536145849029e-06  1.0578375782979081e-05
5.23  1.5650791269307538e-06  1.0161957163863481e-05
5.24  1.909748984053514e-06  9.754513579724606e-06
5.25  2.226446180713954e-06  9.35614651136679e-06
5.26  2.517097084067275e-06  8.966911969574915e-06
5.2700000000000005  2.7834845208270797e-06  8.586826785410621e-06
5.28  3.027259644201169e-06  8.215874129119959e-06
5.29  3.2499527071956137e-06  7.854008352122855e-06
5.3  3.4529828541872532e-06  7.501159234697339e-06
5.3100000000000005  3.637667030332109e-06  7.157235711670383e-06
5.32  3.8052280968677233e-06  6.822129139126099e-06
5.33  3.956802230881696e-06  6.495716157633297e-06
5.34  4.09344567947508e-06  6.177861200343574e-06
5.3500000000000005  4.216140930809199e-06  5.8684186885576065e-06
5.36  4.325802357616184e-06  5.5672349520390215e-06
5.37  4.423281383207639e-06  5.2741499070310665e-06
5.38  4.509371214570917e-06  4.988998520569449e-06
5.39  4.584811182800031e-06  4.7116120866387636e-06
5.4  4.650290726564117e-06  4.441819336454211e-06
5.41  4.706453051317472e-06  4.179447402500163e-06
5.42  4.753898493218615e-06  3.924322653716154e-06
5.43  4.793187614032536e-06  3.6762714171349203e-06
5.44  4.824844050742823e-06  3.4351205993574193e-06
5.45  4.849357141378426e-06  3.2006982198772328e-06
5.46  4.867184346165115e-06  2.9728338667886118e-06
5.47  4.878753481820593e-06  2.7513590839844627e-06
5.48  4.884464784740639e-06  2.536107698322912e-06
5.49  4.884692817456978e-06  2.3269160938090164e-06
5.5  4.879788231539022e-06  2.1236234393454237e-06
5.51  4.870079398694652e-06  1.9260718756748343e-06
5.5200000000000005  4.855873921066407e-06  1.7341066666018771e-06
5.53  4.837460030349641e-06  1.5475763188498528e-06
5.54  4.815107884848652e-06  1.3663326746990869e-06
5.55  4.789070772670328e-06  1.1902309806025413e-06
5.5600000000000005  4.759586228321646e-06  1.0191299351597965e-06
5.57  4.726877069737209e-06  8.528917190188623e-07
5.58  4.691152361850206e-06  6.913820092150615e-07
5.59  4.652608312429961e-06  5.344699799964858e-07
5.6000000000000005  4.611429105435154e-06  3.8202829218121183e-07
5.61  4.567787676564399e-06  2.3393307260360953e-07
5.62  4.521846435544297e-06  9.006388519917696e-08
5.63  4.473757938991407e-06  -4.96963048820151e-08
5.64  4.423665517676644e-06  -1.854611731396339e-07
5.65  4.3717038614535255e-06  -3.1734108232246165e-07
5.66  4.317999565086584e-06  -4.4544313297258274e-07
5.67  4.26267163770133e-06  -5.698712170563904e-07
5.68  4.205831978557889e-06  -6.907260740084648e-07
5.69  4.147585821546683e-06  -8.081053484512934e-07
5.7  4.088032150599761e-06  -9.221036492104165e-07
5.71  4.027264088097592e-06  -1.032812608944282e-06
5.72  3.965369258127584e-06  -1.1403209440552796e-06
5.73  3.9024301262814414e-06  -1.2447145145096881e-06
5.74  3.838524317698096e-06  -1.3460763832058969e-06
5.75  3.7737249146849383e-06  -1.4444868745071694e-06
5.76  3.708100735326678e-06  -1.540023631878634e-06
5.7700000000000005  3.6417165942549633e-06  -1.632761674205508e-06
5.78  3.574633546786396e-06  -1.7227734507361437e-06
5.79  3.506909117411897e-06  -1.8101288944132469e-06
5.8  3.4385975135329398e-06  -1.8948954735280753e-06
5.8100000000000005  3.3697498254557786e-06  -1.9771382415267704e-06
5.82  3.300414213240634e-06  -2.0569198849090873e-06
5.83  3.2306360813345238e-06  -2.1343007691895217e-06
5.84  3.1604582414411666e-06  -2.209338982803036e-06
5.8500000000000005  3.0899210643785894e-06  -2.2820903790374635e-06
5.86  3.0190626213345258e-06  -2.3526086159239085e-06
5.87  2.9479188151448214e-06  -2.42094519414927e-06
5.88  2.8765235018598828e-06  -2.4871494930222233e-06
5.89  2.804908603126042e-06  -2.5512688046421746e-06
5.9  2.733104209709342e-06  -2.6133483662258892e-06
5.91  2.6611386763719914e-06  -2.6734313909330236e-06
5.92  2.5890387086128782e-06  -2.731559097231587e-06
5.93  2.5168294412834343e-06  -2.787770736973626e-06
5.94  2.4445345095851403e-06  -2.8421036225381595e-06
5.95  2.372176112482749e-06  -2.894593153170271e-06
5.96  2.2997750689272497e-06  -2.945272840914175e-06
5.97  2.2273508670662064e-06  -2.994174336372077e-06
5.98  2.154921706658076e-06  -3.0413274547130453e-06
5.99  2.0825045350749675e-06  -3.0867602023085793e-06
6.0  2.0101150770880266e-06  -3.1304988044026136e-06
6.01  1.9377678588473514e-06  -3.1725677342310646e-06
6.0200000000000005  1.86547622640557e-06  -3.2129897440864906e-06
6.03  1.7932523592139588e-06  -3.251785898750108e-06
6.04  1.7211072791317977e-06  -3.288975611794932e-06
6.05  1.6490508554247535e-06  -3.324576685165829e-06
6.0600000000000005  1.577091806520976e-06  -3.3586053524750193e-06
6.07  1.5052376990295588e-06  -3.39107632647139e-06
6.08  1.4334949449956176e-06  -3.422002850923494e-06
6.09  1.3618687981037862e-06  -3.4513967572707355e-06
6.1000000000000005  1.2903633498573933e-06  -3.4792685261841253e-06
6.11  1.2189815266120849e-06  -3.5056273541000044e-06
6.12  1.147725088531134e-06  -3.5304812247520886e-06
6.13  1.0765946315749068e-06  -3.5538369854937075e-06
6.140000000000001  1.0055895933984902e-06  -3.575700427993323e-06
6.15  9.347082644820994e-07  -3.596076373035635e-06
6.16  8.639478051830155e-07  -3.614968758402167e-06
6.17  7.933042699471184e-07  -3.632380729572609e-06
6.18  7.227726391355505e-07  -3.648314731566914e-06
6.19  6.523468596090185e-07  -3.662772601464452e-06
6.2  5.820198940376915e-07  -3.6757556597959956e-06
6.21  5.117837797443707e-07  -3.687264800051159e-06
6.22  4.4162969694025414e-07  -3.697300574157927e-06
6.23  3.7154804614534283e-07  -3.7058632731226974e-06
6.24  3.0152853465799367e-07  -3.7129530009404535e-06
6.25  2.3156027136578673e-07  -3.718569740717896e-06
6.26  1.6163186870409074e-07  -3.722713411381976e-06
6.2700000000000005  9.173155138356765e-08  -3.725383914257062e-06
6.28  2.1847269945279578e-08  -3.7265811680286114e-06
6.29  -4.8033182014778206e-08  -3.7263051315871407e-06
6.3  -1.1792204834709935e-07  -3.724555814774325e-06
6.3100000000000005  -1.8783149058251378e-07  -3.7213332755636136e-06
6.32  -2.5777346899984965e-07  -3.7166376052674884e-06
6.33  -3.277596265640786e-07  -3.7104689007109805e-06
6.34  -3.978011771278081e-07  -3.7028272248948437e-06
6.3500000000000005  -4.6790879918334435e-07  -3.6937125565386114e-06
6.36  -5.380925363012212e-07  -3.6831247297496896e-06
6.37  -6.083617054036283e-07  -3.671063364735134e-06
6.38  -6.787248138033568e-07  -3.6575277912597404e-06
6.390000000000001  -7.49189484931333e-07  -3.6425169660894825e-06
6.4  -8.197623937273041e-07  -3.6260293857408454e-06
6.41  -8.904492113867201e-07  -3.6080629961542047e-06
6.42  -9.612545593368176e-07  -3.588615100684451e-06
6.43  -1.0321819720314155e-06  -3.5676822676829774e-06
6.44  -1.1032338680848965e-06  -3.5452602390250625e-06
6.45  -1.174411528774901e-06  -3.5213438402580243e-06
6.46  -1.2457150833832455e-06  -3.495926893853533e-06
6.47  -1.3171435001634705e-06  -3.4690021358650984e-06
6.48  -1.3886945819986168e-06  -3.4405611368110563e-06
6.49  -1.4603649656993666e-06  -3.4105942271382505e-06
6.5  -1.5321501238370269e-06  -3.379090427543879e-06
6.51  -1.6040443682055167e-06  -3.346037384305671e-06
6.5200000000000005  -1.676040853711839e-06  -3.3114213095829046e-06
6.53  -1.748131581922265e-06  -3.2752269265555906e-06
6.54  -1.820307403177913e-06  -3.2374374192714283e-06
6.55  -1.8925580166546604e-06  -3.1980343867516915e-06
6.5600000000000005  -1.9648719675215064e-06  -3.156997801141243e-06
6.57  -2.0372366404349583e-06  -3.114305969414222e-06
6.58  -2.109638248985554e-06  -3.069935498164818e-06
6.59  -2.1820618202935416e-06  -3.0238612611813217e-06
6.6000000000000005  -2.254491174573668e-06  -2.976056369108433e-06
6.61  -2.326908898957776e-06  -2.9264921409353735e-06
6.62  -2.399296315458241e-06  -2.8751380767733854e-06
6.63  -2.4716334425948447e-06  -2.821961831513394e-06
6.640000000000001  -2.5438989504408926e-06  -2.766929188937525e-06
6.65  -2.6160701088497322e-06  -2.710004035963152e-06
6.66  -2.688122728525927e-06  -2.6511483365580134e-06
6.67  -2.760031094822735e-06  -2.590322105184671e-06
6.68  -2.8317678938956e-06  -2.52748337932058e-06
6.69  -2.9033041310565704e-06  -2.4625881908967043e-06
6.7  -2.974609041043873e-06  -2.3955905364140873e-06
6.71  -3.045649989900258e-06  -2.3264423455795955e-06
6.72  -3.1163923682356007e-06  -2.2550934482551477e-06
6.73  -3.186799475416085e-06  -2.1814915396566387e-06
6.74  -3.2568323944158774e-06  -2.1055821436841497e-06
6.75  -3.3264498568681093e-06  -2.0273085742584814e-06
6.76  -3.395608097889663e-06  -1.946611894677662e-06
6.7700000000000005  -3.464260700155522e-06  -1.8634308749546464e-06
6.78  -3.53235842668378e-06  -1.7777019471358627e-06
6.79  -3.5998490417034432e-06  -1.6893591585916823e-06
6.8  -3.666677118988111e-06  -1.5983341234193912e-06
6.8100000000000005  -3.7327838368004054e-06  -1.504555971894896e-06
6.82  -3.7981067586996834e-06  -1.407951298216812e-06
6.83  -3.862579599356564e-06  -1.3084441065116593e-06
6.84  -3.926131974293739e-06  -1.2059557553933863e-06
6.8500000000000005  -3.988689132551595e-06  -1.1004049010978376e-06
6.86  -4.050171671127365e-06  -9.91707439514965e-07
6.87  -4.1104952298707205e-06  -8.797764472977049e-07
6.88  -4.169570165431369e-06  -7.645221222998507e-07
6.890000000000001  -4.227301202866963e-06  -6.458517236670566e-07
6.9  -4.283587063182588e-06  -5.236695120101767e-07
6.91  -4.338320065014132e-06  -3.978766898797035e-07
6.92  -4.391385698571335e-06  -2.683713432468448e-07
6.93  -4.442662169729052e-06  -1.3504838427930022e-07
6.94  -4.4920199118710136e-06  2.200503840125626e-09
6.95  -4.539321063176339e-06  1.4348691948775317e-07
6.96  -4.584418906484921e-06  2.8892579177989745e-07
6.97  -4.627157268882123e-06  4.3863542548499576e-07
6.98  -4.6673698777463295e-06  5.927375407678081e-07
6.99  -4.704879669839024e-06  7.513573066259791e-07
7.0  -4.739498049511056e-06  9.146233668278605e-07
7.01  -4.771024092057509e-06  1.0826678569171951e-06
7.0200000000000005  -4.799243687497209e-06  1.255626410791133e-06
7.03  -4.82392861999879e-06  1.433638155055222e-06
7.04  -4.844835577493722e-06  1.6168456891020933e-06
7.05  -4.861705085592077e-06  1.8053950487646183e-06
7.0600000000000005  -4.8742603593275095e-06  1.9994356509088822e-06
7.07  -4.882206065774983e-06  2.1991202162352256e-06
7.08  -4.885226989696816e-06  2.4046046668593315e-06
7.09  -4.882986593875945e-06  2.6160479951691247e-06
7.1000000000000005  -4.875125464763041e-06  2.8336120998075284e-06
7.11  -4.861259633271842e-06  3.0574615840206777e-06
7.12  -4.840978759605923e-06  3.2877635112607802e-06
7.13  -4.8138441696008e-06  3.524687111878173e-06
7.140000000000001  -4.779386729230061e-06  3.7684034344084043e-06
7.15  -4.737104542220904e-06  4.019084933692436e-06
7.16  -4.686460454323021e-06  4.276904987249826e-06
7.17  -4.626879346013649e-06  4.5420373302518055e-06
7.18  -4.5577451936093245e-06  4.814655397954491e-06
7.19  -4.4783978764862195e-06  5.094931563213063e-06
7.2  -4.38812970568726e-06  5.383036254910694e-06
7.21  -4.286181646874068e-06  5.679136941238593e-06
7.22  -4.171739206990834e-06  5.983396959731176e-06
7.23  -4.043927951174136e-06  6.295974173306984e-06
7.24  -3.90180861234598e-06  6.617019429078968e-06
7.25  -3.7443717517827137e-06  6.946674793105782e-06
7.26  -3.5705319240232258e-06  7.285071530966996e-06
7.2700000000000005  -3.379121294221554e-06  7.63232779979607e-06
7.28  -3.168882649776529e-06  7.988546012336219e-06
7.29  -2.938461740970488e-06  8.353809828592267e-06
7.3  -2.6863988778909896e-06  8.72818072401336e-06
7.3100000000000005  -2.4111197013426027e-06  9.111694076037002e-06
7.32  -2.1109250356743427e-06  9.504354702735114e-06
7.33  -1.7839797195295851e-06  9.906131777428889e-06
7.34  -1.4283002973714943e-06  1.0316953032468854e-05
7.3500000000000005  -1.0417414391693898e-06  1.0736698152778355e-05
7.36  -6.219809383642373e-07  1.11651912449013e-05
7.37  -1.6650311797763497e-07  1.160219225062756e-05
7.38  3.274195484757162e-07  1.2047387154915062e-05
7.390000000000001  8.62746821010484e-07  1.2500376815057271e-05
7.4  1.4426933332674386e-06  1.2960664211980254e-05
7.41  2.070753775091185e-06  1.3427639894434248e-05
7.42  2.7507309458228e-06  1.3900565351234075e-05
7.43  3.4867670548401965e-06  1.437855400619606e-05
7.44  4.283378702359207e-06  1.4860549482232811e-05
7.45  5.145496039329781e-06  1.5345300726008653e-05
7.46  6.078506682687856e-06  1.5831333519146953e-05
7.47  7.08830505320892e-06  1.63169178265457e-05
7.48  8.181347910059587e-06  1.6800030343534605e-05
7.49  9.364716982833151e-06  1.7278311499736517e-05
7.5  1.064618975162649e-05  1.7749016055949382e-05
7.51  1.2034319603505298e-05  1.820895628736044e-05
7.5200000000000005  1.3538526805892252e-05  1.8654436578854494e-05
7.53  1.5169201990135865e-05  1.9081178060891372e-05
7.54  1.6937824141807645e-05  1.948423168234262e-05
7.55  1.8857095458320606e-05  1.98578778437326e-05
7.5600000000000005  2.094109587277086e-05  2.0195510391981512e-05
7.57  2.3205460572986985e-05  2.048950239869251e-05
7.58  2.5667584486588344e-05  2.0731050695907885e-05
7.59  2.834685848337723e-05  2.0909995615529608e-05
7.6000000000000005  3.126494299760429e-05  2.1014611755439003e-05
7.61  3.444608593610803e-05  2.1031364860785982e-05
7.62  3.791749316513982e-05  2.0944629042976275e-05
7.63  4.170976162418521e-05  2.0736357539138537e-05
7.640000000000001  4.585738728111205e-05  2.038569901637963e-05
7.65  5.039936282418453e-05  1.9868550018136556e-05
7.66  5.537988331452005e-05  1.915703250462344e-05
7.67  6.084918216589917e-05  1.8218883521035766e-05
7.68  6.68645249920382e-05  1.7016741802701487e-05
7.69  7.349139533875627e-05  1.5507313563768316e-05
7.7  8.080491444924466e-05  1.3640396789844638e-05
7.71  8.889154744647308e-05  1.1357740053777686e-05
7.72  9.78511612299046e-05  8.59170821012214e-06
7.73  0.0001077995157181018  5.263723351118171e-06
7.74  0.0001188712907695807  1.2824452479528836e-06
7.75  0.00013122377740400036  -3.458348621822916e-06
7.76  0.00014504139538710874  -9.082227057062912e-06
7.7700000000000005  0.00016054124184339578  -1.573295936531089e-05
7.78  0.00017797992988499942  -2.3577806675598032e-05
7.79  0.00019766204556918951  -3.2811294165598166e-05
7.8  0.00021995063997639304  -4.36594991156219e-05
7.8100000000000005  0.00024528028609108047  -5.638487135523358e-05
7.82  0.00027417337404863804  -7.129156970197617e-05
7.83  0.0003072605013509439  -8.873124276843964e-05
7.84  0.00034530604683031987  -0.00010910909388621871
7.8500000000000005  0.00038924031042696875  -0.00013288993171038283
7.86  0.0004401999691788148  -0.00016060369707800875
7.87  0.0004995790587735692  -0.0001928496396662249
7.88  0.0005690932557775836  -0.00023029784776893304
7.890000000000001  0.0006508609229642181  -0.00027368614467893174
7.9  0.0007475051983435894  -0.0003238093630649537
7.91  0.000862282354530041  -0.000381496566398168
7.92  0.0009992427020154508  -0.0004475697294012355
7.930000000000001  0.001163431387959923  -0.0005227744833049375
7.94  0.0013611374089824956  -0.000607669467800234
7.95  0.0016001997517729604  -0.0007024552138636094
7.96  0.0018903793527129638  -0.0008067158193045592
7.97  0.002243803795872261  -0.0009190363942047094
7.98  0.0026754871932527136  -0.0010364457203460018
7.99  0.0032039187477852747  -0.0011536162083823154
8.0  0.0038516974769970285  -0.0012617317106135648
8.01  0.004646163736987059  -0.0013469083107017265
8.02  0.005619935390501332  -0.0013880253104923822
8.03  0.006811190969396168  -0.0013537968594618715
8.040000000000001  0.008263445724297566  -0.001198896197540924
8.05  0.010024429890365684  -0.000858947092007077
8.06  0.012143493545054139  -0.00024424178320850285
8.07  0.01466672524100288  0.0007678360402655785
8.08  0.01762868915127804  0.002341464575507268
8.09  0.021039385944523245  0.004691472122196631
8.1  0.02486479055710942  0.008091539718494842
8.11  0.0289992361428237  0.012879188768579975
8.120000000000001  0.03322819632230103  0.019453838409992145
8.13  0.037180960181359836  0.028262483020735737
8.14  0.04027467960335257  0.03976563701459962
8.15  0.04165472295355068  0.05437455517925859
8.16  0.04014153900969548  0.07235016121582813
8.17  0.034201353095951195  0.09365584717807263
8.18  0.021966344573458908  0.11776198914816179
8.19  0.0013377321623723184  0.14341143513291107
8.2  -0.02979086334649247  0.1683736155301269
8.21  -0.07315720318380896  0.1892399412991016
8.22  -0.12958821351266442  0.2013413553069232
8.23  -0.19831779830831284  0.19889240343350917
8.24  -0.27625084607025446  0.1754722160955086
8.25  -0.3573338887983597  0.12492536499416103
8.26  -0.4322629639304684  0.04269045743322511
8.27  -0.48879466104353786  -0.07256261654015822
8.28  -0.5128900872511307  -0.21726899797684723
8.290000000000001  -0.49078335122904626  -0.3817180832889451
8.3  -0.41182216597529814  -0.5497402325009135
8.31  -0.27161893846157187  -0.6997966495217741
8.32  -0.07476730801006398  -0.8076883934643289
8.33  0.16375495964415743  -0.8506748280393615
8.34  0.4192491146121414  -0.8122887876223654
8.35  0.6603490748875377  -0.6867253041006437
8.36  0.8541370251799498  -0.4815495486827544
8.370000000000001  0.9723081459231697  -0.217738121162126
8.38  0.9969089913047313  0.07328385487489027
8.39  0.9241411518621784  0.3551008220964348
8.4  0.7651803314144332  0.5929948783030289
8.41  0.5437804053428477  0.7602129075763051
8.42  0.29133232064049874  0.8422946796226249
8.43  0.04071450261099713  0.8385439630901032
8.44  -0.1795113600324739  0.7605646894974628
8.45  -0.3492717256443527  0.6285632887976416
8.46  -0.45883725631034045  0.4665898120010418
8.47  -0.5083796145960585  0.2979516503141296
8.48  -0.5058031970281275  0.14174169991350943
8.49  -0.4637049667352641  0.010942088253520027
8.5  -0.3963010925898431  -0.08791736590708617
8.51  -0.31693442947229933  -0.15391143709574343
8.52  -0.2364664016293041  -0.19019960407403372
8.53  -0.1625718806562579  -0.20232965083351712
8.540000000000001  -0.0997625980522851  -0.19673003688849977
8.55  -0.049880030861250466  -0.17958920969467193
8.56  -0.012802870084309205  -0.15617144360539495
8.57  0.012828633333946944  -0.13051724829255604
8.58  0.02899386189998006  -0.10542648467993654
8.59  0.03783225279561377  -0.08261365907009116
8.6  0.04134672186953852  -0.06294149284611313
8.61  0.04124503810804057  -0.04666601394539205
8.620000000000001  0.03888272599244491  -0.033653705961151935
8.63  0.03527134572618555  -0.023553158939325764
8.64  0.031122375784675207  -0.015918484280323206
8.65  0.026905282003488486  -0.010290095134649721
8.66  0.02290621944505988  -0.006241937388617908
8.67  0.01928003603916266  -0.00340465081084723
8.68  0.0160925792142427  -0.0014729064567327822
8.69  0.01335297475090855  -0.00020332095852395555
8.700000000000001  0.01103695876657593  0.000592506196273121
8.71  0.009102913856871191  0.0010568573895252606
8.72  0.007502329566035045  0.0012948835236492634
8.73  0.006186219994366921  0.0013827682631134864
8.74  0.0051087445133945475  0.0013746669010145066
8.75  0.004228981189393295  0.001308339794770001
8.76  0.0035115407777910404  0.0012095732652205365
8.77  0.0029264980534202275  0.0010955579808174293
8.78  0.0024489573348374124  0.0009774152728609362
8.790000000000001  0.0020584536822129402  0.000862051857630561
8.8  0.0017383113742218026  0.0007534996271856419
8.81  0.001475028060656157  0.0006538692004825659
8.82  0.00125771890454554  0.0005640189692268997
8.83  0.0010776341418643664  0.0004840178014745906
8.84  0.0009277513912144306  0.0004134601371745572
8.85  0.0008024376021161458  0.0003516768250701958
8.86  0.0006971725833278434  0.00029787321873509507
8.870000000000001  0.0006083251688934621  0.00025121715168407354
8.88  0.0005329733365394251  0.00021089283794834842
8.89  0.0004687604162758824  0.0001761319585017304
8.9  0.00041378057334486766  0.00014622975222365034
8.91  0.00036648782455996553  0.00012055148172897062
8.92  0.00032562384910003793  9.85329196805456e-05
8.93  0.0002901607385077747  7.967729743579236e-05
8.94  0.0002592555828323948  6.355032534955208e-05
8.950000000000001  0.00023221441481550417  4.977432369949e-05
8.96  0.00020846354441623105  3.802211647139448e-05
8.97  0.00018752672763029503  2.8011081110560176e-05
8.98  0.00016900694253643182  1.9497576182713367e-05
8.99  0.00015257180663512314  1.2271857868195933e-05
9.0  0.00013794187580193308  6.153525940604241e-06
9.01  0.00012488122752349  9.87496922507775e-07
9.02  0.00011318985856518297  -3.3595227697468905e-06
9.03  0.0001026975271802412  -7.0021039884719e-06
9.040000000000001  9.325874829531178e-05  -1.0038748228226762e-05
9.05  8.474871147812955e-05  -1.2554174083044377e-05
9.06  7.705993959787656e-05  -1.462128189002206e-05
9.07  7.009954383095048e-05  -1.630283839372977e-05
9.08  6.378696031218284e-05  -1.7652919295189963e-05
9.09  5.805207705713268e-05  -1.8718143371321945e-05
9.1  5.28336781658749e-05  -1.953872776391398e-05
9.11  4.8078146839865363e-05  -2.0149390209324027e-05
9.120000000000001  4.373838023750799e-05  -2.058012049338118e-05
9.13  3.9772878314761156e-05  -2.0856840302395396e-05
9.14  3.6144976052585365e-05  -2.1001967899444435e-05
9.15  3.282219425994543e-05  -2.1034901664816547e-05
9.16  2.9775688769748503e-05  -2.0972434472395542e-05
9.17  2.6979781557376902e-05  -2.0829109095946134e-05
9.18  2.441156029768187e-05  -2.0617523317164657e-05
9.19  2.2050535285661734e-05  -2.034859210831144e-05
9.200000000000001  1.987834459521415e-05  -2.0031773156399792e-05
9.21  1.7878499932904055e-05  -1.9675261056061805e-05
9.22  1.603616693126885e-05  -1.928615470041404e-05
9.23  1.4337974678266218e-05  -1.8870601722848635e-05
9.24  1.2771850140564298e-05  -1.8433923268789388e-05
9.25  1.132687384610978e-05  -1.7980721890431435e-05
9.26  9.993153774460022e-06  -1.7514974945270503e-05
9.27  8.761714885159914e-06  -1.7040115529586463e-05
9.28  7.624402113920288e-06  -1.6559102681500664e-05
9.290000000000001  6.573794998511364e-06  -1.6074482336545686e-05
9.3  5.603132372866698e-06  -1.558844030467189e-05
9.31  4.706245799696323e-06  -1.5102848355951564e-05
9.32  3.877500605863922e-06  -1.4619304347178681e-05
9.33  3.1117435481057895e-06  -1.4139167190076384e-05
9.34  2.404256274044479e-06  -1.3663587349196558e-05
9.35  1.750713860279639e-06  -1.3193533461639245e-05
9.36  1.1471478073387396e-06  -1.272981558894902e-05
9.370000000000001  5.899129556938032e-07  -1.22731055411643e-05
9.38  7.565785798907009e-08  -1.182395465311086e-05
9.39  -3.987017961004755e-07  -1.1382809341440086e-05
9.4  -8.360070538609467e-07  -1.0950024726878922e-05
9.41  -1.2388771789882767e-06  -1.0525876567829292e-05
9.42  -1.6097290045564462e-06  -1.0110571719233285e-05
9.43  -1.950794394439269e-06  -9.704257302113698e-06
9.44  -2.2641360192433068e-06  -9.30702874504754e-06
9.450000000000001  -2.5516616280461076e-06  -8.918936838049603e-06
9.46  -2.8151369756757247e-06  -8.539993920873878e-06
9.47  -3.056197546425616e-06  -8.170179312408117e-06
9.48  -3.276359198935597e-06  -7.80944407416627e-06
9.49  -3.477027842361521e-06  -7.457715189042595e-06
9.5  -3.6595082420174526e-06  -7.114899226385446e-06
9.51  -3.82501204116465e-06  -6.780885555439203e-06
9.52  -3.974665076490954e-06  -6.455549161675143e-06
9.53  -4.109514056211574e-06  -6.138753113676292e-06
9.540000000000001  -4.230532662247914e-06  -5.830350722354615e-06
9.55  -4.338627131489914e-06  -5.530187429339702e-06
9.56  -4.434641365393371e-06  -5.238102456755194e-06
9.57  -4.519361611948327e-06  -4.953930246724117e-06
9.58  -4.5935207595379275e-06  -4.677501715629053e-06
9.59  -4.657802278324085e-06  -4.408645345101194e-06
9.6  -4.712843841016436e-06  -4.147188129066404e-06
9.61  -4.759240651781461e-06  -3.892956393953262e-06
9.620000000000001  -4.797548509273814e-06  -3.6457765071228667e-06
9.63  -4.828286627185629e-06  -3.4054754867181375e-06
9.64  -4.85194023345593e-06  -3.1718815247200407e-06
9.65  -4.868962967207419e-06  -2.944824433626264e-06
9.66  -4.879779090830483e-06  -2.7241360257806057e-06
9.67  -4.884785532752936e-06  -2.509650433488762e-06
9.68  -4.884353775354409e-06  -2.3012043770517704e-06
9.69  -4.8788316007270745e-06  -2.098637387169107e-06
9.700000000000001  -4.868544706169938e-06  -1.9017919870893647e-06
9.71  -4.853798199991189e-06  -1.7105138397308114e-06
9.72  -4.834877987515615e-06  -1.5246518639529446e-06
9.73  -4.8120520559472e-06  -1.3440583239100476e-06
9.74  -4.785571666296212e-06  -1.168588895030136e-06
9.75  -4.755672459758561e-06  -9.9810270955761e-07
9.76  -4.72257548519556e-06  -8.324623843524085e-07
9.77  -4.686488153961246e-06  -6.715340334782599e-07
9.78  -4.647605127674508e-06  -5.151872674829642e-07
9.790000000000001  -4.606109144034292e-06  -3.6329518139337356e-07
9.8  -4.562171785582084e-06  -2.157343331018563e-07
9.81  -4.515954195518331e-06  -7.238471348105622e-08
9.82  -4.467607744707983e-06  6.687029033518983e-08
9.83  -4.417274653460203e-06  2.0214393741567205e-07
9.84  -4.365088571460551e-06  3.3354618021264305e-07
9.85  -4.311175118854779e-06  4.6118371552965794e-07
9.86  -4.255652391361131e-06  5.851600384507677e-07
9.870000000000001  -4.198631432041535e-06  7.055754986597294e-07
9.88  -4.140216672007528e-06  8.225273583357168e-07
9.89  -4.080506342357663e-06  9.361098512674541e-07
9.9  -4.019592859338204e-06  1.0464142425457646e-06
9.91  -3.957563184570282e-06  1.1535288885100382e-06
9.92  -3.8944991620727236e-06  1.257539296512586e-06
9.93  -3.830477833666374e-06  1.3585281842047018e-06
9.94  -3.7655717341397077e-06  1.4565755379953997e-06
9.950000000000001  -3.6998491676099834e-06  1.551758670486945e-06
9.96  -3.633374466140868e-06  1.6441522766647165e-06
9.97  -3.566208231867355e-06  1.7338284886034396e-06
9.98  -3.4984075635670537e-06  1.8208569286492713e-06
9.99  -3.4300262686818147e-06  1.9053047607616227e-06
10.0  -3.361115061558953e-06  1.9872367401528493e-06
10.01  -3.2917217487902647e-06  2.066715260945159e-06
10.02  -3.2218914022976207e-06  2.143800401851378e-06
10.03  -3.151666520840069e-06  2.2185499698696143e-06
10.040000000000001  -3.081087180473518e-06  2.2910195419469356e-06
10.05  -3.0101911746042966e-06  2.3612625045999578e-06
10.06  -2.939014143920105e-06  2.429330091589908e-06
10.07  -2.867589696898049e-06  2.495271419692081e-06
10.08  -2.7959495210068294e-06  2.5591335225888285e-06
10.09  -2.7241234851251104e-06  2.620961383028647e-06
10.1  -2.6521397334514868e-06  2.6807979634770533e-06
10.11  -2.5800247711384632e-06  2.738684235235423e-06
10.120000000000001  -2.5078035420178193e-06  2.7946592064755676e-06
10.13  -2.4354994985868358e-06  2.8487599491894237e-06
10.14  -2.3631346645386175e-06  2.9010216254855394e-06
10.15  -2.290729690052499e-06  2.9514775134850904e-06
10.16  -2.218303900168858e-06  3.000159033095439e-06
10.17  -2.1458753363857117e-06  3.0470957720668596e-06
10.18  -2.0734607918567894e-06  3.09231551275387e-06
10.19  -2.001075840440781e-06  3.1358442599319313e-06
10.200000000000001  -1.9287348599837726e-06  3.1777062701174176e-06
10.21  -1.856451050165098e-06  3.217924082942787e-06
10.22  -1.7842364454348347e-06  3.256518554881077e-06
10.23  -1.712101923462114e-06  3.2935088959626806e-06
10.24  -1.6400572097328451e-06  3.3289127097849715e-06
10.25  -1.5681108788569656e-06  3.3627460373408393e-06
10.26  -1.4962703534187383e-06  3.3950234049663264e-06
10.27  -1.424541900986943e-06  3.4257578768605257e-06
10.28  -1.3529306302991965e-06  3.4549611122972886e-06
10.290000000000001  -1.2814404874643595e-06  3.4826434278108214e-06
10.3  -1.2100742532199102e-06  3.508813864366753e-06
10.31  -1.1388335421295619e-06  3.5334802594895137e-06
10.32  -1.0677188050918483e-06  3.556649324159197e-06
10.33  -9.967293357663045e-07  3.5783267240432813e-06
10.34  -9.258632824092208e-07  3.598517164736398e-06
10.35  -8.551176657616336e-07  3.617224480066325e-06
10.36  -7.844884041669423e-07  3.634451722910321e-06
10.370000000000001  -7.139703464910456e-07  3.650201257339469e-06
10.38  -6.435573137493803e-07  3.6644748509168266e-06
10.39  -5.732421496106992e-07  3.6772737660613703e-06
10.4  -5.030167804203938e-07  3.6885988490212386e-06
10.41  -4.328722845395174e-07  3.698450614835518e-06
10.42  -3.6279897102234724e-07  3.706829327283723e-06
10.43  -2.927864671169577e-07  3.713735071867361e-06
10.44  -2.2282381396256056e-07  3.7191678207491922e-06
10.450000000000001  -1.5289956955711183e-07  3.7231274883540748e-06
10.46  -8.300191800038663e-08  3.72561397644841e-06
10.47  -1.3118783762320186e-08  3.726627207734439e-06
10.48  5.676205072730901e-08  3.7261671472693463e-06
10.49  1.2665282564591645e-07  3.724233811207215e-06
10.5  1.9656568381334206e-07  3.720827262898704e-06
10.51  2.6651255210283876e-07  3.7159475960436744e-06
10.52  3.3650502589085827e-07  3.709594905663162e-06
10.53  4.06554257778969e-07  3.7017692471526275e-06
10.540000000000001  4.766708522473459e-07  3.6924705846385386e-06
10.55  5.468647669264268e-07  3.6816987294133108e-06
10.56  6.171452220534996e-07  3.6694532697278406e-06
10.57  6.875206183261114e-07  3.65573349339051e-06
10.58  7.579984640834082e-07  3.6405383044743386e-06
10.59  8.285853117410154e-07  3.6238661357048244e-06
10.6  8.992867037413526e-07  3.605714857784528e-06
10.61  9.70107127620516e-07  3.586081687314088e-06
10.620000000000001  1.0410499799057323e-06  3.564963094431921e-06
10.63  1.112117538181746e-06  3.5423547114025277e-06
10.64  1.183310940545342e-06  3.5182512432192673e-06
10.65  1.254630171638473e-06  3.4926463811763152e-06
10.66  1.3260740542585212e-06  3.465532720016676e-06
10.67  1.3976402455752823e-06  3.436901679331774e-06
10.68  1.4693252367799057e-06  3.4067434296818046e-06
10.69  1.5411243552359579e-06  3.3750468234881705e-06
10.700000000000001  1.6130317680000107e-06  3.34179933103576e-06
10.71  1.6850404857473255e-06  3.306986981353366e-06
10.72  1.7571423661891402e-06  3.2705943079994306e-06
10.73  1.8293281159561029e-06  3.2326042994552923e-06
10.74  1.9015872903423078e-06  3.1929983537419077e-06
10.75  1.9739082899959936e-06  3.151756237049104e-06
10.76  2.0462783540045683e-06  3.1088560458424015e-06
10.77  2.118683548683865e-06  3.0642741720514106e-06
10.78  2.191108751642146e-06  3.01798527084429e-06
10.790000000000001  2.2635376305838246e-06  2.9699622306287605e-06
10.8  2.3359526164932635e-06  2.920176144674364e-06
10.81  2.4083348707586293e-06  2.868596284035176e-06
10.82  2.480664246058066e-06  2.815190071270963e-06
10.83  2.552919240536195e-06  2.759923054622567e-06
10.84  2.6250769451560165e-06  2.7027588822216595e-06
10.85  2.6971129838942675e-06  2.6436592759944175e-06
10.86  2.769001446563274e-06  2.582584004963796e-06
10.870000000000001  2.840714814015005e-06  2.519490857690354e-06
10.88  2.912223875498684e-06  2.4543356135345e-06
10.89  2.9834976378973646e-06  2.3870720126066608e-06
10.9  3.05450322653599e-06  2.3176517241849967e-06
10.91  3.12520577732028e-06  2.2460243134672896e-06
10.92  3.195568319818041e-06  2.1721372065168853e-06
10.93  3.265551650867579e-06  2.095935653357956e-06
10.94  3.3351141984162295e-06  2.0173626890652677e-06
10.950000000000001  3.4042118750086926e-06  1.936359092873177e-06
10.96  3.472797920494934e-06  1.8528633452638065e-06
10.97  3.540822733334779e-06  1.7668115830198544e-06
10.98  3.608233689984961e-06  1.6781375522810965e-06
10.99  3.6749749515496467e-06  1.5867725596723164e-06
11.0  3.740987257031766e-06  1.4926454215846345e-06
11.01  3.8062077023721146e-06  1.395682411648099e-06
11.02  3.870569504224696e-06  1.2958072065852869e-06
11.03  3.934001747696912e-06  1.192940830553938e-06
11.040000000000001  3.9964291167776336e-06  1.0870015981706697e-06
11.05  4.057771606415929e-06  9.779050564049996e-07
11.06  4.1179442148280455e-06  8.655639255857621e-07
11.07  4.176856614811076e-06  7.498880397948872e-07
11.08  4.2344128023675404e-06  6.307842869416308e-07
11.09  4.290510721147167e-06  5.081565489151346e-07
11.1  4.345041860719654e-06  3.819056422133989e-07
11.11  4.397890826977319e-06  2.5192925948911406e-07
11.120000000000001  4.4489348822995015e-06  1.1812191255516451e-07
11.13  4.498043453259287e-06  -1.9625122471472665e-08
11.14  4.545077603314679e-06  -1.6142385738015446e-07
11.15  4.589889467890691e-06  -3.073896405671787e-07
11.16  4.6323216486515296e-06  -4.5764120138223026e-07
11.17  4.6722065639165745e-06  -6.123006890926255e-07
11.18  4.709365751594967e-06  -7.714937054911369e-07
11.19  4.743609120797116e-06  -9.353493297573068e-07
11.200000000000001  4.774734147948872e-06  -1.1040001342848504e-06
11.21  4.8025250128579595e-06  -1.2775821898321069e-06
11.22  4.826751669703456e-06  -1.4562350581640983e-06
11.23  4.847168847509657e-06  -1.6401017702489297e-06
11.24  4.8635149742021575e-06  -1.8293287876644306e-06
11.25  4.875511017599399e-06  -2.0240659446672387e-06
11.26  4.88285923633667e-06  -2.2244663679692875e-06
11.27  4.885241832836218e-06  -2.4306863709852185e-06
11.28  4.882319499903817e-06  -2.6428853187859988e-06
11.290000000000001  4.873729851258358e-06  -2.8612254596973296e-06
11.3  4.8590857260855655e-06  -3.0858717185646657e-06
11.31  4.83797335590164e-06  -3.3169914465813546e-06
11.32  4.809950381568445e-06  -3.554754121498123e-06
11.33  4.774543706475183e-06  -3.7993309914332697e-06
11.34  4.731247170940815e-06  -4.05089465444668e-06
11.35  4.679519031124336e-06  -4.309618565427444e-06
11.36  4.618779223919271e-06  -4.575676460015287e-06
11.370000000000001  4.548406397617903e-06  -4.849241684730409e-06
11.38  4.467734685681214e-06  -5.130486420385747e-06
11.39  4.376050198792389e-06  -5.41958078455809e-06
11.4  4.272587207472003e-06  -5.71669179677271e-06
11.41  4.1565239844953064e-06  -6.0219821880374984e-06
11.42  4.026978273077235e-06  -6.335609033515384e-06
11.43  3.88300234275954e-06  -6.657722184891289e-06
11.44  3.723577590666088e-06  -6.988462475121505e-06
11.450000000000001  3.5476086410298296e-06  -7.327959664939839e-06
11.46  3.353916890183053e-06  -7.676330096124626e-06
11.47  3.14123343805445e-06  -8.033674011652457e-06
11.48  2.9081913401235536e-06  -8.400072497365249e-06
11.49  2.6533171058029315e-06  -8.775583993323345e-06
11.5  2.375021359966715e-06  -9.160240315757976e-06
11.51  2.0715885740549843e-06  -9.554042122068756e-06
11.52  1.7411657612098187e-06  -9.95695374166988e-06
11.53  1.3817500165144065e-06  -1.0368897284326863e-05
11.540000000000001  9.911747676800931e-07  -1.0789745924742224e-05
11.55  5.670945839411938e-07  -1.121931624729494e-05
11.56  1.0696837023424348e-07  -1.1657359517739395e-05
11.57  -3.919592496748239e-07  -1.210355172885085e-05
11.58  -9.326785846736628e-07  -1.2557482243953644e-05
11.59  -1.5184378174983527e-06  -1.301864083573512e-05
11.6  -2.1527685269986183e-06  -1.348640288685212e-05
11.61  -2.8395141253876615e-06  -1.3960012482880998e-05
11.620000000000001  -3.582861593626663e-06  -1.4438563086439055e-05
11.63  -4.3873769553615e-06  -1.4920975432865766e-05
11.64  -5.2580449976578125e-06  -1.5405972230716408e-05
11.65  -6.200313825065077e-06  -1.5892049184802417e-05
11.66  -7.220144926766082e-06  -1.6377441781614037e-05
11.67  -8.324069545611376e-06  -1.6860087186999283e-05
11.68  -9.519252267126301e-06  -1.7337580499616265e-05
11.69  -1.0813562899658464e-05  -1.7807124480029932e-05
11.700000000000001  -1.2215657898464333e-05  -1.8265471729156987e-05
11.71  -1.3735072803406702e-05  -1.8708858118923454e-05
11.72  -1.5382327418625513e-05  -1.9132926076662925e-05
11.73  -1.71690457724581e-05  -1.9532636087909076e-05
11.74  -1.9108093268584083e-05  -1.9902164503642604e-05
11.75  -2.121373388821005e-05  -2.0234785409073875e-05
11.76  -2.3501810845787775e-05  -2.0522733923927817e-05
11.77  -2.5989954758437083e-05  -2.0757047847008214e-05
11.78  -2.8697824188984625e-05  -2.0927384018834806e-05
11.790000000000001  -3.164738439819307e-05  -2.1021805140202597e-05
11.8  -3.486323133454774e-05  -2.1026532034381786e-05
11.81  -3.8372969354360837e-05  -2.092565545727684e-05
11.82  -4.220765296671325e-05  -2.070080051879479e-05
11.83  -4.6402305121881734e-05  -2.0330735555961738e-05
11.84  -5.099652731603739e-05  -1.9790915863428366e-05
11.85  -5.603522020490367e-05  -1.9052951009178244e-05
11.86  -6.156943767820224e-05  -1.8083982508882076e-05
11.870000000000001  -6.765740266630635e-05  -1.684595636697411e-05
11.88  -7.436571961372013e-05  -1.5294772385728333e-05
11.89  -8.177082692065498e-05  -1.3379289171058354e-05
11.9  -8.996074318958295e-05  -1.1040160415925588e-05
11.91  -9.903717441064007e-05  -8.20847433532818e-06
11.92  -0.00010911806604168512  -4.804164123826993e-06
11.93  -0.00012034070526586573  -7.341531354302853e-07
11.94  -0.00013286550579801948  4.1098056078669625e-06
11.950000000000001  -0.0001468806420776717  9.85363957973097e-06
11.96  -0.00016260774359731138  1.6643863035741596e-05
11.97  -0.00018030891611812646  2.4650926114168555e-05
11.98  -0.0002002954279936071  3.407304985336123e-05
11.99  -0.00022293849103926654  4.514058034930323e-05
12.0  -0.00024868268175684224  5.8120875429553616e-05
12.01  -0.00027806269701330556  7.332370195172208e-05
12.02  -0.0003117243268660401  9.110706313353054e-05
12.030000000000001  -0.00035045076634041477  0.00011188328150979558
12.040000000000001  -0.00039519568982461387  0.00013612501727572408
12.05  -0.00044712489052243815  0.00016437067960092767
12.06  -0.0005076687588162878  0.0001972283552484983
12.07  -0.0005785884535972192  0.00023537688526963416
12.08  -0.0006620593239355968  0.00027956199740036564
12.09  -0.0007607759731338296  0.0003305843525304051
12.1  -0.0008780843179754599  0.00038927485512409913
12.11  -0.0010181470517614817  0.00045645042852072743
12.120000000000001  -0.0011861499935646447  0.0005328404237946368
12.13  -0.0013885577438770454  0.0006189695964330823
12.14  -0.0016334275891374832  0.0007149777407624071
12.15  -0.00193079022861317  0.0008203481152806301
12.16  -0.0022931038611703107  0.0009335061360991788
12.17  -0.002735783247203953  0.0010512358336474033
12.18  -0.003277795696374814  0.0011678436976752498
12.19  -0.003942298788699719  0.0012739774898499257
12.200000000000001  -0.004757266117614269  0.0013549817467692054
12.21  -0.005756002114624233  0.0013886436821190524
12.22  -0.006977378133276525  0.0013421569738115311
12.23  -0.008465521007655692  0.0011681142406512015
12.24  -0.010268543098181702  0.0007993455331438801
12.25  -0.012435711423205882  0.00014247216575430564
12.26  -0.015012209931528554  -0.0009298233226793084
12.27  -0.01803036227354955  -0.0025875510152866604
12.280000000000001  -0.021495884366421643  -0.00505248061732985
12.290000000000001  -0.02536749701695716  -0.008606094519068082
12.3  -0.029528178115279108  -0.013593945387551258
12.31  -0.03374668111370507  -0.020422503596274972
12.32  -0.03762899655487559  -0.029542810415683775
12.33  -0.040561578838683755  -0.04141335253523966
12.34  -0.04165182636876191  -0.056433015124831024
12.35  -0.039676811980754643  -0.07483460577185748
12.36  -0.03305858302687344  -0.09653156881516067
12.370000000000001  -0.01989273311908635  -0.12091681331466818
12.38  0.00193554025932276  -0.14662481298918204
12.39  0.034510528051759325  -0.1712874257119384
12.4  0.07948918039494614  -0.19133956024937712
12.41  0.13753894432704725  -0.20195896443878325
12.42  0.207642710392083  -0.1972465187330971
12.43  0.28636579229867365  -0.1707561644953543
12.44  0.36725489897461056  -0.11645087862320794
12.450000000000001  0.4406067040461853  -0.030079441760976513
12.46  0.49387214005212227  0.0891640796872799
12.47  0.5129148851173371  0.2370014687176492
12.48  0.4841906061443923  0.40290755971651077
12.49  0.3976580978943829  0.569949956317227
12.5  0.24992152246134358  0.7160766135368873
12.51  0.04683117376665503  0.8170225069550838
12.52  -0.19533650285270446  0.8505641543950836
12.530000000000001  -0.45083471683604154  0.8013489697142655
12.540000000000001  -0.6877902094049371  0.6651411813209587
12.55  -0.8735178968334998  0.4512404952127625
12.56  -0.980718398294683  0.18215009238906077
12.57  -0.9930523608341941  -0.1097434013866592
12.58  -0.9086144518056316  -0.38786320687888043
12.59  -0.7403444412055572  -0.6181705892608305
12.6  -0.5132596558906289  -0.7752643003684615
12.61  -0.25928057630044565  -0.8463858823914715
12.620000000000001  -0.011040560252735228  -0.832510678599737
12.63  0.20377474144272212  -0.7465532931129574
12.64  0.36633240796444233  -0.6094680347772514
12.65  0.46820664062500916  -0.44544728850502074
12.66  0.5106800101824731  -0.27743179578064925
12.67  0.5024173263419037  -0.1238209910051113
12.68  0.4563785527442803  0.0032191569166859155
12.69  0.3867904964452877  0.09792415803138718
12.700000000000001  0.30675462431978834  0.15997005270995665
12.71  0.22675571822556037  0.19290631858744153
12.72  0.1540600353061854  0.20246643220072236
12.73  0.09281215445314145  0.19510113364144283
12.74  0.04456777664348221  0.1769121460223365
12.75  0.009012612290950735  0.1530203859584544
12.76  -0.015321309923069959  0.12730776317915832
12.77  -0.03045501990003993  0.10242767876868052
12.780000000000001  -0.038523967529981974  0.0799747208452501
12.790000000000001  -0.04150042527538048  0.06072273223759533
12.8  -0.041049616324785584  0.04486805477009585
12.81  -0.038482666664942135  0.03224158227621502
12.82  -0.03477079412432159  0.022474308503625737
12.83  -0.03059196053617367  0.015115000006358958
12.84  -0.02638961497450177  0.009706258501722506
12.85  -0.022430852987449235  0.0058282419715981635
12.86  -0.018857303755695824  0.0031194337839248456
12.870000000000001  -0.015726163050588184  0.0012824928959178144
12.88  -0.013041277296095853  8.134611585160792e-05
12.89  -0.010775468979294638  -0.0006661466020676462
12.9  -0.008885784514175162  -0.0010971490324747164
12.91  -0.007323371361609484  -0.0013127706044492712
12.92  -0.006039484425558005  -0.0013860911965673294
12.93  -0.004988829935101125  -0.0013689365885089758
12.94  -0.004131161290343723  -0.0012973530528226224
12.950000000000001  -0.003431785481392421  -0.0011958879115731656
12.96  -0.0028614341669487044  -0.001080851079451876
12.97  -0.0023957996018793993  -0.0009627480348616772
12.98  -0.002014925165664263  -0.0008480622232359151
12.99  -0.0017025641631099086  -0.0007405401467321704
13.0  -0.0014455701287191232  -0.0006421043397437168
13.01  -0.0012333497225490962  -0.0005534928081593826
13.02  -0.0010573897297345535  -0.00047470043837388785
13.030000000000001  -0.0009108584347695648  -0.0004052789752480217
13.040000000000001  -0.00078827573529974  -0.00034453725861374225
13.05  -0.0006852437367440172  -0.00029167197731671515
13.06  -0.0005982288697584706  -0.00024585062447305604
13.07  -0.0005243869258970919  -0.00020626201483814568
13.08  -0.0004614232729645688  -0.00017214512935877772
13.09  -0.00040748156969306113  -0.0001428037517426797
13.1  -0.0003610553692797644  -0.00011761201713534459
13.11  -0.00032091799020032765  -9.601434321396069e-05
13.120000000000001  -0.00028606690022074676  -7.752206385213748e-05
13.13  -0.00025567959535739216  -6.170829097409286e-05
13.14  -0.00022907856538676948  -4.8201986560203636e-05
13.15  -0.0002057034346818287  -3.6681858648652285e-05
13.16  -0.00018508876762004357  -2.6870448920163943e-05
13.17  -0.00016684634753652582  -1.852861712201324e-05
13.18  -0.00015065099180542674  -1.1450522574735553e-05
13.19  -0.00013622916584654196  -5.459136777762102e-06
13.200000000000001  -0.0001233498163879861  -4.02280863763588e-07
13.21  -0.00011181696799038833  3.850841462376026e-06
13.22  -0.00010146372380122311  7.412656837430942e-06
13.23  -9.214738748278071e-05  1.0379827237427474e-05
13.24  -8.374548278606534e-05  1.2835493829950658e-05
13.25  -7.615249391045831e-05  1.4851204437098183e-05
13.26  -6.927718640625882e-05  1.6488565974031474e-05
13.27  -6.304039714805616e-05  1.7800659208155638e-05
13.280000000000001  -5.7373204545585515e-05  1.883324900519637e-05
13.290000000000001  -5.221540800886794e-05  1.9625819166607894e-05
13.3  -4.751425978502457e-05  2.021245717412925e-05
13.31  -4.322340344965673e-05  2.0622610716550854e-05
13.32  -3.930198219842496e-05  2.0881734807209524e-05
13.33  -3.571388713649513e-05  2.1011845603881742e-05
13.34  -3.2427121390457155e-05  2.1031994695001102e-05
13.35  -2.941326036957713e-05  2.0958675586642522e-05
13.36  -2.6646992115317873e-05  2.0806172380984758e-05
13.370000000000001  -2.410572458476922e-05  2.058685914411084e-05
13.38  -2.1769249059633595e-05  2.0311457188022604e-05
13.39  -1.9619450771413516e-05  1.9989256407827995e-05
13.4  -1.7640059375110687e-05  1.9628305894282363e-05
13.41  -1.581643315942285e-05  1.9235578260241023e-05
13.42  -1.4135371907068648e-05  1.881711145713414e-05
13.43  -1.2584954159073424e-05  1.8378131295046784e-05
13.44  -1.1154395327662504e-05  1.7923157404460665e-05
13.450000000000001  -9.833923671381657e-06  1.7456094973351598e-05
13.46  -8.614671616950775e-06  1.6980314251076086e-05
13.47  -7.4885803023346675e-06  1.649871952007874e-05
13.48  -6.44831554040605e-06  1.601380898950505e-05
13.49  -5.487193672927468e-06  1.5527726855479883e-05
13.5  -4.599116011261041e-06  1.5042308594364471e-05
13.51  -3.7785107499524346e-06  1.4559120403805972e-05
13.52  -3.020281399419519e-06  1.407949357711008e-05
13.530000000000001  -2.319760918231481e-06  1.3604554486120028e-05
13.540000000000001  -1.6726708398585563e-06  1.313525075400992e-05
13.55  -1.075084785222215e-06  1.2672374118670969e-05
13.56  -5.233958343738265e-07  1.2216580418906478e-05
13.57  -1.4287300990447933e-08  1.17684070765682e-05
13.58  4.552934872070335e-07  1.1328288397193095e-05
13.59  8.881587473671136e-07  1.0896568968596604e-05
13.6  1.2869014414893747e-06  1.0473515399185e-05
13.61  1.6539143808951387e-06  1.0059326606171602e-05
13.620000000000001  1.9914074663881197e-06  9.654142835896952e-06
13.63  2.3014232668729793e-06  9.258053574652095e-06
13.64  2.5858511148429706e-06  8.871104488072209e-06
13.65  2.8464398759774297e-06  8.493303509153953e-06
13.66  3.0848095316460444e-06  8.124626179658017e-06
13.67  3.302461696920011e-06  7.765020336302528e-06
13.68  3.5007891830428936e-06  7.414410221737449e-06
13.69  3.681084700493903e-06  7.072700089877696e-06
13.700000000000001  3.844548788611944e-06  6.73977736699923e-06
13.71  3.992297047802132e-06  6.4155154219215835e-06
13.72  4.125366742496837e-06  6.099775992253086e-06
13.73  4.244722835393728e-06  5.792411307963225e-06
13.74  4.35126350722575e-06  5.493265948214636e-06
13.75  4.445825210610486e-06  5.202178463418908e-06
13.76  4.529187301467234e-06  4.918982790318155e-06
13.77  4.602076287000626e-06  4.643509484705938e-06
13.780000000000001  4.6651697253375985e-06  4.375586793421972e-06
13.790000000000001  4.719099808327417e-06  4.115041584646232e-06
13.8  4.764456655870499e-06  3.861700153360496e-06
13.81  4.801791347485839e-06  3.615388916755803e-06
13.82  4.831618714063287e-06  3.3759350126556887e-06
13.83  4.854419910822704e-06  3.1431668125080035e-06
13.84  4.870644790263794e-06  2.9169143591351272e-06
13.85  4.880714092235924e-06  2.6970097382594184e-06
13.86  4.885021466665597e-06  2.4832873917722337e-06
13.870000000000001  4.88393534300064e-06  2.275584379729515e-06
13.88  4.877800659089017e-06  2.0737405974156847e-06
13.89  4.8669404611206514e-06  1.8775989529235084e-06
13.9  4.851657385247529e-06  1.6870055100942858e-06
13.91  4.832235030454026e-06  1.5018096012691224e-06
13.92  4.808939231393681e-06  1.3218639135523812e-06
13.93  4.782019239280974e-06  1.1470245520471593e-06
13.94  4.751708818007413e-06  9.771510830668176e-07
13.950000000000001  4.718227262247454e-06  8.12106559901158e-07
13.96  4.6817803436364895e-06  6.517575336245577e-07
13.97  4.642561190497122e-06  4.95974050875395e-07
13.98  4.600751106295512e-06  3.446296405855793e-07
13.99  4.556520331526366e-06  1.976012912299393e-07
14.0  4.510028753296569e-06  5.476942004025321e-08
14.01  4.4614265663965946e-06  -8.39821645146367e-08
14.02  4.41085488976257e-06  -2.187663058236617e-07
14.030000000000001  4.358446341304658e-06  -3.4969254683103295e-07
14.040000000000001  4.304325574413711e-06  -4.76867181407927e-07
14.05  4.248609778770436e-06  -6.003933086623812e-07
14.06  4.191409148084902e-06  -7.203708894292384e-07
14.07  4.132827317115791e-06  -8.368968043715842e-07
14.08  4.072961770127667e-06  -9.50064913200258e-07
14.09  4.011904222857808e-06  -1.0599661143968808e-06
14.1  3.949740979740066e-06  -1.1666884051663678e-06
14.11  3.8865532681415e-06  -1.270316941178863e-06
14.120000000000001  3.822417551178699e-06  -1.37093409572538e-06
14.13  3.7574058204521125e-06  -1.4686195181462933e-06
14.14  3.6915858701172456e-06  -1.5634501910518899e-06
14.15  3.6250215534428243e-06  -1.6555004863778918e-06
14.16  3.557773022890249e-06  -1.7448422198878167e-06
14.17  3.48989695484464e-06  -1.8315447040878637e-06
14.18  3.421446759863416e-06  -1.915674799439689e-06
14.19  3.3524727792594434e-06  -1.9972969636842616e-06
14.200000000000001  3.2830224688723765e-06  -2.0764732992632606e-06
14.21  3.213140570658718e-06  -2.153263598776146e-06
14.22  3.1428692727736167e-06  -2.227725388395547e-06
14.23  3.0722483587173288e-06  -2.299913969299908e-06
14.24  3.0013153460760144e-06  -2.3698824570542416e-06
14.25  2.9301056152908214e-06  -2.437681819070855e-06
14.26  2.8586525289633026e-06  -2.503360910084197e-06
14.27  2.7869875419378922e-06  -2.56696650588703e-06
14.280000000000001  2.715140302675316e-06  -2.6285433352678493e-06
14.290000000000001  2.643138746112276e-06  -2.6881341104468815e-06
14.3  2.5710091783038376e-06  -2.745779556052506e-06
14.31  2.498776353146422e-06  -2.8015184369823627e-06
14.32  2.426463541426283e-06  -2.8553875852644716e-06
14.33  2.3540925924105504e-06  -2.907421926284075e-06
14.34  2.281683988301946e-06  -2.9576545046513054e-06
14.35  2.209256891685951e-06  -3.006116509969526e-06
14.36  2.13682918634991e-06  -3.0528373030028135e-06
14.370000000000001  2.064417511696388e-06  -3.0978444425082078e-06
14.38  1.9920372910399884e-06  -3.1411637132277177e-06
14.39  1.919702754186849e-06  -3.182819155476244e-06
14.4  1.847426954660416e-06  -3.2228330966999606e-06
14.41  1.7752217820287523e-06  -3.2612261856677083e-06
14.42  1.7030979698682278e-06  -3.2980174294823938e-06
14.43  1.6310650998739456e-06  -3.333224234085569e-06
14.44  1.5591316028656942e-06  -3.366862448559135e-06
14.450000000000001  1.487304757323345e-06  -3.398946413674206e-06
14.46  1.4155906862746986e-06  -3.4294890149251287e-06
14.47  1.3439943534471522e-06  -3.4585017403758022e-06
14.48  1.2725195595057223e-06  -3.485994743479422e-06
14.49  1.2011689395190289e-06  -3.5119769108530603e-06
14.5  1.1299439625317707e-06  -3.5364559350089327e-06
14.51  1.0588449344204967e-06  -3.559438391838425e-06
14.52  9.878710050559404e-07  -3.580929822349893e-06
14.530000000000001  9.170201807343279e-07  -3.6009348183369874e-06
14.540000000000001  8.462893429625222e-07  -3.6194571110939887e-06
14.55  7.75674274557105e-07  -3.6364996623984385e-06
14.56  7.051696935387984e-07  -3.652064756747265e-06
14.57  6.347692958500668e-07  -3.6661540936688367e-06
14.58  5.644658071073823e-07  -3.6787688788011862e-06
14.59  4.942510437716837e-07  -3.6899099124452653e-06
14.6  4.2411598360094526e-07  -3.699577674025458e-06
14.61  3.5405084554622933e-07  -3.707772401196762e-06
14.620000000000001  2.8404517821203245e-07  -3.714494161942166e-06
14.63  2.1408795659095432e-07  -3.7197429184475847e-06
14.64  1.4416768588785037e-07  -3.7235185812938577e-06
14.65  7.427251156154255e-08  -3.7258210533357554e-06
14.66  4.390333772659664e-09  -3.726650261627106e-06
14.67  -6.549107443087289e-08  -3.726006177358705e-06
14.68  -1.35383947541705e-07  -3.7238888230871722e-06
14.69  -2.0530040781692501e-07  -3.720298267126719e-06
14.700000000000001  -2.752523470277832e-07  -3.715234605214793e-06
14.71  -3.4525131114878503e-07  -3.7086979298596404e-06
14.72  -4.1530838999436915e-07  -3.7006882880983577e-06
14.73  -4.854341123970497e-07  -3.691205628510456e-06
14.74  -5.556383486955935e-07  -3.6802497384996124e-06
14.75  -6.259302210403566e-07  -3.6678201731784928e-06
14.76  -6.963180224853966e-07  -3.653916176978256e-06
14.77  -7.668091452016781e-07  -3.638536600033685e-06
14.780000000000001  -8.37410018271683e-07  -3.6216798097656847e-06
14.790000000000001  -9.081260546747077e-07  -3.6033436002062627e-06
14.8  -9.789616075356472e-07  -3.5835250998155514e-06
14.81  -1.0499199349981684e-06  -3.562220679042083e-06
14.82  -1.1210031733026344e-06  -3.5394258591875223e-06
14.83  -1.1922123171015773e-06  -3.5151352233213736e-06
14.84  -1.2635472062783325e-06  -3.489342330248571e-06
14.85  -1.3350065181473025e-06  -3.462039632122335e-06
14.86  -1.4065877641775848e-06  -3.433218396526951e-06
14.870000000000001  -1.4782872899933586e-06  -3.4028686330303463e-06
14.88  -1.5501002777869163e-06  -3.3709790248207183e-06
14.89  -1.6220207499368956e-06  -3.337536865259138e-06
14.9  -1.6940415729434395e-06  -3.302527999417094e-06
14.91  -1.7661544606489828e-06  -3.2659367704432618e-06
14.92  -1.838349975982623e-06  -3.2277459705337054e-06
14.93  -1.9106175302857286e-06  -3.1879367960661195e-06
14.94  -1.9829453795951784e-06  -3.1464888066715223e-06
14.950000000000001  -2.0553206172405114e-06  -3.103379887751765e-06
14.96  -2.1277291620514785e-06  -3.0585862160330536e-06
14.97  -2.2001557417984954e-06  -3.0120822276346305e-06
14.98  -2.2725838712757034e-06  -2.9638405882791894e-06
14.99  -2.3449958247828894e-06  -2.913832165088541e-06
15.0  -2.417372602522322e-06  -2.8620259996582702e-06
