t   Re(c(t))    Im(c(t))
0.0  1.0  0.0
0.01  0.956994314522484  0.2845933560581954
0.02  0.8322114162061061  0.5429641271272792
0.03  0.6378857406019076  0.7516267477795475
0.04  0.3929051421287513  0.8922513913809038
0.05  0.12074932296501845  0.9534868156700438
0.06  -0.1530373793526383  0.9319855387754125
0.07  -0.40353774888774724  0.832529879324734
0.08  -0.6090041368257937  0.6672685277655706
0.09  -0.7529650193284612  0.454180291006992
0.1  -0.8256716448919473  0.21497046898809888
0.11  -0.8247491130112814  -0.027335080574319714
0.12  -0.755017754905736  -0.25080939603049757
0.13  -0.6275514775129398  -0.43678216819763427
0.14  -0.4581266575474307  -0.5715077692758213
0.15  -0.2652777037791229  -0.64718824318625
0.16  -0.06820695195706035  -0.6622831405050612
0.17  0.11520484942307521  -0.621127455542308
0.18  0.27007294241930163  -0.5329587577881165
0.19  0.3857088957498791  -0.4105153630446221
0.2  0.45625813058610265  -0.2684028621877234
0.21  0.48076041399207264  -0.1214342474418465
0.22  0.4626879654434796  0.01686912808829809
0.23  0.40907080300912535  0.13546752651042035
0.24  0.3293545162015889  0.22658829696452243
0.25  0.23414943853315606  0.28606971787079105
0.26  0.13402300554649196  0.31328186680132064
0.27  0.0384624042219758  0.31068966400610654
0.28  -0.044902195048120236  0.2831557367231089
0.29  -0.11076621943669883  0.23709702180882875
0.3  -0.15630585052160204  0.17960925762221713
0.31  -0.18105128479775814  0.11765998393587858
0.32  -0.1865370052700489  0.05742711613007038
0.33  -0.1758039784261422  0.0038310798178785212
0.34  -0.15283313064224652  -0.039721599404402945
0.35000000000000003  -0.12198367432799831  -0.07139253583425453
0.36  -0.08749629753317235  -0.09079421013997474
0.37  -0.053102942878911465  -0.09874575696090389
0.38  -0.02176500294551446  -0.09695245899174314
0.39  0.004456985361609374  -0.08765851092993146
0.4  0.02441455294843054  -0.07331587069596522
0.41000000000000003  0.03778677238642875  -0.05630154062033086
0.42  0.044929313506370694  -0.03870345441847232
0.43  0.046687664293401855  -0.02218313224110197
0.44  0.04420249158284145  -0.007912852339063999
0.45  0.038729784849216936  0.003422789080979819
0.46  0.031491623966275466  0.01157598780217587
0.47000000000000003  0.023566301524697145  0.016652607898545814
0.48  0.01582005280471711  0.019013481004210016
0.49  0.008877445511434698  0.01917450008134501
0.5  0.003123887029092198  0.017716468340926588
0.51  -0.0012682338574072907  0.015211817261298975
0.52  -0.004298715436950655  0.012171601685745758
0.53  -0.006092267128096998  0.009013029786906422
0.54  -0.006851558679017159  0.006045430531246418
0.55  -0.006815494724724956  0.003471078033718213
0.56  -0.006225683792999821  0.0013966274233327873
0.5700000000000001  -0.005302328505580201  -0.0001490717397297185
0.58  -0.00422936854574864  -0.0011945194342981764
0.59  -0.0031477307127906226  -0.0018054124050971975
0.6  -0.0021549793403127216  -0.0020668396139883285
0.61  -0.0013094620716635522  -0.0020689992565481696
0.62  -0.0006371271342311181  -0.0018968646256378571
0.63  -0.00013945520764785155  -0.0016236576609213198
0.64  0.00019868696019993562  -0.0013076123776030284
0.65  0.00040207661247356494  -0.0009913114093429581
0.66  0.0004994971543524441  -0.0007028257197722694
0.67  0.0005195874073805288  -0.0004579400878970681
0.68  0.0004881175964263867  -0.00026286481774079676
0.6900000000000001  0.0004264947069049112  -0.00011698178467165984
0.7000000000000001  0.0003512315300385146  -1.5322864566374875e-05
0.71  0.0002740991362889613  4.938767147860147e-05
0.72  0.00020270510322981117  8.518841931559616e-05
0.73  0.00014128404973507038  9.981882943565716e-05
0.74  9.154005812007593e-05  0.00010007722153886855
0.75  5.343297005647904e-05  9.151264080765767e-05
0.76  2.5846311456691322e-05  7.83592561558729e-05
0.77  7.110702598969286e-06  6.362920171338807e-05
0.78  -4.6176965723561135e-06  4.9293903486137464e-05
0.79  -1.1108054647740578e-05  3.650075805384283e-05
0.8  -1.3911196803467316e-05  2.57885354713184e-05
0.81  -1.4295207491368755e-05  1.72792292469296e-05
0.8200000000000001  -1.3235683122445888e-05  1.0835400036640387e-05
0.8300000000000001  -1.1439766872138555e-05  6.180191320636081e-06
0.84  -9.387744417098256e-06  2.982425548008503e-06
0.85  -7.380613723117931e-06  9.120503160786278e-07
0.86  -5.586121328549482e-06  -3.2769267201026926e-07
0.87  -4.07902484020587e-06  -9.850765674926258e-07
0.88  -2.873742979507732e-06  -1.2561372976831412e-06
0.89  -1.9491646091430712e-06  -1.2878954647922732e-06
0.9  -1.2663468896359358e-06  -1.1852174879040799e-06
0.91  -7.803012256191714e-07  -1.019010930675142e-06
0.92  -4.4719702164469846e-07  -8.342995257933939e-07
0.93  -2.2823655075956464e-07  -6.573715380633675e-07
0.9400000000000001  -9.126847708034762e-08  -5.016521220010259e-07
0.9500000000000001  -1.0982201153007052e-08  -3.722458962401139e-07
0.96  3.16958625116315e-08  -2.692664125387873e-07
0.97  5.057565607065857e-08  -1.901500681719435e-07
0.98  5.527247489879603e-08  -1.3117391441732004e-07
0.99  5.221283762844811e-08  -8.838380063486704e-08
1.0  4.5498904752462975e-08  -5.810878445230357e-08
1.01  3.7605257783588754e-08  -3.7201337974039345e-08
1.02  2.991266788071208e-08  -2.310758051852179e-08
1.03  2.3099301206020787e-08  -1.384119384250106e-08
1.04  1.7415817773980928e-08  -7.91019036289765e-09
1.05  1.2870956667313302e-08  -4.227296083879965e-09
1.06  9.35124552516982e-09  -2.0216381065615526e-09
1.07  6.694255972750111e-09  -7.606612813240213e-10
1.08  4.730451643536144e-09  -8.568405639562097e-11
1.09  3.304731426946526e-09  2.3869639217883484e-10
1.1  2.2855074821417855e-09  3.627844813465137e-10
1.11  1.5666214884145615e-09  3.796514679223933e-10
1.12  1.0655294936164352e-09  3.4487736738833006e-10
1.1300000000000001  7.198632283632678e-10  2.9015790482376486e-10
1.1400000000000001  4.8358199217629e-10  2.3243635014687556e-10
1.1500000000000001  3.233522245767311e-10  1.7987003651902248e-10
1.16  2.154367621754501e-10  1.3562017924180733e-10
1.17  1.431724997356539e-10  1.0018499719106751e-10
1.18  9.500729678792077e-11  7.278431726237405e-11
1.19  6.30192955365536e-11  5.214381181974677e-11
1.2  4.18276061917932e-11  3.6911207392429744e-11
1.21  2.7807347153111702e-11  2.585501328541004e-11
1.22  1.8533782674251783e-11  1.7940620277509144e-11
1.23  1.239440708829143e-11  1.2341863618893208e-11
1.24  8.321990846329566e-12  8.421847189183076e-12
1.25  5.6126609810439456e-12  5.70232753015653e-12
1.26  3.803245865036468e-12  3.831366297457211e-12
1.27  2.5893438448521446e-12  2.554162594899201e-12
1.28  1.7708262242135038e-12  1.6887720550245802e-12
1.29  1.2159521375817718e-12  1.1067070080613209e-12
1.3  8.377954269549853e-13  7.181017448582561e-13
1.31  5.787528114175154e-13  4.606746627869497e-13
1.32  4.004683337832718e-13  2.9157045971829217e-13
1.33  2.772841087891939e-13  1.8151360563844886e-13
1.34  1.919135011221547e-13  1.1065550689371074e-13
1.35  1.3261841011058794e-13  6.56094192408651e-14
1.36  9.13981393833819e-14  3.740658052376201e-14
1.37  6.276551502937585e-14  2.0093800604805693e-14
1.3800000000000001  4.289915550702457e-14  9.748220511509567e-15
1.3900000000000001  2.9162427390137456e-14  3.788195850847898e-15
1.4000000000000001  1.9696104410734114e-14  5.406047874799859e-16
1.41  1.3217482650059403e-14  -1.0559764077189323e-15
1.42  8.796266955855288e-15  -1.6761864887849333e-15
1.43  5.8022643179856174e-15  -1.758061517461504e-15
1.44  3.7862533918987146e-15  -1.5640207640274548e-15
1.45  2.417939763506555e-15  -1.2481396811909436e-15
1.46  1.491818292053151e-15  -9.127550760042674e-16
1.47  8.595582840795473e-16  -6.014927035571901e-16
1.48  4.1783977486610027e-16  -3.509575948576057e-16
1.49  1.0561338038347661e-16  -1.692810429554146e-16
1.5  -1.1123524496147948e-16  -5.124714615282973e-17
1.51  -2.651255109510519e-16  8.205591520066526e-20
1.52  -3.6726488382951736e-16  -4.657813850995653e-18
1.53  -4.229568118351542e-16  -5.1729539460562554e-17
1.54  -4.340569347142792e-16  -1.2556650718973963e-16
1.55  -3.98936154430389e-16  -2.09862710456282e-16
1.56  -3.339511427195935e-16  -2.907818777720046e-16
1.57  -2.3958669736320937e-16  -3.6084744549424813e-16
1.58  -1.182232651720093e-16  -4.0116893588840417e-16
1.59  3.143820893280629e-18  -4.0983360573237717e-16
1.6  1.3023210474445515e-16  -3.832601283678374e-16
1.61  2.3482770217010693e-16  -3.27958528827744e-16
1.62  3.1671654600288097e-16  -2.312871907937335e-16
1.6300000000000001  3.5977538989794106e-16  -1.2056705454996697e-16
1.6400000000000001  3.678921571432208e-16  -9.188512517928182e-18
1.6500000000000001  3.4120624564179767e-16  9.877714023703552e-17
1.6600000000000001  2.835289992304059e-16  1.8438429721711997e-16
1.67  2.007170930097985e-16  2.417496212092929e-16
1.68  1.066692015285709e-16  2.7292782330874437e-16
1.69  9.141975354378055e-18  2.650552785068015e-16
1.7  -6.501676950237819e-17  2.3746128489020543e-16
1.71  -1.2410882249697307e-16  1.8406047658156407e-16
1.72  -1.5485740592843884e-16  1.2132101729442086e-16
1.73  -1.5646550405555307e-16  6.093275065670128e-17
1.74  -1.3129525243009627e-16  -1.5406184201147325e-18
1.75  -9.361953733653909e-17  -4.140561709171278e-17
1.76  -4.802008063470518e-17  -5.761019273306981e-17
1.77  -2.2605858340223844e-18  -5.4880938197951386e-17
1.78  3.5013865932991415e-17  -1.3857646337637661e-17
1.79  3.7231607177916274e-17  2.5716563646278046e-17
1.8  2.4438996858375996e-17  6.695017418676684e-17
1.81  -4.858700056383895e-18  1.1298752192724124e-16
1.82  -5.862763106059506e-17  1.3514371986000224e-16
1.83  -1.2729218280233205e-16  1.3039328537991047e-16
1.84  -1.912397026388187e-16  1.0024348424910912e-16
1.85  -2.348773769017488e-16  3.681055999111175e-17
1.86  -2.6332149610676414e-16  -4.367972787679606e-17
1.87  -2.6168857116872837e-16  -1.5258877509679896e-16
1.8800000000000001  -2.244270401231841e-16  -2.4476988198356166e-16
1.8900000000000001  -1.456700059235852e-16  -3.315409953034801e-16
1.9000000000000001  -4.290602976241222e-17  -3.901201165026155e-16
1.9100000000000001  7.897491467525337e-17  -4.069891005872475e-16
1.92  2.0912480527035886e-16  -3.8964102631852467e-16
1.93  3.460569878781998e-16  -3.2389178830157547e-16
1.94  4.496889699160965e-16  -2.107614564789759e-16
1.95  5.175530479650584e-16  -6.098335916736409e-17
1.96  5.220677124077901e-16  1.0790827848939121e-16
1.97  4.779200070989462e-16  2.793537604858159e-16
1.98  3.8429844280774207e-16  4.2988297133358844e-16
1.99  2.329911076430268e-16  5.376271435689205e-16
2.0  6.317162422699253e-17  5.978495658795924e-16
2.0100000000000002  -1.216768851062278e-16  6.183660683392058e-16
2.02  -2.9641149518006336e-16  5.870768085739359e-16
2.0300000000000002  -4.784938937518346e-16  4.833288776267206e-16
2.04  -6.284986046250536e-16  3.1623030895479086e-16
2.05  -7.21245388143268e-16  1.2612060359744828e-16
2.06  -7.460859246540817e-16  -7.943524511097363e-17
2.07  -6.958717774607385e-16  -3.137833783010668e-16
2.08  -5.683086687734423e-16  -5.291074733159997e-16
2.09  -3.9177717882966637e-16  -6.595952289799051e-16
2.1  -1.8149484550675309e-16  -7.23977208108162e-16
2.11  5.411371589622394e-17  -7.729817526350593e-16
2.12  2.844531317974095e-16  -7.037534618769286e-16
2.13  5.139257245202042e-16  -5.566367838696204e-16
2.14  6.6881300549683275e-16  -3.730986631116472e-16
2.15  7.897004650777021e-16  -1.5775367975773912e-16
2.16  8.17450242942651e-16  7.902743269624711e-17
2.17  7.754828350472845e-16  3.087768062831232e-16
2.18  6.495498286686769e-16  5.22285449400999e-16
2.19  4.791540968826336e-16  6.919115854573879e-16
2.2  2.655006450612449e-16  7.959032150526884e-16
2.21  8.92237755670545e-18  8.334486180993362e-16
2.22  -2.4929460177288296e-16  7.885650374643477e-16
2.23  -4.614037032702355e-16  6.87848855729965e-16
2.24  -6.447342747685211e-16  5.191359398139399e-16
2.25  -7.675655876016214e-16  3.022118390049858e-16
2.2600000000000002  -8.264690914458649e-16  3.568166023272626e-17
2.27  -8.049515963146998e-16  -2.0764684439250113e-16
2.2800000000000002  -7.010959639141742e-16  -4.303509849542619e-16
2.29  -5.399369687064872e-16  -6.079149218120558e-16
2.3000000000000003  -3.252900191487387e-16  -7.430645595066467e-16
2.31  -8.505903588001003e-17  -7.987695255099165e-16
2.32  1.4228783267245304e-16  -7.813631474980992e-16
2.33  3.5463892830836054e-16  -7.00509359952794e-16
2.34  5.26828531181625e-16  -5.596107088444082e-16
2.35  6.505177858061797e-16  -3.716791831923373e-16
2.36  6.978004704471353e-16  -1.7097899471995132e-16
2.37  6.973056946348768e-16  2.031701838708937e-17
2.38  6.518938653237033e-16  2.1118037513159232e-16
2.39  5.661692666575913e-16  3.7806911799748133e-16
2.4  4.368360329825593e-16  5.154073080656478e-16
2.41  2.692360516403441e-16  5.978095604520325e-16
2.42  9.368912885282872e-17  6.380650296725281e-16
2.43  -7.949815896309419e-17  6.338070591068803e-16
2.44  -2.4829337121538663e-16  5.859410903204123e-16
2.45  -3.907989277568862e-16  4.880650802379234e-16
2.46  -4.993976961392908e-16  3.61653971127779e-16
2.47  -5.722664608923421e-16  2.1420023907590264e-16
2.48  -6.060172878435037e-16  5.872953562072605e-17
2.49  -5.976441743864367e-16  -9.917439708147049e-17
2.5  -5.495126791622972e-16  -2.5208385017147553e-16
2.5100000000000002  -4.593476591279715e-16  -3.8212146673986597e-16
2.52  -3.3663836557672534e-16  -4.841522201307072e-16
2.5300000000000002  -2.014916592799422e-16  -5.571451884211415e-16
2.54  -5.410873957081345e-17  -5.855052183102792e-16
2.5500000000000003  1.0348205471214617e-16  -5.669825871442982e-16
2.56  2.5078397518000123e-16  -5.118951038081828e-16
2.57  3.761613881432197e-16  -4.2757831642195585e-16
2.58  4.762563544810489e-16  -3.1301672268205145e-16
2.59  5.392112461702867e-16  -1.739360600045634e-16
2.6  5.672372094571539e-16  -3.278256396392529e-17
2.61  5.651442393561374e-16  1.1074293528193562e-16
2.62  5.182843368234211e-16  2.4968866966737238e-16
2.63  4.3410454996290807e-16  3.588332107505788e-16
2.64  3.1918139545820235e-16  4.2673660105189354e-16
2.65  1.7911093005676184e-16  4.586720280276668e-16
2.66  2.5740697296821945e-17  4.3051031273350767e-16
2.67  -1.3901511761948164e-16  3.463701774577478e-16
2.68  -3.2192020725081016e-16  1.992886599756364e-16
2.69  -5.13005464919978e-16  -1.780884876833766e-17
2.7  -7.227083688867997e-16  -3.068847157096824e-16
2.71  -9.840340841429253e-16  -6.462690495096069e-16
2.72  -1.3491853994679072e-15  -1.0270952945665347e-15
2.73  -1.888169271040042e-15  -1.432979282845695e-15
2.74  -2.7078464340307888e-15  -1.8185835513274346e-15
2.75  -3.998455674619815e-15  -2.132109276067052e-15
2.7600000000000002  -5.978317369277543e-15  -2.2725413190242337e-15
2.77  -8.994366607672104e-15  -2.0799572032638797e-15
2.7800000000000002  -1.3536589964440214e-14  -1.257566771307605e-15
2.79  -2.0269431611053064e-14  6.142850058802584e-16
2.8000000000000003  -3.01551582109513e-14  4.2601957398395615e-15
2.81  -4.454692237695594e-14  1.0784924208683163e-14
2.82  -6.538356183602401e-14  2.195052096189275e-14
2.83  -9.541934956300912e-14  4.046752068089233e-14
2.84  -1.3863653173223155e-13  7.046336639726317e-14
2.85  -2.0077676642172185e-13  1.1821295682210477e-13
2.86  -2.9024002835122607e-13  1.9313859573238988e-13
2.87  -4.193148857437663e-13  3.0930954161454844e-13
2.88  -6.061576520678961e-13  4.87585667132933e-13
2.89  -8.777397673691011e-13  7.586645137413367e-13
2.9  -1.2743776560598358e-12  1.1674962775721685e-12
2.91  -1.856709371347648e-12  1.7793001939292058e-12
2.92  -2.7162856803732686e-12  2.6880998202035538e-12
2.93  -3.991898944226133e-12  4.028171961907199e-12
2.94  -5.89442823894584e-12  5.989433232053943e-12
2.95  -8.7446615624604e-12  8.837338527536037e-12
2.96  -1.3030668837571292e-11  1.2937920877579922e-11
2.97  -1.9494014671931335e-11  1.8787476330741312e-11
2.98  -2.9258642980475936e-11  2.7044977894948846e-11
2.99  -4.4021806617118066e-11  3.856197479903607e-11
3.0  -6.633404282998261e-11  5.439920189001771e-11
3.0100000000000002  -1.0000513932455255e-10  7.580924264150046e-11
3.02  -1.5068499427069841e-10  1.0414885624381962e-10
3.0300000000000002  -2.2668223834644803e-10  1.4065919742549902e-10
3.04  -3.400974753227279e-10  1.8601329939512157e-10
3.0500000000000003  -5.083592690264748e-10  2.394715010925654e-10
3.06  -7.562535046581041e-10  2.974002837018345e-10
3.0700000000000003  -1.1185191603432985e-09  3.507887247354453e-10
3.08  -1.643029975758041e-09  3.812310873456382e-10
3.09  -2.394464429801048e-09  3.5462516921737716e-10
3.1  -3.458146819274456e-09  2.1156000343027038e-10
3.11  -4.9433642985973055e-09  -1.4695932501978034e-10
3.12  -6.984853741075403e-09  -8.80153757164304e-10
3.13  -9.740210981964578e-09  -2.2365022221989764e-09
3.14  -1.3379590852770536e-08  -4.5933646709520595e-09
3.15  -1.806211602271261e-08  -8.509250729517339e-09
3.16  -2.3890787485232605e-08  -1.4790026782199734e-08
3.17  -3.083433624425577e-08  -2.4568550723665343e-08
3.18  -3.8600438194316474e-08  -3.939377932193466e-08
3.19  -4.644031846645899e-08  -6.131952758967304e-08
3.2  -5.286063967692718e-08  -9.297381489037913e-08
3.21  -5.521588228146937e-08  -1.3757604772620092e-07
3.22  -4.915512123638459e-08  -1.9885015198764876e-07
3.23  -2.7904096837652746e-08  -2.8075650080261315e-07
3.24  1.8619139035161116e-08  -3.8693420819571e-07
3.25  1.0482360622641262e-07  -5.197096661080066e-07
3.2600000000000002  2.5051312826322343e-07  -6.784910733772728e-07
3.27  4.818312860669365e-07  -8.573396384911671e-07
3.2800000000000002  8.317924704132034e-07  -1.0414984042867635e-06
3.29  1.3399485405207478e-06  -1.2026874568167273e-06
3.3000000000000003  2.0505435834178307e-06  -1.29306454380674e-06
3.31  3.0082860056317833e-06  -1.2379342007423924e-06
3.3200000000000003  4.250643891394425e-06  -9.276022785395933e-07
3.33  5.795393048410798e-06  -2.0925227592885783e-07
3.34  7.622090391207163e-06  1.1196067877633505e-06
3.35  9.646311147549778e-06  3.313696089753158e-06
3.36  1.168600938277051e-05  6.675053532244155e-06
3.37  1.342039269868812e-05  1.1536044649844958e-05
3.38  1.4343404115517188e-05  1.8224640330583455e-05
3.39  1.3716411798940715e-05  2.700560637296384e-05
3.4  1.0528082323301277e-05  3.799129442244713e-05
3.41  3.4735809182871074e-06  5.101701343249436e-05
3.42  -9.030085612310117e-06  6.54790847515337e-05
3.43  -2.8771174741755756e-05  8.013925063511795e-05
3.44  -5.758779200731448e-05  9.290762753091442e-05
3.45  -9.710380752498611e-05  0.00010062811834236627
3.46  -0.00014833291290721005  9.890488273389562e-05
3.47  -0.00021113670689485955  8.202513236673964e-05
3.48  -0.00028353991715565646  4.3050197306801597e-05
3.49  -0.0003609328396847388  -2.5839658418465936e-05
3.5  -0.00043522846620611653  -0.00013265521801208562
3.5100000000000002  -0.0004940885888744591  -0.000284478707430954
3.52  -0.00052038604955309  -0.00048585643419853266
3.5300000000000002  -0.0004921228186906062  -0.0007366966604016727
3.54  -0.00038306587835524783  -0.0010297460350143603
3.5500000000000003  -0.0001643817180063523  -0.0013478283599108805
3.56  0.00019247013598631095  -0.00166116577303163
3.5700000000000003  0.0007114002887991989  -0.0019252532840096797
3.58  0.0014058714983085326  -0.002079903219695968
3.59  0.0022717870478911307  -0.0020501879047648357
3.6  0.0032795755125142713  -0.001750050510401297
3.61  0.004366324969157602  -0.0010892847204906375
3.62  0.005429207578708517  1.5635809828859393e-05
3.63  0.006321791800180009  0.0016267975383971681
3.64  0.006855088309769839  0.0037666680935881276
3.65  0.0068052270155003515  0.006397775187801375
3.66  0.005929423107661067  0.009402401757616655
3.67  0.003991279128792242  0.01256535121937516
3.68  0.0007954393894762324  0.015563599919833372
3.69  -0.003769831033564935  0.01796710290416533
3.7  -0.009685346960931158  0.019254955830577958
3.71  -0.016754126620290778  0.01885035523271915
3.72  -0.024561920934224987  0.016176207808277453
3.73  -0.032453531864765746  0.010730777673098066
3.74  -0.03953387772791404  0.002179524260897857
3.75  -0.04470213223616408  -0.00954446625373285
3.7600000000000002  -0.04672512238609552  -0.02414287984721277
3.77  -0.04435236740771212  -0.04087213720955167
3.7800000000000002  -0.03646975621819703  -0.05849774671517162
3.79  -0.022282262647177087  -0.07530003632889841
3.8000000000000003  -0.0015089689277316643  -0.08914586980480552
3.81  0.025433017617327216  -0.09763564923805691
3.8200000000000003  0.05728422925713844  -0.09832667928086498
3.83  0.09186874229964265  -0.08902329259229382
3.84  0.1261191651346006  -0.06811201471057074
3.85  0.15622296831717733  -0.03490798386431227
3.86  0.17790085760720434  0.010031280062875535
3.87  0.18681190854796306  0.06467480175572089
3.88  0.17906116177744444  0.12542007308490538
3.89  0.1517655188096657  0.18717124047277034
3.9  0.10361590759937794  0.24362193052097858
3.91  0.035360942280677155  0.2877488733317813
3.92  -0.049867321336270184  0.3124947574640405
3.93  -0.1464590938688522  0.31158855374060934
3.94  -0.24652011018483427  0.28042290256905256
3.95  -0.3403798246314739  0.21688562111239468
3.96  -0.4174042250922632  0.12203039268474954
3.97  -0.4670602258278609  0.000473850678751519
3.98  -0.48013629710963013  -0.13957539579705905
3.99  -0.44998835725843933  -0.2867158248897181
4.0  -0.37365719445239537  -0.4271922299627233
4.01  -0.25269897612465236  -0.5461306851839919
4.0200000000000005  -0.09358692751094322  -0.6290667407171658
4.03  0.0924195573025644  -0.6636128278040234
4.04  0.28998502833037304  -0.6410741137487079
4.05  0.4809639029790132  -0.5578070710992398
4.0600000000000005  0.6461242366458548  -0.41612637591603985
4.07  0.7671624377691754  -0.22460458709280165
4.08  0.8287889760822975  0.002327389339799682
4.09  0.8206368974409873  0.24548944129297287
4.1  0.7387476148993827  0.48269161631155977
4.11  0.5864240670883257  0.6909382805939474
4.12  0.37430736371783135  0.8488615512721861
4.13  0.11962233938468159  0.9391051307356236
4.14  -0.1553609281984271  0.9503706538958343
4.15  -0.42550194096900723  0.8788670642757561
4.16  -0.6653674657184028  0.7289672461998274
4.17  -0.8519200225780245  0.5129679064397572
4.18  -0.9670026871532938  0.24995699839192223
4.19  -0.9993235399838337  -0.036096420293089806
4.2  -0.9456996906910033  -0.31881703983998083
4.21  -0.8114091883338901  -0.5721781165333651
4.22  -0.6096077574928659  -0.773215674531341
4.23  -0.3598816941890617  -0.9043867158987724
4.24  -0.0861131020312435  -0.9553015890569617
4.25  0.18608498162310852  -0.9236401679146118
4.26  0.432058662217738  -0.8151639700471276
4.2700000000000005  0.6306158768124788  -0.6428477750914727
4.28  0.7660611583117931  -0.4252597337792501
4.29  0.8295483148537596  -0.18440465045496968
4.3  0.8196276095568694  0.056699498798569184
4.3100000000000005  0.7419662256982551  0.27642270397057794
4.32  0.6083205411970392  0.4566306840616638
4.33  0.4349231200702172  0.5842791373757389
4.34  0.24050625876420983  0.6523495156961092
4.3500000000000005  0.04421136578648968  0.6600695027017713
4.36  -0.13637197388612338  0.6124501696580948
4.37  -0.28682853588098073  0.5192496946725689
4.38  -0.3970508153686557  0.39353138856473
4.39  -0.4618037513505058  0.2500158432095828
4.4  -0.48071569538993314  0.10343153762929501
4.41  -0.4577580389639658  -0.03295271727801125
4.42  -0.4003287087981582  -0.1484712692867059
4.43  -0.31808764192504335  -0.2357927647760093
4.44  -0.22170341365529309  -0.2912090735943148
4.45  -0.12166058201939581  -0.31450708915580494
4.46  -0.02725079561413589  -0.3084934440731563
4.47  0.054167186253689895  -0.2782727263601116
4.48  0.11759638601883522  -0.2303939906782933
4.49  0.16051916792556686  -0.17197871219639269
4.5  0.18273898486845638  -0.10992831965628114
4.51  0.18600786093225402  -0.05028494856870015
4.5200000000000005  0.17351569640558268  0.002210390936100421
4.53  0.14932054402384282  0.04434796148785828
4.54  0.11779209942004372  0.07448007892320085
4.55  0.08312632863954679  0.09238534828891387
4.5600000000000005  0.048970499526731416  0.09901211226162156
4.57  0.018177989320722506  0.0961519888764344
4.58  -0.007306196028668378  0.08609249204323127
4.59  -0.026443228977193173  0.07129040558990549
4.6000000000000005  -0.039005967198958144  0.05409678559535969
4.61  -0.045421882257361136  0.03655222376386706
4.62  -0.04658385803003275  0.02025912161271844
4.63  -0.04365629073074732  0.006327588127618109
4.64  -0.03789833921110452  -0.004615947310762141
4.65  -0.03051927328390043  -0.012372871791331917
4.66  -0.022573790771598462  -0.017086441158373395
4.67  -0.014898827241903188  -0.019142205312694883
4.68  -0.008088370296779461  -0.019068798712382505
4.69  -0.0024994051282787844  -0.017449586894756636
4.7  0.001719624742096461  -0.014851802195820444
4.71  0.004586754759230321  -0.011776146210267626
4.72  0.0062389300471536995  -0.008626776122016766
4.73  0.006885479661611592  -0.005699344621688175
4.74  0.006767290767655323  -0.003183387275856589
4.75  0.006124419747038889  -0.0011747800267630152
4.76  0.00517317149547019  0.00030592735673694174
4.7700000000000005  0.004092332992228227  0.0012929501763460675
4.78  0.003017323326731451  0.001855316204166679
4.79  0.0020405103737215656  0.0020794536652988696
4.8  0.0012157858663028557  0.0020553916192191895
4.8100000000000005  0.0005656001145445279  0.0018669186928240344
4.82  8.894131554589554e-05  0.0015855015366014842
4.83  -0.00023088497182878186  0.0012674111601730194
4.84  -0.0004194344846153696  0.0009533265509864112
4.8500000000000005  -0.00050566889186862  0.0006696472676718614
4.86  -0.0005179900914437271  0.00043080955575379773
4.87  -0.00048168254545768167  0.000242023898551517
4.88  -0.00041755427639233273  0.00010200118729401732
4.89  -0.00034150642077842723  5.383419582823393e-06
4.9  -0.00026475220758702167  -5.527456005451169e-05
4.91  -0.0001944323224390965  -8.802267538121216e-05
4.92  -0.00013441957928755755  -0.00010051018880252762
4.93  -8.615921590441109e-05  -9.939038115636063e-05
4.94  -4.944296675480696e-05  -9.004763975475018e-05
4.95  -2.305974026115346e-05  -7.655600052759634e-05
4.96  -5.300530085570959e-06  -6.178653154950437e-05
4.97  5.680383003265425e-06  -4.7595628311335923e-05
4.98  1.1630871359688026e-05  -3.5043214847000626e-05
4.99  1.4068619313808056e-05  -2.4606159255155736e-05
5.0  1.4224835772557371e-05  -1.6366215439494876e-05
5.01  1.3039775863686559e-05  -1.016272531323701e-05
5.0200000000000005  1.118975779339322e-05  -5.708062233691364e-06
5.03  9.13004756753945e-06  -2.6686986855689763e-06
5.04  7.142572238065813e-06  -7.173891113676576e-07
5.05  5.381409325461785e-06  4.3711531427805633e-07
5.0600000000000005  3.912158847149466e-06  1.0365868993729302e-06
5.07  2.7436012047510357e-06  1.2706610336253438e-06
5.08  1.8515644610792363e-06  1.2806723835432018e-06
5.09  1.1958131649136796e-06  1.1667893250960778e-06
5.1000000000000005  7.311893007191291e-07  9.962585038754526e-07
5.11  4.143348466812786e-07  8.113970787751014e-07
5.12  2.072303050392438e-07  6.365933315585643e-07
5.13  7.858963717577731e-08  4.840113213178183e-07
5.14  3.925264472747499e-09  3.5797317635936336e-07
5.15  -3.5121690662154926e-08  2.5815001315198684e-07
5.16  -5.1778968038378374e-08  1.817644315066455e-07
5.17  -5.5210998879349474e-08  1.250239025077155e-07
5.18  -5.151007706442736e-08  8.39883453331225e-08
5.19  -4.45404609278591e-08  5.504341618037825e-08
5.2  -3.6614093828010936e-08  3.511446831993969e-08
5.21  -2.9005249259399946e-08  2.172129088079531e-08
5.22  -2.2325742103909308e-08  1.2943881403602979e-08
5.23  -1.678743326656409e-08  7.345801463251188e-09
5.24  -1.2378374695763874e-08  3.883972285939481e-09
5.25  -8.975746438872402e-09  1.821292277739864e-09
5.26  -6.414453167170367e-09  6.501553204768856e-10
5.2700000000000005  -4.525903214611033e-09  2.9770930307840394e-11
5.28  -3.1576251600035564e-09  -2.62780439632761e-10
5.29  -2.181205838718664e-09  -3.6931860814021016e-10
5.3  -1.4935848849684342e-09  -3.7729660404462956e-10
5.3100000000000005  -1.0149435279158939e-09  -3.3867371959890876e-10
5.32  -6.851628784407914e-10  -2.828799466931135e-10
5.33  -4.599785337344529e-10  -2.2548799257847844e-10
5.34  -3.074136577140432e-10  -1.738598224315068e-10
5.3500000000000005  -2.047405231840891e-10  -1.30720083462567e-10
5.36  -1.3603098819255123e-10  -9.63467707601552e-11
5.37  -9.025834092386821e-11  -6.986450910309155e-11
5.38  -5.98706094007785e-11  -4.9972155137527145e-11
5.39  -3.974374324864042e-11  -3.532486165156683e-11
5.4  -2.6429195629386745e-11  -2.4713342954470488e-11
5.41  -1.7621972645189282e-11  -1.7129267094482948e-11
5.42  -1.179023328742722e-11  -1.1771497568246966e-11
5.43  -7.9206493865736e-12  -8.024762049887653e-12
5.44  -5.345118434050532e-12  -5.4282683031201605e-12
5.45  -3.6241233761660125e-12  -3.643719169502461e-12
5.46  -2.4688161270974378e-12  -2.4266652143910353e-12
5.47  -1.6892972369097377e-12  -1.602782744444746e-12
5.48  -1.1605001782525207e-12  -1.0491356535364833e-12
5.49  -7.998620979241737e-13  -6.798593867421078e-13
5.5  -5.526588891447698e-13  -4.3545111250671434e-13
5.51  -3.8243580198042476e-13  -2.750733048720615e-13
5.5200000000000005  -2.647738129040866e-13  -1.7082074261813975e-13
5.53  -1.8321297657996506e-13  -1.0378707309856854e-13
5.54  -1.2656749606463773e-13  -6.122170060431636e-14
5.55  -8.720271515360821e-14  -3.463606452508195e-14
5.5600000000000005  -5.986839941142656e-14  -1.8356345448975532e-14
5.57  -4.093483213682267e-14  -8.667181717419586e-15
5.58  -2.785896844277402e-14  -3.1132286751076737e-15
5.59  -1.8875498689289582e-14  -1.3088995684188258e-16
5.6000000000000005  -1.2737585719415358e-14  1.2897435377826085e-15
5.61  -8.571753946430392e-15  1.7875432650973885e-15
5.62  -5.754692572695806e-15  1.7759219290579288e-15
5.63  -3.841582991765129e-15  1.5070364820593616e-15
5.64  -2.5495879229060915e-15  1.1180196169932352e-15
5.65  -1.6559074156195455e-15  7.136254470591188e-16
5.66  -1.0211510050478882e-15  3.3172284695583366e-16
5.67  -5.413180263344956e-16  1.472684902945378e-17
5.68  -1.5894779359705397e-16  -2.1702936780343884e-16
5.69  1.5809063310016851e-16  -3.524999025513352e-16
5.7  4.226708996701812e-16  -3.8880293633921695e-16
5.71  6.282502941463356e-16  -3.314899495422098e-16
5.72  7.673435632922527e-16  -2.0320530022550433e-16
5.73  8.3738349850424505e-16  -2.7159841156550337e-17
5.74  8.341454887281681e-16  1.8242447956619508e-16
5.75  7.59703913391268e-16  3.935847462811205e-16
5.76  6.178588981612803e-16  5.85320830708842e-16
5.7700000000000005  4.2170082623142536e-16  7.269740774482912e-16
5.78  1.8628668392576686e-16  8.087595536947711e-16
5.79  -6.428754743918386e-17  8.128542798547334e-16
5.8  -2.9960736788353375e-16  7.410141649236561e-16
5.8100000000000005  -4.955548776469978e-16  6.054015992544896e-16
5.82  -6.388162787120006e-16  4.1318394081377236e-16
5.83  -7.096433687503898e-16  1.9128035354464564e-16
5.84  -7.045936210453814e-16  -3.0401418394816834e-17
5.8500000000000005  -6.284189547878186e-16  -2.2784963933302867e-16
5.86  -4.934236331173929e-16  -3.82842210711089e-16
5.87  -3.201719457594646e-16  -4.816945755985396e-16
5.88  -1.4204361554482637e-16  -5.161517094854172e-16
5.89  2.790203020453218e-17  -4.829408567471838e-16
5.9  1.6050993984893455e-16  -3.9414118260199263e-16
5.91  2.5511654919342534e-16  -2.74849914677394e-16
5.92  2.8496889650945554e-16  -1.4206535875411695e-16
5.93  2.5392565062801297e-16  -1.968399988312196e-17
5.94  1.8594316055685015e-16  6.782312175905805e-17
5.95  8.596830208050257e-17  1.0369890039980231e-16
5.96  -1.1263293297738816e-17  9.458414077257434e-17
5.97  -8.59916621569485e-17  3.847961495983141e-17
5.98  -1.1834658007214019e-16  -6.108539423441378e-17
5.99  -9.881595561525394e-17  -1.5861661318259855e-16
6.0  -3.19103743295274e-17  -2.4722428770904806e-16
6.01  8.637307772798187e-17  -3.1637279318614726e-16
6.0200000000000005  2.2795364289957538e-16  -3.208079689797647e-16
6.03  3.870224254095221e-16  -2.668227866343565e-16
6.04  5.303273364035388e-16  -1.5030149699710687e-16
6.05  6.158538355253882e-16  3.3415005589862307e-17
6.0600000000000005  6.375916723733499e-16  2.4417267585082937e-16
6.07  5.714460980759245e-16  4.798431186580459e-16
6.08  4.256462931718737e-16  6.994347002423654e-16
6.09  1.9810570900003515e-16  8.546895376392243e-16
6.1000000000000005  -8.614708716696827e-17  9.289258434172885e-16
6.11  -3.8182782175588203e-16  9.11880493251802e-16
6.12  -6.84641424561462e-16  7.88588773963897e-16
6.13  -9.457401195853747e-16  5.609037791882694e-16
6.140000000000001  -1.1211441726733178e-15  2.5199591616914447e-16
6.15  -1.2006199465201781e-15  -1.0585336642232497e-16
6.16  -1.1591095275555604e-15  -5.020885557909687e-16
6.17  -9.790059743816972e-16  -8.73759153577653e-16
6.18  -6.832340093536491e-16  -1.1743519583521361e-15
6.19  -2.978307203896898e-16  -1.3900613492012737e-15
6.2  1.6632790064911609e-16  -1.4419474532499256e-15
6.21  6.364995922806928e-16  -1.3517669111277852e-15
6.22  1.033932727912509e-15  -1.1145397603937203e-15
6.23  1.3471646470971204e-15  -7.684939129478263e-16
6.24  1.5376473742273002e-15  -3.208737150409799e-16
6.25  1.5819827457253375e-15  1.8206504917934534e-16
6.26  1.4479362834536438e-15  6.936998301441039e-16
6.2700000000000005  1.1763365073680945e-15  1.1608407432053602e-15
6.28  8.003249028926627e-16  1.4984148147344266e-15
6.29  2.879358902833702e-16  1.699905367910936e-15
6.3  -2.4901497820810356e-16  1.7352529221260947e-15
6.3100000000000005  -7.743082236435674e-16  1.610987530193802e-15
6.32  -1.2495275368334017e-15  1.3245927991700755e-15
6.33  -1.602409042516194e-15  9.096220682066427e-16
6.34  -1.7815797437062556e-15  3.7852718036925507e-16
6.3500000000000005  -1.8167921867665965e-15  -1.7328937127111252e-16
6.36  -1.6899072378720578e-15  -7.110811439900074e-16
6.37  -1.4176207668908647e-15  -1.1679440902245893e-15
6.38  -9.877951301818016e-16  -1.5630628885594566e-15
6.390000000000001  -4.743264001535018e-16  -1.8285474054244436e-15
6.4  9.352598859429172e-17  -1.8864766849010942e-15
6.41  6.276949442349286e-16  -1.770433888231364e-15
6.42  1.1257361129397408e-15  -1.496224393493968e-15
6.43  1.4960737130720531e-15  -1.0868455607119944e-15
6.44  1.7433659366900683e-15  -5.99561773841874e-16
6.45  1.8540364330406856e-15  -4.061671596837239e-17
6.46  1.7506158914638905e-15  5.030955889414603e-16
6.47  1.50283661682153e-15  9.755408620125282e-16
6.48  1.129374984131274e-15  1.3577109684110761e-15
6.49  6.656126806726179e-16  1.615388051176866e-15
6.5  1.6516671461271535e-16  1.692448700610005e-15
6.51  -3.186779214281986e-16  1.6341072005958871e-15
6.5200000000000005  -7.546854098235915e-16  1.440623354314741e-15
6.53  -1.1238136994935264e-15  1.133728808376876e-15
6.54  -1.3677845452999875e-15  7.55805574641079e-16
6.55  -1.4916657606095079e-15  3.2664459009123894e-16
6.5600000000000005  -1.5019703864419645e-15  -1.0302974762286747e-16
6.57  -1.3777424793053775e-15  -4.977249390976671e-16
6.58  -1.1633196004272498e-15  -8.349860090262606e-16
6.59  -8.710724343141156e-16  -1.105402210882879e-15
6.6000000000000005  -5.354452155257433e-16  -1.2749750550058156e-15
6.61  -1.7293464610759153e-16  -1.3475310487378159e-15
6.62  1.8021940742926943e-16  -1.3202130811507856e-15
6.63  5.149440940972109e-16  -1.2067417046317399e-15
6.640000000000001  8.044398318401527e-16  -1.016105800468961e-15
6.65  1.0236665578170057e-15  -7.658810799514479e-16
6.66  1.1694528858517495e-15  -4.706259663522541e-16
6.67  1.2483769681167294e-15  -1.599159715863937e-16
6.68  1.23842818606497e-15  1.6152699267725464e-16
6.69  1.1518373297410673e-15  4.604297457001529e-16
6.7  9.936789446352666e-16  7.312724544469725e-16
6.71  7.784877643763782e-16  9.55153567172454e-16
6.72  5.1337774362263e-16  1.1179876296997987e-15
6.73  2.0975033011442121e-16  1.2062047322742027e-15
6.74  -1.0076295256107946e-16  1.2178411238998456e-15
6.75  -4.1121877750132127e-16  1.1525955764994974e-15
6.76  -7.008466294019008e-16  1.0086118674638878e-15
6.7700000000000005  -9.428166321461807e-16  7.908053947281879e-16
6.78  -1.1227313844520901e-15  5.174226617766637e-16
6.79  -1.2263979898258086e-15  2.008212037106713e-16
6.8  -1.2408992332856986e-15  -1.3173624059023678e-16
6.8100000000000005  -1.1606328829475918e-15  -4.456416049730284e-16
6.82  -9.94206569228536e-16  -7.239581611135438e-16
6.83  -7.495804323595316e-16  -9.351336910758917e-16
6.84  -4.542900553642407e-16  -1.0599358003274997e-15
6.8500000000000005  -1.1006912086338878e-16  -1.076496441706722e-15
6.86  2.3852001088105476e-16  -9.691163474068151e-16
6.87  5.793805594148753e-16  -7.450110640381881e-16
6.88  9.038525782625293e-16  -4.13016880755083e-16
6.890000000000001  1.2222245124924896e-15  1.6071372367299034e-17
6.9  1.5489956618484201e-15  5.235380059875493e-16
6.91  1.9306113532901868e-15  1.0731214221214835e-15
6.92  2.4515740650789048e-15  1.6252413520972734e-15
6.93  3.238910456476048e-15  2.1299070757762305e-15
6.94  4.478274314167902e-15  2.518563586947949e-15
6.95  6.43920148009568e-15  2.669125699975237e-15
6.96  9.486618343734153e-15  2.403926869320995e-15
6.97  1.4137207898919549e-14  1.4515190203516262e-15
6.98  2.1110738492171755e-14  -6.687910120042274e-16
6.99  3.140195834617314e-14  -4.681280731845103e-15
7.0  4.644756887307525e-14  -1.177816640806299e-14
7.01  6.825299704887754e-14  -2.379435206826289e-14
7.0200000000000005  9.971235968847614e-14  -4.357650506626395e-14
7.03  1.4499077839687667e-13  -7.548218454546559e-14
7.04  2.1009500210685712e-13  -1.2609369737808314e-13
7.05  3.038165943096473e-13  -2.053206679444347e-13
7.0600000000000005  4.390487636634554e-13  -3.279464852287886e-13
7.07  6.348582987879676e-13  -5.158793255378969e-13
7.08  9.196011876887389e-13  -8.013297177727775e-13
7.09  1.3356753277256372e-12  -1.2313979058400116e-12
7.1000000000000005  1.9468930995254356e-12  -1.8743946629414955e-12
7.11  2.8496976318163686e-12  -2.828675239949301e-12
7.12  4.1902832867430074e-12  -4.234537774721119e-12
7.13  6.190855251544504e-12  -6.290133158236999e-12
7.140000000000001  9.189506486324532e-12  -9.272041998105443e-12
7.15  1.3700513058943734e-11  -1.3560862190812364e-11
7.16  2.0505104870934748e-11  -1.967141998338351e-11
7.17  3.0786864691139455e-11  -2.8285231425108276e-11
7.18  4.6332136672244664e-11  -4.027953932394352e-11
7.19  6.982352405447234e-11  -5.674102728065766e-11
7.2  1.0526468872603351e-10  -7.8942063879953e-11
7.21  1.5858728327759781e-10  -1.0824059426950227e-10
7.22  2.385042813338302e-10  -1.4583774599059205e-10
7.23  3.5768856138456834e-10  -1.9228650670062343e-10
7.24  5.34365756563671e-10  -2.465831541435722e-10
7.25  7.944109379899668e-10  -3.045837535069597e-10
7.26  1.1740182207252457e-09  -3.563620262248331e-10
7.2700000000000005  1.7229520575582627e-09  -3.8195278447232113e-10
7.28  2.508261873770479e-09  -3.4469905254560916e-10
7.29  3.618105624059831e-09  -1.8113841002045365e-10
7.3  5.164925335458663e-09  2.1396716366204919e-10
7.3100000000000005  7.286571034083987e-09  1.0092051834764117e-09
7.32  1.0142979581049273e-08  2.466746162943862e-09
7.33  1.3904566612361344e-08  4.983442115147424e-09
7.34  1.872646024617507e-08  9.144790411716432e-09
7.3500000000000005  2.4699990746186025e-08  1.5792898010365065e-08
7.36  3.1769406761782187e-08  2.610760891052784e-08
7.37  3.959770267625724e-08  4.1696257485601194e-08
7.38  4.7361034739150676e-08  6.468127842947879e-08
7.390000000000001  5.3447174208503325e-08  9.776516318679113e-08
7.4  5.503105855753232e-08  1.4423793927106392e-07
7.41  4.75018021357111e-08  2.0787247170126317e-07
7.42  2.372357037749545e-08  2.926268392376684e-07
7.43  -2.6868247635590222e-08  4.020410845123326e-07
7.44  -1.1929862072026318e-07  5.381796117592974e-07
7.45  -2.7411671902915427e-07  6.999347636679143e-07
7.46  -5.183079601913369e-07  8.804796749604226e-07
7.47  -8.857454130391265e-07  1.0636523283161724e-06
7.48  -1.4167073941055783e-06  1.219086852050207e-06
7.49  -2.1557869271212615e-06  1.296008245011746e-06
7.5  -3.1472936703191244e-06  1.2158049707991446e-06
7.51  -4.427028417457108e-06  8.638264595332911e-07
7.5200000000000005  -6.009144147038365e-06  8.135501434830344e-08
7.53  -7.866772373669797e-06  -1.3405997000601466e-06
7.54  -9.905295942693355e-06  -3.663136135320082e-06
7.55  -1.1927725360584614e-05  -7.193314038759378e-06
7.5600000000000005  -1.3592742300196919e-05  -1.226527860829669e-05
7.57  -1.4367770292998613e-05  -1.920288481454844e-05
7.58  -1.348204735442817e-05  -2.8257422662925544e-05
7.59  -9.888157008734618e-06  -3.951421453451708e-05
7.6000000000000005  -2.2447259783969293e-06  -5.2763341048790855e-05
7.61  1.1062302037564074e-05  -6.733314836113483e-05
7.62  3.183788280130457e-05  -8.189110119194105e-05
7.63  6.191029791628198e-05  -9.422546148247013e-05
7.640000000000001  0.00010285174998065817  -0.00010103339112100716
7.65  0.00015556469107863013  -9.775608124780746e-05
7.66  0.00021972144000720318  -7.851831050178059e-05
7.67  0.0002930630064700234  -3.6246319159835785e-05
7.68  0.00037059130596680704  3.694926005447122e-05
7.69  0.0004437276115593011  0.00014903400874795278
7.7  0.000499557905410724  0.000306871586457887
7.71  0.0005203390451630794  0.000514553598868537
7.72  0.00048349151192026335  0.0007712388430823242
7.73  0.0003623446526918828  0.001068587434305269
7.74  0.0001279151638454029  0.0013879893579548533
7.75  -0.00024802689709559175  0.0016979258981486486
7.76  -0.0007884345008029438  0.0019519538556413115
7.7700000000000005  -0.001504988341400225  0.002087945602441749
7.78  -0.002390851087574816  0.002029323140233487
7.79  -0.0034127038043229377  0.0016890543517745328
7.8  -0.004502965639435244  0.0009770936212092757
7.8100000000000005  -0.0055534853165846824  -0.00018829187623734477
7.82  -0.006412340393020421  -0.0018652930767292662
7.83  -0.00688560949258797  -0.00407002545689513
7.84  -0.006746002737020783  -0.0067560732823434225
7.8500000000000005  -0.0057499536955388595  -0.009794383726549732
7.86  -0.0036641145227352596  -0.012956670750866681
7.87  -0.0003011119614409499  -0.01590622308766689
7.88  0.004437069871386926  -0.018200406603184775
7.890000000000001  0.01051152196689198  -0.01930901037473029
7.9  0.01770004288717418  -0.018651727190545125
7.91  0.025559160716896897  -0.01565635871092897
7.92  0.033403052787900296  -0.009836768658401888
7.930000000000001  0.04030831543311117  -0.000886289136386346
7.94  0.045152730470703  0.011221501630698679
7.95  0.04669383019305004  0.02613650922948027
7.96  0.043689052346016666  0.04305543689563365
7.97  0.03505371373937304  0.060681649856694664
7.98  0.020046322948419144  0.07723843066873051
7.99  -0.0015363793903268336  0.09054973223071272
8.0  -0.029178814262825654  0.09819685794159269
8.01  -0.06150932154571029  0.09775092926262824
8.02  -0.09623695126147723  0.08707007889966978
8.03  -0.13019058128978542  0.06463810221896048
8.040000000000001  -0.15948144466190708  0.029909370693993822
8.05  -0.17979799265685842  -0.016384924466577265
8.06  -0.18682556494421354  -0.07201963142091351
8.07  -0.17676407835032842  -0.13319744176529474
8.08  -0.14689717020300772  -0.1946514776499446
8.09  -0.09614882873672742  -0.24995463615132116
8.1  -0.025551657205477918  -0.2920386374099761
8.11  0.06145250634247967  -0.31389749925665306
8.120000000000001  0.15895163447709698  -0.3094199224536904
8.13  0.2587953083244803  -0.27426693749072467
8.14  0.351142372733293  -0.2066897099690825
8.15  0.425308968458403  -0.10817200294368522
8.16  0.4708584712172641  0.016214106333858842
8.17  0.47883304891810785  0.15783025958270608
8.18  0.4429921963671228  0.30492630089113537
8.19  0.36090285212057305  0.4435325699042456
8.2  0.23472352102644367  0.5587382492191967
8.21  0.07154409463846867  0.6362462922256515
8.22  -0.11681617824801604  0.6640453550986022
8.23  -0.31459103242489195  0.634004791427336
8.24  -0.5033971612205044  0.5431868931184403
8.25  -0.6640047298647893  0.39468535926263487
8.26  -0.7783738275048643  0.19784113289411276
8.27  -0.8317318662828485  -0.03224700837687815
8.28  -0.8144422995936275  -0.27591650101596704
8.290000000000001  -0.723421783653628  -0.5107490963502358
8.3  -0.5629025630328862  -0.7138177129341661
8.31  -0.34440627466133605  -0.8641294516883717
8.32  -0.08588686944211565  -0.9449827889464628
8.33  0.18989738038019757  -0.9459525530901596
8.34  0.4576232908390034  -0.8642493303402935
8.35  0.6920110874161055  -0.7052676561469533
8.36  0.8705046660056713  -0.482231882505835
8.370000000000001  0.9757093057177783  -0.21495801124249342
8.38  0.997295209677367  0.07214039024932536
8.39  0.9331363017411998  0.3525786845598899
8.4  0.7895453290712591  0.6005687259258883
8.41  0.5805764984914689  0.7937052713385953
8.42  0.3264809062375864  0.9152594269789553
8.43  0.051502643941141193  0.9558175398707118
8.44  -0.2187189278367345  0.9140869975564474
8.45  -0.4598326470083593  0.7967947998387972
8.46  -0.6512340605107636  0.6177162625251515
8.47  -0.7780250219523507  0.3959748798506764
8.48  -0.8322704627258428  0.1538367737738116
8.49  -0.8134413451801724  -0.08572577554996037
8.5  -0.728035457495326  -0.3014128802823811
8.51  -0.5884661935699612  -0.47565134831061484
8.52  -0.4113911440267568  -0.5961128764741032
8.53  -0.21570755860698296  -0.6565617214093519
8.540000000000001  -0.0204650536737995  -0.6569863346175684
8.55  0.15706345885242642  -0.6030574774471268
8.56  0.30295007262888507  -0.5050311789174401
8.57  0.40767702525545596  -0.37626976971832393
8.58  0.46662855019587024  -0.23158287125968952
8.59  0.48001331391721813  -0.08559136884818874
8.6  0.4522873875495663  0.04870642291076741
8.61  0.3911982306575255  0.1610303820420607
8.620000000000001  0.3066003787767712  0.2444949259966395
8.63  0.20920188218103558  0.2958434237614781
8.64  0.10938857116891357  0.3152720377931993
8.65  0.016244957272997233  0.305917702375804
8.66  -0.06314830193789799  0.2731135033416616
8.67  -0.12410361112687154  0.2235268805663032
8.68  -0.16440696741723435  0.16429258714566494
8.69  -0.18412916884316322  0.10223591085956314
8.700000000000001  -0.1852317098616106  0.04325629637128512
8.71  -0.1710444421951653  -0.008088235516701577
8.72  -0.14569378759999094  -0.04878517255647627
8.73  -0.11355230186500379  -0.07737535406143213
8.74  -0.07876535437478033  -0.09379944050206065
8.75  -0.04489171220496993  -0.09912982560142958
8.76  -0.014674969944066682  -0.0952389891169012
8.77  0.010055331139585897  -0.08445262851167429
8.78  0.028368491961506682  -0.06922803932875599
8.790000000000001  0.040128665113310306  -0.051887128838380564
8.8  0.0458321364868677  -0.03442115879456039
8.81  0.04641613250833425  -0.018372582472558453
8.82  0.04306600202845041  -0.004789494256727281
8.83  0.03704180653001688  0.005758949356590594
8.84  0.029538370823004076  0.013121964471872194
8.85  0.02158581683766171  0.01747862709108365
8.86  0.01399139657227174  0.01923764406581165
8.870000000000001  0.007318621562864978  0.018939004439310177
8.88  0.0018965104424935033  0.01716752677064259
8.89  -0.0021497717988265444  0.014484458217252692
8.9  -0.004855747161689394  0.011379681996436578
8.91  -0.0063698646355797  0.008244122588703712
8.92  -0.006907472169466672  0.005359799242397014
8.93  -0.006710932882022232  0.0029037087799711264
8.94  -0.006018393883450386  0.0009612387029183033
8.950000000000001  -0.005042049219942739  -0.0004550365796640152
8.96  -0.003955444197847237  -0.0013847339347581164
8.97  -0.002888497625396428  -0.0018999391578975022
8.98  -0.001928454628713765  -0.0020882040296302264
8.99  -0.0011248627372604722  -0.002039235220789164
9.0  -0.0004968003009706506  -0.0018355425465525416
9.01  -4.0885370940753664e-05  -0.001546793493530812
9.02  0.0002610307485588203  -0.0012272908819526758
9.03  0.000435197031237902  -0.0009158314446795019
9.040000000000001  0.0005106916563985982  -0.0006371802197306679
9.05  0.0005156399739087381  -0.0004044681830657241
9.06  0.0004748198349353395  -0.00022194889034575957
9.07  0.00040843394653193414  -8.770036315354049e-05
9.08  0.0003317755341105229  3.994301532300243e-06
9.09  0.00025550985204647467  6.0726591665693653e-05
9.1  0.0001863234445495598  9.054216215067265e-05
9.11  0.0001277405597003948  0.00010099091456290422
9.120000000000001  8.095973897857708e-05  9.857695135696897e-05
9.13  4.561478811087773e-05  8.851946194072804e-05
9.14  2.0407871226148096e-05  7.473411190630254e-05
9.15  3.5959675647721976e-06  5.995390613507546e-05
9.16  -6.664893969961942e-06  4.5923657882492536e-05
9.17  -1.209925885647615e-05  3.3619174207274865e-05
9.18  -1.419082376249858e-05  2.3458365401061057e-05
9.19  -1.4133878296271515e-05  1.54851302647555e-05
9.200000000000001  -1.2833777784196841e-05  9.517388995882266e-06
9.21  -1.0936698554771772e-05  5.258002306554078e-06
9.22  -8.873640228503987e-06  2.37189845711695e-06
9.23  -6.908173487122199e-06  5.35094252989489e-07
9.24  -5.1813230120361004e-06  -5.379463275429451e-07
9.25  -3.750025136740928e-06  -1.0824587778152214e-06
9.26  -2.617793193000075e-06  -1.2817418728533592e-06
9.27  -1.7576563088173053e-06  -1.2715584200792156e-06
9.28  -1.1282585047707791e-06  -1.1475090895407533e-06
9.290000000000001  -6.843756324134427e-07  -9.733052148006013e-07
9.3  -3.831761139230217e-07  -7.886669646701307e-07
9.31  -1.8743940466480008e-07  -6.16171653259768e-07
9.32  -6.67450211539634e-08  -4.667904332451835e-07
9.33  2.5825577769063245e-09  -3.441124571590232e-07
9.34  3.820338831389007e-08  -2.474004828172745e-07
9.35  5.27798499935918e-08  -1.736854130316024e-07
9.36  5.504105931731148e-08  -1.1911845413306398e-07
9.370000000000001  5.075827856186276e-08  -7.978080683847056e-08
9.38  4.356839452860529e-08  -5.2117936838477197e-08
9.39  3.562871251922098e-08  -3.312884374276888e-08
9.4  2.8112827201109447e-08  -2.0406393967201e-08
9.41  2.1570263475160087e-08  -1.2095669010515304e-08
9.42  1.617680148204759e-08  -6.814351999895659e-09
9.43  1.1901543928907515e-08  -3.5621862222832867e-09
9.44  8.613374943027923e-09  -1.6346448508635507e-09
9.450000000000001  6.145123796878594e-09  -5.480932083252417e-10
9.46  4.329440094340776e-09  2.112958049985064e-11
9.47  3.0165996414417904e-09  2.840306915019725e-10
9.48  2.081380057994346e-09  3.743595830308686e-10
9.49  1.423783527286694e-09  3.742429619005772e-10
9.5  9.666598333603732e-10  3.322195700935695e-10
9.51  6.520787552819497e-10  2.755874123000802e-10
9.52  4.3749621120621727e-10  2.1863548304158906e-10
9.53  2.9224471989381255e-10  1.6798523011063647e-10
9.540000000000001  1.945677685330483e-10  1.259583355844684e-10
9.55  1.2924266111077995e-10  9.263229516647657e-11
9.56  8.574602177666903e-11  6.704761271698172e-11
9.57  5.687955125758537e-11  4.7882094178535536e-11
9.58  3.776440964182497e-11  3.3801083480192945e-11
9.59  2.512011463974255e-11  2.361840650519075e-11
9.6  1.675572352260795e-11  1.635208617745264e-11
9.61  1.1216132147432563e-11  1.1225712260353024e-11
9.620000000000001  7.5391996512387e-12  7.645065224678578e-12
9.63  5.090841884320983e-12  5.1663658435933706e-12
9.64  3.453941759582021e-12  3.4645146409536463e-12
9.65  2.3544114993250734e-12  2.3050106711648208e-12
9.66  1.6120160936955252e-12  1.5208374350808507e-12
9.67  1.1080332959476747e-12  9.94396587495287e-13
9.68  7.640759952079152e-13  6.436154452311628e-13
9.69  5.281198874636631e-13  4.117235854703878e-13
9.700000000000001  3.655187911771146e-13  2.5973391261775437e-13
9.71  2.530360168756707e-13  1.6104462337856493e-13
9.72  1.7501237071612265e-13  9.76709523164779e-14
9.73  1.207816648769635e-13  5.748565648175014e-14
9.74  8.307918416720323e-14  3.239695059249146e-14
9.75  5.689449177066401e-14  1.7042504846652056e-14
9.76  3.8766632975953363e-14  7.882497962092031e-15
9.77  2.6281715401226486e-14  2.640988530441239e-15
9.78  1.7737860125109934e-14  -1.8395347335757646e-16
9.790000000000001  1.1926557174436913e-14  -1.5388082405896272e-15
9.8  8.035520840035374e-15  -2.0273182433479634e-15
9.81  5.4453555017435355e-15  -1.994340489256873e-15
9.82  3.7231388689138034e-15  -1.6889750408859381e-15
9.83  2.577631377782817e-15  -1.2472149002512959e-15
9.84  1.7798363489053518e-15  -7.752165590077323e-16
9.85  1.2076309539484112e-15  -3.224752026471658e-16
9.86  7.616521916482171e-16  7.194357788153989e-17
9.870000000000001  3.7055175492794885e-16  3.8520287837290447e-16
9.88  1.169906390917965e-17  5.952142938559454e-16
9.89  -3.194264078848651e-16  6.917517822465214e-16
9.9  -6.220483349974568e-16  6.718385318585237e-16
9.91  -8.693023660882249e-16  5.465608245854075e-16
9.92  -1.0456162326421132e-15  3.3218035047754414e-16
9.93  -1.1417581826344154e-15  5.677789444989276e-17
9.94  -1.1356782784270443e-15  -2.563868820247452e-16
9.950000000000001  -1.0310960655978606e-15  -5.683229394656297e-16
9.96  -8.281805435051779e-16  -8.36098427218751e-16
9.97  -5.512013110903297e-16  -1.0357754983025487e-15
9.98  -2.256929120783001e-16  -1.1396218182673268e-15
9.99  1.1386416033833555e-16  -1.1402570956533414e-15
10.0  4.3390658807952844e-16  -1.0376165302558068e-15
10.01  7.053735237328066e-16  -8.502119553117546e-16
10.02  8.900047728195107e-16  -5.938294960250767e-16
10.03  9.790918607603041e-16  -2.9973147663210186e-16
10.040000000000001  9.71950802114179e-16  -4.840972838000673e-18
10.05  8.790653661430763e-16  2.578912542821594e-16
10.06  7.152168997466837e-16  4.620303700120959e-16
10.07  5.183669244313021e-16  5.906106548987152e-16
10.08  3.0593605558407357e-16  6.465193094393565e-16
10.09  1.1857400256368535e-16  6.329421395353692e-16
10.1  -3.9424425980449223e-17  5.673206748660297e-16
10.11  -1.4312086162606704e-16  4.707362328673718e-16
10.120000000000001  -1.910005483953843e-16  3.672509446532497e-16
10.13  -1.9643016497926912e-16  2.8726079406799763e-16
10.14  -1.8030240633892233e-16  2.4227421907230724e-16
10.15  -1.5831067495013374e-16  2.235467373093093e-16
10.16  -1.5478397316960259e-16  2.4625606225951467e-16
10.17  -1.838319278564982e-16  2.872655818473287e-16
10.18  -2.4877593502719836e-16  3.296388020761404e-16
10.19  -3.65525250742521e-16  3.413494872024044e-16
10.200000000000001  -4.994663042603577e-16  3.0529045458753095e-16
10.21  -6.484462010818919e-16  2.1455871390273414e-16
10.22  -7.768081378985945e-16  3.6215379317779296e-17
10.23  -8.527024169144607e-16  -2.016611992436576e-16
10.24  -8.494857205956936e-16  -4.756330999270138e-16
10.25  -7.311627592993236e-16  -7.677241573364388e-16
10.26  -5.257568866942366e-16  -1.0262457754702165e-15
10.27  -2.2553256127047476e-16  -1.2263616515431963e-15
10.28  1.505299252443044e-16  -1.3324331506077101e-15
10.290000000000001  5.70262633329854e-16  -1.3144406320373167e-15
10.3  9.823551315027685e-16  -1.1602242861942719e-15
10.31  1.3447574181003068e-15  -8.761157926958975e-16
10.32  1.6120601469226753e-15  -4.59560491665462e-16
10.33  1.7461724086307405e-15  5.4787344324523184e-17
10.34  1.7120306327827601e-15  6.06836495490518e-16
10.35  1.5287759966180362e-15  1.1326309409231363e-15
10.36  1.1559427414900485e-15  1.5885898664111413e-15
10.370000000000001  6.696078041425921e-16  1.9201121965586996e-15
10.38  6.762087253756753e-17  2.0945094020780615e-15
10.39  -5.69444318041774e-16  2.0780185336435454e-15
10.4  -1.1873758697041966e-15  1.8735492125471605e-15
10.41  -1.7330865114211287e-15  1.4895328249133334e-15
10.42  -2.1386113868042618e-15  9.248676870961933e-16
10.43  -2.3808855575936058e-15  2.5644965887249e-16
10.44  -2.3852198380724316e-15  -4.505875303071005e-16
10.450000000000001  -2.1859915943161688e-15  -1.1491920696031478e-15
10.46  -1.7810798413294016e-15  -1.7624093521188846e-15
10.47  -1.1886156530928824e-15  -2.2449663906354832e-15
10.48  -4.689887949621878e-16  -2.5042328632384507e-15
10.49  2.984287889943011e-16  -2.5804498228594685e-15
10.5  1.0682534699074553e-15  -2.3948277123058127e-15
10.51  1.768017831413713e-15  -1.9858429066284004e-15
10.52  2.2821807302014248e-15  -1.388829586532451e-15
10.53  2.595764840286161e-15  -6.56342200845714e-16
10.540000000000001  2.7008598114921516e-15  1.302840698177508e-16
10.55  2.540716125269239e-15  9.205722165631315e-16
10.56  2.1415259329717477e-15  1.6197932634048941e-15
10.57  1.5382250331905776e-15  2.1485576463039563e-15
10.58  8.248551215334859e-16  2.5100754292629353e-15
10.59  3.874350154035269e-17  2.6104447702462995e-15
10.6  -7.389907967615233e-16  2.4667357896151016e-15
10.61  -1.4153961403416959e-15  2.0875581054550417e-15
10.620000000000001  -1.9653978735814198e-15  1.5298575518390914e-15
10.63  -2.2836834882234413e-15  8.409640018699137e-16
10.64  -2.379009509035081e-15  1.028828060577648e-16
10.65  -2.2485857697257944e-15  -5.879301192861428e-16
10.66  -1.9378757432319452e-15  -1.2121147567403049e-15
10.67  -1.470478379443631e-15  -1.6881450562605801e-15
10.68  -8.936799586208252e-16  -2.012750020229924e-15
10.69  -2.5062500822428515e-16  -2.133300273741211e-15
10.700000000000001  3.776494086767013e-16  -2.0728832374012615e-15
10.71  9.310895778811999e-16  -1.8315900733525664e-15
10.72  1.3684136291374199e-15  -1.4666505692727527e-15
10.73  1.6856933875363093e-15  -1.0057178041790625e-15
10.74  1.8619439906605378e-15  -4.825558897269422e-16
10.75  1.881611291790691e-15  5.666610060344052e-17
10.76  1.771330273203551e-15  5.387535424970549e-16
10.77  1.5364720672562526e-15  9.676562187683713e-16
10.78  1.2146721974180074e-15  1.3191717137448611e-15
10.790000000000001  8.210328177611387e-16  1.577333147437712e-15
10.8  3.933744299802792e-16  1.7168218669737409e-15
10.81  -5.717859505582027e-17  1.7528038691284985e-15
10.82  -4.966021024230749e-16  1.6759352330109877e-15
10.83  -9.059258256981209e-16  1.4985165446193955e-15
10.84  -1.257037695759543e-15  1.233502319305597e-15
10.85  -1.53202083052492e-15  8.91931415433165e-16
10.86  -1.723654966565615e-15  4.950631074622856e-16
10.870000000000001  -1.807037281846417e-15  5.124981089523072e-17
10.88  -1.788663945988363e-15  -4.0560660160889766e-16
10.89  -1.654702363142557e-15  -8.512690750454076e-16
10.9  -1.4104619123964714e-15  -1.26539146659422e-15
10.91  -1.0557608397530322e-15  -1.6116607072387954e-15
10.92  -6.15922463563491e-16  -1.859428741801646e-15
10.93  -1.1458492096267926e-16  -1.990015140969686e-15
10.94  4.2027936380124407e-16  -1.9859653406698382e-15
10.950000000000001  9.400731666557742e-16  -1.820563006510993e-15
10.96  1.4104301388661238e-15  -1.5255550496463773e-15
10.97  1.7849443949931272e-15  -1.1076643570434824e-15
10.98  2.0362783965164533e-15  -5.991655098427097e-16
10.99  2.142728082130391e-15  -3.1072505866056193e-17
11.0  2.082852861049948e-15  5.392380783270672e-16
11.01  1.8588067815741097e-15  1.0699642747711978e-15
11.02  1.4805786265968339e-15  1.4992350634312075e-15
11.03  9.941082621477464e-16  1.7920489305020005e-15
11.040000000000001  4.251012032204851e-16  1.918438700091395e-15
11.05  -1.7755999185128548e-16  1.859864493547046e-15
11.06  -7.742860500218884e-16  1.6023745277866048e-15
11.07  -1.3397732834143879e-15  1.1686361252137958e-15
11.08  -1.8539257879575868e-15  5.815663039820108e-16
11.09  -2.3260618831785796e-15  -1.3374549822309283e-16
11.1  -2.794914108609698e-15  -9.13980643617683e-16
11.11  -3.3426445995553165e-15  -1.7027745331034899e-15
11.120000000000001  -4.115031942244959e-15  -2.414501381201102e-15
11.13  -5.311038848393771e-15  -2.96782785906848e-15
11.14  -7.225885446717943e-15  -3.216908549457893e-15
11.15  -1.0258398415552356e-14  -2.9711846086834316e-15
11.16  -1.495572487220734e-14  -1.9271742496371805e-15
11.17  -2.2095725809746857e-14  4.1096290650651355e-16
11.18  -3.273558602484086e-14  4.820945000220233e-15
11.19  -4.836874811892496e-14  1.2535358677085735e-14
11.200000000000001  -7.111314616396478e-14  2.548327224810763e-14
11.21  -1.0399961837494277e-13  4.6669416823631845e-14
11.22  -1.5139054027041397e-13  8.064970523457867e-14
11.23  -2.195622267503965e-13  1.3435918336598223e-13
11.24  -3.177485821315688e-13  2.1819586275538068e-13
11.25  -4.594722331509422e-13  3.476974859083677e-13
11.26  -6.647466246361741e-13  5.458341157535052e-13
11.27  -9.633573422628986e-13  8.464191691470056e-13
11.28  -1.3999125304542917e-12  1.2987883983735479e-12
11.290000000000001  -2.0415619787961677e-12  1.974491027412124e-12
11.3  -2.9898778523017837e-12  2.976378442647485e-12
11.31  -4.398887683042238e-12  4.451045303868419e-12
11.32  -6.502728085468883e-12  6.605248178294956e-12
11.33  -9.657694910254887e-12  9.727011998231243e-12
11.34  -1.4405692556500481e-11  1.4212025913190716e-11
11.35  -2.1569695380388128e-11  2.0594152234748477e-11
11.36  -3.239605242470749e-11  2.957796129220373e-11
11.370000000000001  -4.876474436266361e-11  4.2066607996706286e-11
11.38  -7.34969770015579e-11  5.917235954837327e-11
11.39  -1.1079972522866729e-10  8.218589580871124e-11
11.4  -1.6689952526885238e-10  1.1246268079129881e-10
11.41  -2.509319970240327e-10  1.511563854183168e-10
11.42  -3.7616705412284653e-10  1.9868610514180808e-10
11.43  -5.616599680371571e-10  2.537598117391996e-10
11.44  -8.34416634913802e-10  3.1168263061520254e-10
11.450000000000001  -1.2321371446377748e-09  3.6154753740721686e-10
11.46  -1.8065350490060305e-09  3.817274289914512e-10
11.47  -2.6270913155940274e-09  3.328545822347524e-10
11.48  -3.784848854249393e-09  1.4718379479320684e-10
11.49  -5.39542505211409e-09  -2.8709998747923504e-10
11.5  -7.599736108333208e-09  -1.1484196699155079e-09
11.51  -1.0559886221835371e-08  -2.7132758626779424e-09
11.52  -1.4446160681171034e-08  -5.398852932387236e-09
11.53  -1.940895150081708e-08  -9.818697148114484e-09
11.540000000000001  -2.5526639435949337e-08  -1.6852427163354626e-08
11.55  -3.271692374669401e-08  -2.7728286542731408e-08
11.56  -4.059494157133976e-08  -4.411337965559963e-08
11.57  -4.825711070763543e-08  -6.819981788412616e-08
11.58  -5.3965722883696086e-08  -1.0276475037582532e-07
11.59  -5.470725734470356e-08  -1.51167294521745e-07
11.6  -4.5599337173659755e-08  -2.1722475448724845e-07
11.61  -1.9130408371771334e-08  -3.0488369328149554e-07
11.620000000000001  3.576301426625875e-08  -4.175688191766729e-07
11.63  1.3473867557196023e-07  -5.570563563275912e-07
11.64  2.9910571016676394e-07  -7.216833373265886e-07
11.65  5.566990140525026e-07  -9.036786549233508e-07
11.66  9.422436663726321e-07  -1.0853993957158591e-06
11.67  1.4967129763951384e-06  -1.2342967940400486e-06
11.68  2.2649786088405254e-06  -1.2965466770172653e-06
11.69  3.290824809567438e-06  -1.189492282584235e-06
11.700000000000001  4.6081818230744584e-06  -7.93399294274103e-07
11.71  6.227279032599882e-06  5.645122722687368e-08
11.72  8.114406349153167e-06  1.5755822173137706e-06
11.73  1.0164213445856231e-05  4.031379592461498e-06
11.74  1.2164109800392251e-05  7.735637900502514e-06
11.75  1.3751512766234811e-05  1.3023707202957323e-05
11.76  1.4366583555478873e-05  2.0214363157379558e-05
11.77  1.3205813673783644e-05  2.9543969135710384e-05
11.78  9.185411349490063e-06  4.106880351895202e-05
11.790000000000001  9.277684432723675e-07  5.453111570802356e-05
11.8  -1.3210991275788013e-05  6.918815294948529e-05
11.81  -3.504994149736368e-05  8.360966400417882e-05
11.82  -6.640321051330066e-05  9.54586987275163e-05
11.83  -0.00010878489680689129  0.00010128303225064435
11.84  -0.0001629774641732538  9.635984905185565e-05
11.85  -0.00022845297002859497  7.465322140170492e-05
11.86  -0.0003026560117215329  2.896015482748156e-05
11.870000000000001  -0.0003801868412928118  -4.866692219503122e-05
11.88  -0.0004519630166521817  -0.00016613008135440835
11.89  -0.000504486714506493  -0.0003300483623065222
11.9  -0.0005193983505703965  -0.0005440248533516433
11.91  -0.00047354817730166533  -0.0008064286037848512
11.92  -0.00033985531860147584  -0.0011077895250828857
11.93  -8.923428256203388e-05  -0.0014280219919463807
11.94  0.00030616379816804785  -0.0017338341686818541
11.950000000000001  0.0008682404532780203  -0.0019768318333680435
11.96  0.0016067805960573583  -0.002092965653583227
11.97  0.0025120808860649487  -0.0020040687564616437
11.98  0.003546951837173227  -0.0016222492257974435
11.99  0.004639043131358398  -0.0008577987995273521
12.0  0.005674827695515958  0.0003689834919152074
12.01  0.00649691737038144  0.002112102158797742
12.02  0.006906591258920478  0.004380998475497499
12.030000000000001  0.00667340508067579  0.007119995506562245
12.040000000000001  0.0055534242624386  0.010188440694152298
12.05  0.0033169104587072572  0.013344809551359332
12.06  -0.00021484593243067103  0.016238736803110332
12.07  -0.005125392708985654  0.01841528100836908
12.08  -0.011355364339523256  0.019335507234873636
12.09  -0.01865673616190621  0.018416513739694423
12.1  -0.026556472863506986  0.015092218756599777
12.11  -0.034338190869284205  0.008893553244961789
12.120000000000001  -0.041050761635195186  -0.00045669042007723373
12.13  -0.04555179826379478  -0.012942920474868808
12.14  -0.046591417582755784  -0.028162043624730782
12.15  -0.042937453835362065  -0.04525039746482454
12.16  -0.03353756554176894  -0.06284939231543459
12.17  -0.017706870198559536  -0.0791265139106836
12.18  0.00467737785305696  -0.09186524852783474
12.19  0.03299894673032843  -0.09863144167314732
12.200000000000001  0.06577296070855083  -0.09701469813735648
12.21  0.10059402598007827  -0.08493227960975071
12.22  0.13418981343034087  -0.060970690735091704
12.23  0.16259992805478563  -0.024728379735246823
12.24  0.18148714837978702  0.022886338024116968
12.25  0.18657121499216314  0.07945285927446814
12.26  0.17415588329540696  0.14098064136968527
12.27  0.14170030932441022  0.20203660378273788
12.280000000000001  0.08836895060127305  0.2560810440555813
12.290000000000001  0.015483183871199  0.2960117191305165
12.3  -0.07320434971405904  0.3148870708942368
12.31  -0.17148297002577037  0.30676935920997195
12.32  -0.2709546677985026  0.267600914099794
12.33  -0.3616209840972919  0.19600641848818742
12.34  -0.4327653470266416  0.09390538418504368
12.35  -0.4740669827519499  -0.03317493916119249
12.36  -0.4768412821050306  -0.17617352655448515
12.370000000000001  -0.4352685294015394  -0.3230055753795882
12.38  -0.34745422793992337  -0.4595070573018119
12.39  -0.21616464979224534  -0.5707547297382256
12.4  -0.04910325218102218  -0.6426452863174603
12.41  0.1413631084230372  -0.6635687607458121
12.42  0.33905823963737713  -0.625979415261224
12.43  0.5253889600600382  -0.5276586373500632
12.44  0.6811596091880838  -0.3724826252500626
12.450000000000001  0.7886266926733949  -0.17055307096472613
12.46  0.8335640367289024  0.06238212227738116
12.47  0.8070878776268318  0.3062063762240798
12.48  0.7070021843293346  0.538308515907685
12.49  0.5384681546750132  0.7358684942877376
12.5  0.3138745037667017  0.8783055452352884
12.51  0.051878692448441954  0.9496042182358928
12.52  -0.22430806631775876  0.9402339863894217
12.530000000000001  -0.48922098328199487  0.8484157505099126
12.540000000000001  -0.7177759686364209  0.6805601487941856
12.55  -0.887936706264873  0.45079969454207625
12.56  -0.9831006775821477  0.17964703615688205
12.57  -0.9939181564743405  -0.10807954603600936
12.58  -0.9193235865170495  -0.3858296850948559
12.59  -0.7666534218445009  -0.6280961516613037
12.6  -0.5508360088601161  -0.8130685576169306
12.61  -0.2927525137447166  -0.924857914884505
12.620000000000001  -0.016968086059142948  -0.955039237004338
12.63  0.25089386144486625  -0.9033457935164177
12.64  0.4868236123817252  -0.7774547284212723
12.65  0.6708351614718701  -0.5919150773279691
12.66  0.7888474344605974  -0.3663709100377645
12.67  0.8338434067268805  -0.12331127709711226
12.68  0.806208705313376  0.11437469299068076
12.69  0.7132541619076682  0.32574956021993307
12.700000000000001  0.5680238134847029  0.49382508168247474
12.71  0.3875686770468726  0.6070022358929955
12.72  0.19091807696818552  0.6598300815101636
12.73  -0.00300052221863434  0.6530492284031048
12.74  -0.17725553406084874  0.5929727860499256
12.75  -0.31842307818394766  0.4903312969132877
12.76  -0.4175828019618522  0.358759964063126
12.77  -0.47073693096323804  0.2131316810151699
12.780000000000001  -0.4786652862262455  0.06793719306486483
12.790000000000001  -0.44629350643640886  -0.06411287930650135
12.8  -0.3816998996834407  -0.17313452471535415
12.81  -0.29491385132963477  -0.25269154688089357
12.82  -0.1966643893266531  -0.2999759673756142
12.83  -0.09722323766752182  -0.3155850942964876
12.84  -0.005456763387644914  -0.3029743958562779
12.85  0.07183854283944106  -0.26769186474630463
12.86  0.13028567217931583  -0.21650967501869306
12.870000000000001  0.16797122523444818  -0.15656364816188073
12.88  0.18522709587719569  -0.09459326280830267
12.89  0.18421599707228545  -0.036348776001917785
12.9  0.16839871932751815  0.013797944204484939
12.91  0.14196139367023766  0.05303168708548872
12.92  0.10927200424437061  0.08007935883738618
12.93  0.07441969492723015  0.09503942628723122
12.94  0.040871168078335275  0.09910309719910265
12.950000000000001  0.011258713719679524  0.09421824899101083
12.96  -0.012703320981547285  0.0827437070766604
12.97  -0.030190703730638313  0.06713309151297359
12.98  -0.04115630402097122  0.04967610789412499
12.99  -0.04616220437600367  0.032312850693648684
13.0  -0.046186938374810554  0.01652512969975287
13.01  -0.04243408403993925  0.0032992860325920348
13.02  -0.03616241320559118  -0.006851829365747579
13.030000000000001  -0.02855075304186493  -0.01382385961249143
13.040000000000001  -0.020603747494207736  -0.017830119567385238
13.05  -0.013098648846346551  -0.019300925769049612
13.06  -0.006568648257129392  -0.018786265211869164
13.07  -0.0013152873515195225  -0.016871339149512023
13.08  0.0025588636716274028  -0.014110664588992464
13.09  0.005106060088207761  -0.010982879259767946
13.1  0.006485530996770628  -0.007865524781267178
13.11  0.006918017819014613  -0.005027053148199522
13.120000000000001  0.006646871357925129  -0.002632137087673547
13.13  0.0059079909714731945  -0.0007559735063318918
13.14  0.004909263547065137  0.0005965133131919449
13.15  0.003818917403518368  0.0014700317837694225
13.16  0.0027613884181662334  0.0019394592311933424
13.17  0.001818878897624148  0.002093263006350205
13.18  0.0010367068393486926  0.002020681845724847
13.19  0.00043070498814050477  0.0018028594498758134
13.200000000000001  -4.757815310800481e-06  0.0015076257621320947
13.21  -0.00028918005418764964  0.0011873142023231887
13.22  -0.00044942159544229874  0.0008788631473901254
13.23  -0.0005146182660140238  0.0006054412474321617
13.24  -0.0005125818002036544  0.0003789177457724775
13.25  -0.00046756464370190673  0.0002026317618380527
13.26  -0.00039915933260368635  7.406576193077884e-05
13.27  -0.00032205589376042604  -1.2826051638831197e-05
13.280000000000001  -0.00024638199417152895  -6.575938090500764e-05
13.290000000000001  -0.0001783829616463275  -9.276088588964495e-05
13.3  -0.00012124765179700886  -0.00010127264240561301
13.31  -7.59398473320511e-05  -9.764596151334355e-05
13.32  -4.1945324774330793e-05  -8.693464900925006e-05
13.33  -1.7887086249067834e-05  -7.289797038704168e-05
13.34  -1.9934424358655984e-06  -5.8133963764571974e-05
13.35  7.574424181298644e-06  -4.4279321344434874e-05
13.36  1.2515871765777211e-05  -3.222905082443845e-05
13.370000000000001  1.4279882537930085e-05  -2.2344984099658356e-05
13.38  1.4023859554234887e-05  -1.4635475562007395e-05
13.39  1.2618741774685135e-05  -8.898749585362104e-06
13.4  1.0681263482409381e-05  -4.829349997001355e-06
13.41  8.61891116892582e-06  -2.091417219910276e-06
13.42  6.677603802138689e-06  -3.646492863877238e-07
13.43  4.985914846205135e-06  6.305988951763458e-07
13.44  3.592595192338767e-06  1.1230058250820884e-06
13.450000000000001  2.4962477744647015e-06  1.2896062204417093e-06
13.46  1.6673522981790186e-06  1.2607086945929502e-06
13.47  1.0635946105947908e-06  1.1274768758727625e-06
13.48  6.397805402864741e-07  9.50210842721345e-07
13.49  3.536538666398233e-07  7.661409277890965e-07
13.5  1.6881054638402413e-07  5.961198406637972e-07
13.51  5.569406813031481e-08  4.4999153352363404e-07
13.52  -8.57090045240502e-09  3.3065958139086154e-07
13.530000000000001  -4.0961776029014215e-08  2.3701077684416967e-07
13.540000000000001  -5.359235233519993e-08  1.6590516357105049e-07
13.55  -5.4771725133752846e-08  1.1345010129170356e-07
13.56  -4.99629908613495e-08  7.575468117407423e-08
13.57  -4.2585865925018425e-08  4.932700931806436e-08
13.58  -3.4650723426337e-08  3.12402763234661e-08
13.59  -2.7236054915503607e-08  1.9159720717753178e-08
13.6  -2.0832967078676845e-08  1.1294232166666337e-08
13.61  -1.5583736696746033e-08  6.314184059154641e-09
13.620000000000001  -1.1440154715281818e-08  3.2607860653424e-09
13.63  -8.263792627211544e-09  1.4609157360948082e-09
13.64  -5.885951021013882e-09  4.539600606418489e-10
13.65  -4.140789608098325e-09  -6.734820052174624e-11
13.66  -2.8814326504958245e-09  -3.0265326811469064e-10
13.67  -1.9858560353146287e-09  -3.7803135498003654e-10
13.68  -1.3570851231028013e-09  -3.705618107525075e-10
13.69  -9.205803412782145e-10  -3.2555344721519125e-10
13.700000000000001  -6.205396906277727e-10  -2.6829914420235864e-10
13.71  -4.160843899454482e-10  -2.1188630520283214e-10
13.72  -2.778099153114719e-10  -1.622476772937913e-10
13.73  -1.8489404862352588e-10  -1.2133337749058194e-10
13.74  -1.2279098754959705e-10  -8.903887889559261e-11
13.75  -8.145935892862969e-11  -6.433083107505928e-11
13.76  -5.4038915649906064e-11  -4.587123970529136e-11
13.77  -3.588491264268653e-11  -3.233799493726178e-11
13.780000000000001  -2.3877080253396603e-11  -2.2568912242033016e-11
13.790000000000001  -1.5933070532060114e-11  -1.560831278067562e-11
13.8  -1.0670733580283344e-11  -1.070411804753204e-11
13.81  -7.176652815725669e-12  -7.282673179022288e-12
13.82  -4.848959937299519e-12  -4.916740601656854e-12
13.83  -3.2918783261576382e-12  -3.2939224743171373e-12
13.84  -2.245292748428106e-12  -2.1893121031924613e-12
13.85  -1.53815960068195e-12  -1.4429855958022314e-12
13.86  -1.057776630316565e-12  -9.424221870605415e-13
13.870000000000001  -7.296810042032222e-13  -6.092117512645607e-13
13.88  -5.044481213374572e-13  -3.8917192595954117e-13
13.89  -3.4912894769825175e-13  -2.4508680289294695e-13
13.9  -2.416170499914602e-13  -1.5164552573467917e-13
13.91  -1.669943636052637e-13  -9.169198082919711e-14
13.92  -1.1513462365751015e-13  -5.370018709617793e-14
13.93  -7.909729318307618e-14  -3.000111354246494e-14
13.94  -5.4103700727344517e-14  -1.5515039007466556e-14
13.950000000000001  -3.6829814145912725e-14  -6.882800250284338e-15
13.96  -2.498101577527745e-14  -1.9523744420424e-15
13.97  -1.692113085078714e-14  6.791860454176e-16
13.98  -1.1503136847324362e-14  1.888489862469712e-15
13.99  -7.896155713519267e-15  2.2420526836916873e-15
14.0  -5.501981025867673e-15  2.0987244718745074e-15
14.01  -3.920191555756762e-15  1.6730764397561288e-15
14.02  -2.839370215998015e-15  1.1130162953746215e-15
14.030000000000001  -2.0684634308181752e-15  5.043947591859346e-16
14.040000000000001  -1.4454139216449005e-15  -5.842966785565126e-17
14.05  -9.049248613559022e-16  -5.395254105249599e-16
14.06  -3.9067502085250973e-16  -9.014518597973923e-16
14.07  1.1432658798889726e-16  -1.1132123990955676e-15
14.08  5.97481174445554e-16  -1.1601307550985418e-15
14.09  1.0273755253569102e-15  -1.0478639604996628e-15
14.1  1.3743509662506867e-15  -7.867547550223539e-16
14.11  1.6076759431797349e-15  -4.1005153075197253e-16
14.120000000000001  1.7046855774195576e-15  3.502022432205837e-17
14.13  1.6455514233211502e-15  5.133373796467538e-16
14.14  1.4360833770401091e-15  9.536043096089506e-16
14.15  1.0937167243069168e-15  1.3219704416986344e-15
14.16  6.590084853946207e-16  1.5746264601322099e-15
14.17  1.6869274723861004e-16  1.6768817580152193e-15
14.18  -3.1946239602555056e-16  1.622964102547402e-15
14.19  -7.591711684375883e-16  1.4301608080448873e-15
14.200000000000001  -1.1056273849010306e-15  1.115681293968401e-15
14.21  -1.3379294831449089e-15  7.184919443601039e-16
14.22  -1.432803078361243e-15  2.9157841560784463e-16
14.23  -1.3839355884643331e-15  -1.2267689083264958e-16
14.24  -1.220143632544571e-15  -4.908732376508872e-16
14.25  -9.629865947568761e-16  -7.661628085588309e-16
14.26  -6.520288858644056e-16  -9.273978318728818e-16
14.27  -3.3776517985765014e-16  -9.761949804050847e-16
14.280000000000001  -5.874110756114204e-17  -9.209354833599757e-16
14.290000000000001  1.572377932916133e-16  -8.006483478917425e-16
14.3  3.095909173905137e-16  -6.29576478613981e-16
14.31  3.7335775578665754e-16  -4.582932232729339e-16
14.32  3.7232474740169505e-16  -3.153362715506712e-16
14.33  3.2398837581265873e-16  -2.1894101175093203e-16
14.34  2.711299082430998e-16  -1.8296143449044512e-16
14.35  2.28051593647907e-16  -1.9439448623660156e-16
14.36  2.300767273400417e-16  -2.299732435256232e-16
14.370000000000001  2.848573941511535e-16  -2.873131890985524e-16
14.38  4.0144370222576527e-16  -3.0909895824362784e-16
14.39  5.568885119098047e-16  -2.8296257398988293e-16
14.4  7.203342788232849e-16  -1.7247664696884364e-16
14.41  8.662629288671039e-16  1.9829832846534565e-17
14.42  9.577007847161955e-16  2.7903790430771754e-16
14.43  9.426071988455441e-16  6.109332292831269e-16
14.44  8.096468825630419e-16  9.43280771873274e-16
14.450000000000001  5.494907882955823e-16  1.242408179981426e-15
14.46  1.701247638291184e-16  1.4659642295008529e-15
14.47  -2.809159280586159e-16  1.5787341318474398e-15
14.48  -7.909318808338938e-16  1.5500108727406952e-15
14.49  -1.3194277143641866e-15  1.3348316222475445e-15
14.5  -1.7495624188212623e-15  9.471567230945566e-16
14.51  -2.0671932783813562e-15  4.105349283514615e-16
14.52  -2.205403858070526e-15  -2.546133557598324e-16
14.530000000000001  -2.14076282391467e-15  -9.5342198598053e-16
14.540000000000001  -1.848058252282511e-15  -1.6350682096246555e-15
14.55  -1.3277309032023665e-15  -2.2142947571708615e-15
14.56  -6.295465741197284e-16  -2.601491753235226e-15
14.57  1.994735236478032e-16  -2.7788037244804284e-15
14.58  1.0515494058069108e-15  -2.691322097585945e-15
14.59  1.8792146556893516e-15  -2.336405341163564e-15
14.6  2.574224917524524e-15  -1.7308513019885518e-15
14.61  3.0542650928803086e-15  -9.211432010523647e-16
14.620000000000001  3.2239109992091285e-15  3.4947115608587627e-17
14.63  3.1491419887860884e-15  1.0313968639244733e-15
14.64  2.7741238816627652e-15  1.96862400863365e-15
14.65  2.126171174710365e-15  2.7354491312025298e-15
14.66  1.243129257286701e-15  3.299704092392177e-15
14.67  2.2096584921361688e-16  3.581664110091215e-15
14.68  -8.644005271780838e-16  3.493400329430349e-15
14.69  -1.875884898745766e-15  3.0880854126323706e-15
14.700000000000001  -2.712206021845076e-15  2.389525081647358e-15
14.71  -3.2852729711951192e-15  1.4816266691859107e-15
14.72  -3.575823003306523e-15  4.619375457788133e-16
14.73  -3.558118974714103e-15  -5.937096755558673e-16
14.74  -3.221881503786256e-15  -1.6141609382199644e-15
14.75  -2.574477875630719e-15  -2.479101115747897e-15
14.76  -1.6988880369258698e-15  -3.095539241222894e-15
14.77  -7.074469251381988e-16  -3.409383361332843e-15
14.780000000000001  3.13675265454371e-16  -3.420762537285283e-15
14.790000000000001  1.2868002344444322e-15  -3.1045683991805106e-15
14.8  2.106292571131279e-15  -2.5365186931942302e-15
14.81  2.7229881318856864e-15  -1.774684117900882e-15
14.82  3.0492266492627313e-15  -8.736744832808289e-16
14.83  3.1044263116438612e-15  5.810630078770297e-17
14.84  2.880401488373659e-15  9.454180379420191e-16
14.85  2.4071125718976098e-15  1.6952252410187042e-15
14.86  1.766235924277521e-15  2.2537970740070152e-15
14.870000000000001  9.961053046798015e-16  2.5905811082064594e-15
14.88  2.2076914626728386e-16  2.6948756029612337e-15
14.89  -5.427326634785642e-16  2.5883839590398097e-15
14.9  -1.228308323448907e-15  2.27948911806622e-15
14.91  -1.7766144182356024e-15  1.7936993415355233e-15
14.92  -2.1617674282109247e-15  1.2066910831897146e-15
14.93  -2.3754901179809056e-15  5.780279948687119e-16
14.94  -2.400871976274176e-15  -8.745165682874235e-17
14.950000000000001  -2.257081768173042e-15  -7.189972676017518e-16
14.96  -1.960810452437559e-15  -1.2700328391213156e-15
14.97  -1.544029336417401e-15  -1.7279682576889238e-15
14.98  -1.033332059272903e-15  -2.0588798458847585e-15
14.99  -4.711655521508829e-16  -2.254146110336123e-15
15.0  1.1773347274908945e-16  -2.301853879538385e-15
