t   Re(c(t))    Im(c(t))
0.0  0.9999999999999999  0.0
0.01  0.873819861403355  0.3391329638546345
0.02  0.6176038686617912  0.4953076830855609
0.03  0.40033875376140937  0.4940065501539791
0.04  0.2660067431974967  0.43345847655638414
0.05  0.19161563868731535  0.3682413286023216
0.06  0.15071751374545594  0.3141506980189056
0.07  0.12728859803055226  0.27222404743928824
0.08  0.11301997220750078  0.24002322418862435
0.09  0.10372786693042531  0.21501275749870186
0.1  0.09726803032066066  0.1952388566982403
0.11  0.09250177136652084  0.1793071519048907
0.12  0.08879897428548933  0.16623904945788737
0.13  0.08579608631440301  0.15534421727300318
0.14  0.08327472541119874  0.1461289494622076
0.15  0.0810986073098493  0.1382341853652009
0.16  0.07917956975430128  0.13139420215957562
0.17  0.07745862046239936  0.12540899392520508
0.18  0.07589501170346429  0.12012559533165015
0.19  0.07445974567169471  0.11542526925989419
0.2  0.07313160200240935  0.11121457864672575
0.21  0.07189464264668015  0.10741906633558247
0.22  0.07073660542944056  0.10397871218859787
0.23  0.0696478455489473  0.10084461973110395
0.24  0.06862062278081896  0.09797656607697881
0.25  0.06764861152470845  0.09534116667124365
0.26  0.06672655741495992  0.09291048386960286
0.27  0.06585003216814478  0.09066096005483415
0.28  0.06501525546277667  0.08857259093779911
0.29  0.06421896334000736  0.08662827864332434
0.3  0.06345830941462478  0.08481332081163942
0.31  0.06273078958466775  0.08311500363667712
0.32  0.06203418381949221  0.08152227507821574
0.33  0.06136651053576049  0.08002548046656983
0.34  0.06072599037716982  0.07861614706738207
0.35000000000000003  0.060111017110256765  0.07728680736780053
0.36  0.05952013397193226  0.07603085321325442
0.37  0.05895201424318089  0.07484241469565227
0.38  0.058405445135931405  0.07371625903070202
0.39  0.05787931430532572  0.07264770567911279
0.4  0.05737259846368434  0.07163255474617984
0.41000000000000003  0.056884353693258  0.07066702629645376
0.42  0.05641370714469841  0.06974770868852631
0.43  0.05595984987565982  0.06887151440160859
0.44  0.05552203063511129  0.06803564211442813
0.45  0.055099550438096195  0.06723754402590804
0.46  0.05469175780590501  0.0664748975895832
0.47000000000000003  0.05429804457016574  0.06574558097997718
0.48  0.0539178421578376  0.06504765172701323
0.49  0.05355061828871637  0.06437932804996109
0.5  0.05319587402872159  0.06373897250006351
0.51  0.05285314115160283  0.06312507758444919
0.52  0.052521979769279414  0.0625362530960396
0.53  0.05220197619719938  0.06197121491710862
0.54  0.05189274102616204  0.06142877509970962
0.55  0.051593907376220764  0.06090783305573047
0.56  0.05130512931174416  0.0604073677139799
0.5700000000000001  0.05102608039960166  0.05992643052233896
0.58  0.05075645239486304  0.059464139190339604
0.59  0.05049595404044352  0.05901967208213719
0.6  0.05024430996885616  0.0585922631821927
0.61  0.050001259695707415  0.058181197566452604
0.62  0.049766556695830105  0.05778580732072498
0.63  0.04953996755402936  0.05740546785555037
0.64  0.049321271183348926  0.05703959457336954
0.65  0.04911025810457086  0.05668763984936792
0.66  0.048906729781361936  0.0563490902921755
0.67  0.04871049800608898  0.05602346425473623
0.68  0.04852138433185893  0.05571030956923907
0.6900000000000001  0.04833921954680636  0.055409201483099815
0.7000000000000001  0.04816384318706107  0.05511974077567398
0.71  0.04799510308519138  0.05484155203772348
0.72  0.047832854951238846  0.0545742820977024
0.73  0.047676961983743084  0.054317598580713604
0.74  0.04752729450840808  0.05407118858755126
0.75  0.04738372964228629  0.05383475748261901
0.76  0.047246150981556295  0.053608027780719984
0.77  0.04711444831114972  0.053390738123779695
0.78  0.04698851733464418  0.053182642339501665
0.79  0.046868259422982964  0.05298350857478767
0.8  0.046753581380712554  0.052793118497489945
0.81  0.04664439522854594  0.05261126656071659
0.8200000000000001  0.046540618001167176  0.05243775932449314
0.8300000000000001  0.04644217155928685  0.052272414830101116
0.84  0.04634898241504703  0.05211506202287597
0.85  0.04626098156995262  0.05196554021966157
0.86  0.04617810436457918  0.05182369861748703
0.87  0.04610029033937221  0.051689395840365616
0.88  0.046027483105915194  0.05156249952141273
0.89  0.04595963022809707  0.05144288591774985
0.9  0.045896683112663074  0.05133043955590466
0.91  0.045838596908678045  0.051225052905636365
0.92  0.045785330415475944  0.05112662608031509
0.93  0.0457368459987098  0.0510350665621649
0.9400000000000001  0.04569310951415309  0.05095028895084511
0.9500000000000001  0.045654090238939515  0.05087221473399533
0.96  0.045619760809959886  0.050800772078507084
0.97  0.045590097169166795  0.050735895641411836
0.98  0.045565078515566126  0.050677526399392804
0.99  0.045544687263701845  0.050625611496034756
1.0  0.04552890900846728  0.05058010410602723
1.01  0.04551773249610171  0.050540963315630696
1.02  0.04551114960125301  0.05050815401880285
1.03  0.04550915531001313  0.05048164682846406
1.04  0.045511747708853884  0.0504614180024619
1.05  0.04551892797941319  0.05044744938386719
1.06  0.04553070039910378  0.05043972835530765
1.07  0.04554707234753777  0.050438247807113715
1.08  0.04556805431878173  0.0504430061191197
1.09  0.04559365993947842  0.05045400715602966
1.1  0.04562390599289227  0.050471260276322844
1.11  0.045658812448958204  0.050494780354738845
1.12  0.045698402500435276  0.05052458781844979
1.1300000000000001  0.045742702605288746  0.05056070869709156
1.1400000000000001  0.04579174253544809  0.05060317468689614
1.1500000000000001  0.045845555432112196  0.05065202322923508
1.16  0.045904177867798324  0.050707297603957896
1.17  0.045967649915357296  0.05076904703798451
1.18  0.04603601522420475  0.05083732682968942
1.19  0.0461093211040469  0.05091219848970028
1.2  0.046187618616409645  0.050993729898820256
1.21  0.046270962674312216  0.05108199548388031
1.22  0.046359412150460556  0.051177076412428246
1.23  0.04645302999437182  0.05127906080727092
1.24  0.04655188335887911  0.05138804398200425
1.25  0.046656043736508904  0.05150412869879344
1.26  0.04676558710626653  0.05162742544980628
1.27  0.04688059409141285  0.05175805276385495
1.28  0.04700115012886609  0.05189613753996776
1.29  0.047127345650918556  0.05204181540979618
1.3  0.047259276280016416  0.05219523113096434
1.31  0.04739704303741474  0.05235653901368995
1.32  0.04754075256658941  0.05252590338325239
1.33  0.047690517372361546  0.05270349908115546
1.34  0.04784645607676997  0.0528895120081345
1.35  0.048008693692816407  0.053084139712493705
1.36  0.04817736191729945  0.053287592027634584
1.37  0.048352599444057814  0.053500091763051975
1.3800000000000001  0.048534552299052736  0.05372187545354459
1.3900000000000001  0.048723374198837974  0.053953194171906506
1.4000000000000001  0.04891922693409651  0.05419431441095496
1.41  0.04912228078006156  0.054445519041408486
1.42  0.049332714935790445  0.05470710835287106
1.43  0.049550717994423926  0.054979401186016144
1.44  0.04977648844673721  0.055262736165009874
1.45  0.050010235220478386  0.05555747304028328
1.46  0.05025217825819244  0.055863994152976715
1.47  0.05050254913644593  0.056182706033759494
1.48  0.050761591729598265  0.05651404115029721
1.49  0.051029562921510375  0.05685845981942983
1.5  0.0513067333688408  0.05721645230216892
1.51  0.051593388319850025  0.05758854110196596
1.52  0.051889828492914375  0.057975283489391516
1.53  0.052196371019239796  0.058377274279457186
1.54  0.052513350454553666  0.058795148891375416
1.55  0.05284111986483896  0.05922958672466903
1.56  0.05318005199144269  0.059681314890308416
1.57  0.053530540501131846  0.06015111234108692
1.58  0.0538930013268633  0.06063981445188138
1.59  0.05426787410515488  0.06114831810795527
1.6  0.05465562371595779  0.06167758736824398
1.61  0.05505674193079542  0.062228659780862165
1.62  0.05547174917458049  0.06280265344018797
1.6300000000000001  0.0559011964058782  0.06340077488916722
1.6400000000000001  0.05634566711933419  0.06402432798738232
1.6500000000000001  0.05680577947238833  0.06467472388548859
1.6600000000000001  0.05728218853605354  0.0653534922704946
1.67  0.05777558866619348  0.06606229407487627
1.68  0.05828671598703328  0.06680293587667961
1.69  0.05881635097211431  0.06757738625884935
1.7  0.059365321098925145  0.06838779444559498
1.71  0.05993450354114817  0.0692365115936504
1.72  0.06052482784569507  0.0701261151892854
1.73  0.061137278518879616  0.07105943709102512
1.74  0.06177289741503116  0.07203959586722096
1.75  0.062432785778604206  0.07307003421196386
1.76  0.06311810573328146  0.07415456238883579
1.77  0.06383008093298137  0.07529740885799634
1.78  0.06456999598208531  0.07650327949884456
1.79  0.06533919408436505  0.07777742716188829
1.8  0.06613907217613205  0.0791257336875385
1.81  0.06697107251640048  0.08055480703981877
1.82  0.06783666931283626  0.08207209685007565
1.83  0.06873734840990946  0.08368603248970173
1.84  0.06967457728632497  0.08540618884384835
1.85  0.07064976150146376  0.08724348630804549
1.86  0.07166418214524577  0.0892104332644102
1.87  0.07271890655776007  0.09132142152592532
1.8800000000000001  0.07381466125413805  0.09359308810638692
1.8900000000000001  0.07495165109686443  0.09604476034862491
1.9000000000000001  0.0761293015002833  0.0986990061121189
1.9100000000000001  0.0773458895811808  0.10158231655774107
1.92  0.07859801372031999  0.10472595615009561
1.93  0.07987982585697395  0.10816702261237537
1.94  0.08118191202845731  0.11194976777004247
1.95  0.08248964622375987  0.1161272358771828
1.96  0.08378074781451535  0.12076327275518149
1.97  0.0850216235630335  0.1259349323424057
1.98  0.0861618407696832  0.13173522490530432
1.99  0.08712571500392896  0.13827594343514932
2.0  0.08779945389467501  0.1456898226295383
2.0100000000000002  0.08801155954067728  0.1541302169013736
2.02  0.08750341553555963  0.163764206252333
2.0300000000000002  0.08588696309138505  0.17475041514209022
2.04  0.08258977600683243  0.18718426074385594
2.05  0.07680196996076888  0.20098055755191552
2.06  0.06747925432650607  0.21565585957655792
2.07  0.05353466039184327  0.2300130987362603
2.08  0.034407820380839116  0.2419121065288816
2.09  0.010965867111020627  0.24862485499614195
2.1  -0.01405172267614121  0.2481547421370773
2.11  -0.037068977596156454  0.24065331957956243
2.12  -0.05555801483233036  0.22830132459399122
2.13  -0.06887586619697957  0.21380696930889442
2.14  -0.07769492595059024  0.1991939105752657
2.15  -0.08311866157793094  0.18555227912206446
2.16  -0.08616689285721785  0.17329991254989982
2.17  -0.08761797751163186  0.16248991276451355
2.18  -0.08801808682906345  0.15301420042359828
2.19  -0.0877363204667298  0.14471100108326365
2.2  -0.08701838733181722  0.1374141717571428
2.21  -0.08602720395228432  0.130972750082447
2.22  -0.08487089656267231  0.12525667703057408
2.23  -0.08362140263947747  0.12015664878464359
2.24  -0.08232666326163518  0.11558180541159853
2.25  -0.08101860286612689  0.11145688727229063
2.2600000000000002  -0.07971837607050898  0.10771952114947794
2.27  -0.07843984397657622  0.1043178627917961
2.2800000000000002  -0.07719189808885313  0.10120863644669963
2.29  -0.07598002829881417  0.09835553931414132
2.3000000000000003  -0.07480739035346774  0.09572795631564651
2.31  -0.0736755386307431  0.09329992898846264
2.32  -0.07258493288003841  0.09104932853223266
2.33  -0.07153529084341885  0.08895719132176567
2.34  -0.07052583484099627  0.08700718321543999
2.35  -0.0695554647930279  0.08518516591873396
2.36  -0.0686228798211154  0.08347884434559065
2.37  -0.06772666366579452  0.08187747845442646
2.38  -0.06686534449644821  0.0803716465998956
2.39  -0.06603743651278153  0.07895305022236937
2.4  -0.0652414685525366  0.07761435185973935
2.41  -0.06447600340494082  0.07634904014725866
2.42  -0.06373965047000144  0.07515131677963144
2.43  -0.0630310736574959  0.07401600143056485
2.44  -0.06234899589015197  0.07293845142426443
2.45  -0.06169220119761392  0.07191449358138995
2.46  -0.061059535116434895  0.07094036615748665
2.47  -0.060449903915462566  0.07001266918450859
2.48  -0.05986227302393246  0.06912832183847462
2.49  -0.05929566493614611  0.06828452570601783
2.5  -0.05874915679103485  0.06747873302306188
2.5100000000000002  -0.05822187776953569  0.0667086191204953
2.52  -0.05771300641205791  0.06597205844259856
2.5300000000000002  -0.057221767928442115  0.06526710361040204
2.54  -0.05674743155085069  0.06459196708904409
2.5500000000000003  -0.056289307963897375  0.06394500508942444
2.56  -0.05584674683450122  0.0633247033930601
2.57  -0.05541913445531982  0.06272966483746756
2.58  -0.05500589150935196  0.06215859823953245
2.59  -0.05460647095879228  0.06161030856772492
2.6  -0.05422035605801745  0.061083688201900535
2.61  -0.05384705848834699  0.06057770914278371
2.62  -0.05348611661070272  0.06009141605285953
2.63  -0.05313709383129861  0.059623920026948864
2.64  -0.05279957707489057  0.05917439300473657
2.65  -0.05247317535979534  0.05874206274939118
2.66  -0.05215751846877135  0.05832620832651095
2.67  -0.05185225570988497  0.057926156026242716
2.68  -0.05155705476161654  0.05754127567878473
2.69  -0.05127160059666084  0.05717097731980069
2.7  -0.05099559447912203  0.056814708167701206
2.71  -0.0507287530300741  0.05647194987942908
2.72  -0.05047080735674441  0.05614221605542642
2.73  -0.05022150224086661  0.055825049967962184
2.74  -0.04998059538203663  0.055520022490036805
2.75  -0.049747856692185954  0.055226730204723
2.7600000000000002  -0.04952306763755472  0.05494479367710399
2.77  -0.04930602062480529  0.054673855872984116
2.7800000000000002  -0.04909651842815976  0.05441358071030618
2.79  -0.04889437365467486  0.054163651730755547
2.8000000000000003  -0.04869940824498187  0.05392377088038667
2.81  -0.04851145300702019  0.05369365738930372
2.82  -0.048330347180479925  0.053473046741481234
2.83  -0.048155938029843665  0.0532616897267407
2.84  -0.047988080464076904  0.05305935156772487
2.85  -0.047826636681168114  0.052865811115443063
2.86  -0.047671475835856895  0.052680860107608876
2.87  -0.047522473729015614  0.05250430248457111
2.88  -0.0473795125172694  0.05233595375815488
2.89  -0.047242480441548315  0.05217564042918901
2.9  -0.04711127157336588  0.05202319944990891
2.91  -0.04698578557771237  0.05187847772779276
2.92  -0.04686592749153693  0.05174133166772091
2.93  -0.046751607516872296  0.05161162674964597
2.94  -0.04664274082772974  0.05148923713923087
2.95  -0.046539247389960174  0.051374045329154086
2.96  -0.04644105179334061  0.05126594180900215
2.97  -0.04634808309520411  0.051164824761867234
2.98  -0.04626027467498545  0.05107059978594991
2.99  -0.04617756409910523  0.05098317963963155
3.0  -0.04609989299566242  0.050902484008632114
3.0100000000000002  -0.04602720693844917  0.050828439294007335
3.02  -0.0459594553398435  0.05076097841986596
3.0300000000000002  -0.0458965913521728  0.050700040659804296
3.04  -0.045838571777177414  0.0506455714811646
3.0500000000000003  -0.04578535698323702  0.05059752240632372
3.06  -0.045736910830055294  0.05055585089031374
3.0700000000000003  -0.04569320060052809  0.05052052021416277
3.08  -0.04565419693954855  0.05049149939342791
3.09  -0.04561987379952968  0.05046876310147102
3.1  -0.04559020839245166  0.050452291607103655
3.11  -0.04556518114826529  0.05044207072629832
3.12  -0.04554477567950725  0.05043809178773439
3.13  -0.04552897875200629  0.05044035161201317
3.14  -0.04551778026158135  0.05044885250444464
3.15  -0.04551117321665529  0.0504636022613734
3.16  -0.04550915372672998  0.05048461419007688
3.17  -0.04551172099668846  0.05051190714233427
3.18  -0.04551887732691223  0.05054550556183273
3.19  -0.045530628119223954  0.050585439545644255
3.2  -0.04554698188868575  0.05063174492007569
3.21  -0.04556795028130539  0.05068446333126791
3.22  -0.04559354809772525  0.05074364235099611
3.23  -0.04562379332299195  0.05080933559820018
3.24  -0.045658707162526874  0.050881602876859236
3.25  -0.045698314084442526  0.05096051033091246
3.2600000000000002  -0.045742641868375136  0.05104613061702336
3.27  -0.04579172166103053  0.05113854309608537
3.2800000000000002  -0.04584558803866676  0.0512378340444756
3.29  -0.045904279076767245  0.05134409688618316
3.3000000000000003  -0.04596783642719013  0.05145743244706489
3.31  -0.0460363054031101  0.051577949232621115
3.3200000000000003  -0.04610973507210695  0.05170576373083732
3.33  -0.04618817835779132  0.0518410007418032
3.34  -0.04627169215039967  0.051983793736004126
3.35  -0.04636033742683336  0.052134285243382254
3.36  -0.04645417938066654  0.052292627275486836
3.37  -0.04655328756269683  0.05245898178327795
3.38  -0.046657736032669796  0.05263352115342257
3.39  -0.046767603522869974  0.05281642874622329
3.4  -0.04688297361433679  0.053007899478656875
3.41  -0.04700393492653773  0.053208140456376424
3.42  -0.04713058132141207  0.05341737165894799
3.43  -0.04726301212278483  0.05363582668306313
3.44  -0.04740133235225021  0.05386375354899369
3.45  -0.04754565298272963  0.05410141557614408
3.46  -0.047696091211028434  0.05434909233422167
3.47  -0.04785277075084851  0.05460708067729191
3.48  -0.0480158221478588  0.05487569586882877
3.49  -0.04818538311858938  0.05515527280682597
3.5  -0.048361598915097316  0.055446167359114784
3.5100000000000002  -0.04854462271755453  0.05574875782026109
3.52  -0.04873461605713654  0.0560634465028109
3.5300000000000002  -0.04893174927184663  0.05639066147724239
3.54  -0.04913620199819714  0.056730858476799574
3.5500000000000003  -0.04934816370199609  0.05708452298546152
3.56  -0.0495678342518546  0.05745217252968113
3.5700000000000003  -0.04979542453944725  0.057834359197268176
3.58  -0.050031157151032825  0.05823167240994396
3.59  -0.05027526709528407  0.058644741979736764
3.6  -0.05052800259309609  0.05907424148360177
3.61  -0.050789625935754625  0.059520891995535535
3.62  -0.05106041441866607  0.0599854662211424
3.63  -0.051340661358799514  0.06046879308623907
3.64  -0.05163067720509389  0.060971762838835764
3.65  -0.05193079075236539  0.06149533273292297
3.66  -0.05224135047075536  0.06204053337318102
3.67  -0.0525627259645231  0.06260847581233668
3.68  -0.052895309576074294  0.0632003595078114
3.69  -0.05323951815359293  0.06381748126200991
3.7  -0.05359579500359684  0.06446124529168766
3.71  -0.05396461205327929  0.06513317459703923
3.72  -0.05434647225177119  0.06583492383138094
3.73  -0.0547419122446438  0.06656829390869641
3.74  -0.05515150536229967  0.067335248630305
3.75  -0.05557586497067765  0.06813793366530174
3.7600000000000002  -0.05601564824232114  0.06897869828448193
3.77  -0.056471560417850446  0.06986012032711263
3.7800000000000002  -0.0569443596429295  0.07078503497786369
3.79  -0.05743486248485751  0.07175656805225165
3.8000000000000003  -0.05794395025719054  0.07277817463927237
3.81  -0.05847257631200599  0.0738536841375758
3.8200000000000003  -0.05902177449988974  0.07498735295714358
3.83  -0.059592669050666895  0.07618392645591283
3.84  -0.06018648619779601  0.07744871205868652
3.85  -0.06080456796252187  0.07878766598876141
3.86  -0.06144838863931266  0.08020749666441654
3.87  -0.06211957469470186  0.08171578861813063
3.88  -0.06281992902614345  0.0833211518483381
3.89  -0.06355146085338129  0.08503340289763374
3.9  -0.06431642297298007  0.08686378578744758
3.91  -0.06511735875848193  0.0888252433960614
3.92  -0.06595716222766045  0.09093275318436296
3.93  -0.06683915586887525  0.09320374569670312
3.94  -0.06776719294653169  0.09565863049352574
3.95  -0.06874579405018347  0.09832146284415222
3.96  -0.06978033229264367  0.10122079671684883
3.97  -0.070877288751707  0.10439078699714299
3.98  -0.07204461107972684  0.10787262895715949
3.99  -0.07329222638888298  0.11171645966952648
4.0  -0.07463278927837261  0.11598390037999076
4.01  -0.07608279559765103  0.12075150043603392
4.0200000000000005  -0.07766427751727777  0.12611546760181042
4.03  -0.07940744421958788  0.13219826130508633
4.04  -0.08135489965981674  0.13915792475110894
4.05  -0.08356856203253671  0.14720150346914077
4.0600000000000005  -0.08614134717980322  0.1566046424683138
4.07  -0.08921751654397476  0.16774061650001584
4.08  -0.09302931117908149  0.18112378748958716
4.09  -0.0979652641397079  0.19747477644183933
4.1  -0.10470227107458814  0.21781641909622038
4.11  -0.11446998576727402  0.24360543341153426
4.12  -0.12959533119236794  0.276872810603389
4.13  -0.15463466974490692  0.32020591228323636
4.14  -0.19863522709618553  0.3758884910584826
4.15  -0.2788732987004137  0.4419018021346364
4.16  -0.4228057122117712  0.4991340509938718
4.17  -0.6497900893112867  0.4864751973467427
4.18  -0.9010004322720516  0.3050352072729893
4.19  -0.9978136570570149  -0.04769992516135425
4.2  -0.8445803800687899  -0.3700136846955142
4.21  -0.586236765916196  -0.5016155223740072
4.22  -0.3792421572470992  -0.4880339334707922
4.23  -0.2540703273867799  -0.4249917679151392
4.24  -0.18510333208105204  -0.36078386291373055
4.25  -0.14706318239774227  -0.30828848940598436
4.26  -0.12511979651939928  -0.267726780314167
4.2700000000000005  -0.11164516304182417  -0.2365523649495238
4.28  -0.10279644810676235  -0.21229006761740432
4.29  -0.09659660774925508  -0.19306235449951456
4.3  -0.09199050087997995  -0.17753483087587757
4.3100000000000005  -0.08839117507358532  -0.16477114242162488
4.32  -0.08545823756917774  -0.1541098271760141
4.33  -0.0829862159385159  -0.1450768802995079
4.34  -0.08084628978793465  -0.13732681967184288
4.3500000000000005  -0.07895476315388922  -0.1306034196786296
4.36  -0.0772554035486164  -0.12471342647333579
4.37  -0.07570922045347794  -0.11950875517334697
4.38  -0.07428836673503285  -0.1148742532652112
4.39  -0.07297239562691397  -0.11071915681844953
4.4  -0.07174590223627378  -0.10697103067522361
4.41  -0.07059700054719979  -0.10357140457002866
4.42  -0.06951631709956807  -0.10047258471232164
4.43  -0.06849631154750657  -0.09763529218352103
4.44  -0.06753080847077234  -0.09502689120066772
4.45  -0.06661466846497549  -0.09262004390443296
4.46  -0.06574355279945825  -0.09039167750791553
4.47  -0.06491375205964127  -0.08832218295555339
4.48  -0.06412205928658636  -0.08639478711098497
4.49  -0.0633656745610472  -0.08459505639630728
4.5  -0.06264213215008592  -0.08291050100172298
4.51  -0.06194924408117666  -0.08133025676021402
4.5200000000000005  -0.06128505584517474  -0.07984482752682534
4.53  -0.060647811174954616  -0.07844587508422306
4.54  -0.06003592370265298  -0.07712604667120838
4.55  -0.05944795389463131  -0.07587883251341597
4.5600000000000005  -0.05888259008358207  -0.07469844744503217
4.57  -0.0583386327170536  -0.07357973200179188
4.58  -0.057814981158024706  -0.07251806934896812
4.59  -0.05731062253098192  -0.07150931516274986
4.6000000000000005  -0.05682462222329807  -0.07054973816676857
4.61  -0.056356115738349845  -0.06963596947960159
4.62  -0.055904301661966894  -0.06876495928484108
4.63  -0.05546843555326758  -0.06793393961581418
4.64  -0.055047824608827046  -0.06714039226951211
4.65  -0.05464182297841215  -0.066382021041753
4.66  -0.054249827633344454  -0.06565672761793709
4.67  -0.053871274706492736  -0.06496259056850699
4.68  -0.05350563623710647  -0.06429784699120071
4.69  -0.0531524172650446  -0.06366087641787997
4.7  -0.05281115322807189  -0.06305018666561861
4.71  -0.0524814076232773  -0.06246440136258291
4.72  -0.052162769899689265  -0.061902248921176795
4.73  -0.05185485355409672  -0.061362552765660786
4.74  -0.05155729440616084  -0.06084422265033047
4.75  -0.051269749032285455  -0.06034624692843879
4.76  -0.050991893340537914  -0.05986768565222716
4.7700000000000005  -0.05072342127128433  -0.05940766440139007
4.78  -0.05046404361020285  -0.05896536875159726
4.79  -0.0502134869020343  -0.05854003930679208
4.8  -0.04997149245487379  -0.058130967229248626
4.8100000000000005  -0.0497378154260415  -0.05773749021010047
4.82  -0.0495122239816321  -0.0573589888305088
4.83  -0.04929449852275791  -0.05699488327001565
4.84  -0.049084430972291294  -0.05664463032410209
4.8500000000000005  -0.048881824116600095  -0.05630772069767973
4.86  -0.04868649099736994  -0.055983676545306005
4.87  -0.048498254349129806  -0.055672049232426794
4.88  -0.04831694607855758  -0.05537241729499226
4.89  -0.048142406782047065  -0.055084384577436564
4.9  -0.047974485298373774  -0.054807578531315085
4.91  -0.047813038293612165  -0.054541648658900856
4.92  -0.04765792987573683  -0.05428626508779838
4.93  -0.04750903123658782  -0.05404111726417228
4.94  -0.047366220319103036  -0.053805912753538715
4.95  -0.04722938150791671  -0.0535803761392569
4.96  -0.04709840534160109  -0.053364248009904795
4.97  -0.04697318824498701  -0.05315728402764944
4.98  -0.04685363228014056  -0.05295925407053931
4.99  -0.046739644914702914  -0.0527699414423736
5.0  -0.04663113880641431  -0.05258914214444434
5.01  -0.046528031602750985  -0.05241666420402356
5.0200000000000005  -0.046430245754695725  -0.05225232705497616
5.03  -0.04633770834375084  -0.052095960966335744
5.04  -0.04625035092138004  -0.051947406515088806
5.05  -0.04616810936013732  -0.051806514099775894
5.0600000000000005  -0.04609092371580751  -0.05167314349184931
5.07  -0.04601873809994045  -0.051547163422019926
5.08  -0.04595150056221779  -0.05142845119909065
5.09  -0.04588916298214171  -0.05131689235901587
5.1000000000000005  -0.045831680969580936  -0.051212380342141775
5.11  -0.04577901377375235  -0.051114816196780724
5.12  -0.04573112420025707  -0.05102410830744922
5.13  -0.04568797853582775  -0.05094017214626483
5.14  -0.04564954648047666  -0.0508629300461452
5.15  -0.04561580108676853  -0.050792310994587586
5.16  -0.045586718705972376  -0.05072825044693538
5.17  -0.045562278940873835  -0.05067069015815191
5.18  -0.04554246460505849  -0.05061957803222886
5.19  -0.04552726168850318  -0.05057486798845622
5.2  -0.045516659329336406  -0.05053651984387597
5.21  -0.045510649791651606  -0.050504499211326374
5.22  -0.045509228449282804  -0.050478777412565734
5.23  -0.04551239377547379  -0.05045933140604521
5.24  -0.04552014733839288  -0.05044614372897355
5.25  -0.04553249380246757  -0.05043920245338677
5.26  -0.045549440935536006  -0.05043850115600641
5.2700000000000005  -0.04557099962183314  -0.050444038901738764
5.28  -0.045597183880848324  -0.05045582024073234
5.29  -0.04562801089211568  -0.050473855218975586
5.3  -0.04566350102601972  -0.05049815940248448
5.3100000000000005  -0.04570367788071969  -0.050528753915194735
5.32  -0.04574856832531984  -0.05056566549074026
5.33  -0.04579820254943491  -0.050608926538367106
5.34  -0.04585261411932627  -0.05065857522330228
5.3500000000000005  -0.04591184004080838  -0.05071465556197045
5.36  -0.04597592082915151  -0.05077721753252791
5.37  -0.0460449005862333  -0.05084631720126179
5.38  -0.0461188270852211  -0.0509220168654865
5.39  -0.04619775186309924  -0.051004385213659575
5.4  -0.0462817303213858  -0.05109349750353485
5.41  -0.04637082183541849  -0.05118943575927363
5.42  -0.0464650898726251  -0.051292288988544016
5.43  -0.046564602120233715  -0.05140215342075836
5.44  -0.04666943062291985  -0.05151913276772795
5.45  -0.046779651930932066  -0.05164333850815699
5.46  -0.04689534725928493  -0.0517748901975504
5.47  -0.047016602658660124  -0.05191391580527907
5.48  -0.04714350919871288  -0.05206055208073242
5.49  -0.0472761631645389  -0.052214944950691566
5.5  -0.04741466626712304  -0.052377249950281916
5.51  -0.047559125868660096  -0.05254763269011256
5.5200000000000005  -0.0477096552237128  -0.0527262693624873
5.53  -0.047866373737253436  -0.052913347289875984
5.54  -0.048029407240724575  -0.05310906551917707
5.55  -0.048198888287348224  -0.05331363546568135
5.5600000000000005  -0.048374956468016345  -0.05352728161107015
5.57  -0.04855775874920759  -0.05375024226025548
5.58  -0.04874744983449356  -0.053982770362399894
5.59  -0.04894419255133099  -0.05422513440204775
5.6000000000000005  -0.04914815826497604  -0.054477619366970945
5.61  -0.049359527321508605  -0.05474052780008403
5.62  -0.04957848952212023  -0.05501418094363402
5.63  -0.0498052446309947  -0.05529891998483134
5.64  -0.05004000291930166  -0.05559510741317402
5.65  -0.050282985748028065  -0.055903128500952005
5.66  -0.05053442619259007  -0.05622339291981935
5.67  -0.05079456971240155  -0.05655633650791776
5.68  -0.05106367486882161  -0.05690242320385535
5.69  -0.051342014095164194  -0.05726214716592451
5.7  -0.05162987452272475  -0.05763603509732678
5.71  -0.05192755886706188  -0.058024648800906735
5.72  -0.052235386379059695  -0.05842858799004518
5.73  -0.05255369386558584  -0.058848493385988736
5.74  -0.05288283678484315  -0.059285050136085364
5.75  -0.053223190421779636  -0.05973899159225025
5.76  -0.053575151149156675  -0.06021110349462403
5.7700000000000005  -0.0539391377800618  -0.060702228611945734
5.78  -0.05431559301776151  -0.06121327189782131
5.79  -0.05470498500878687  -0.06174520623102495
5.8  -0.05510780900498522  -0.06229907881848023
5.8100000000000005  -0.055524589139889086  -0.06287601835193427
5.82  -0.05595588032406196  -0.0634772430239261
5.83  -0.056402270262974286  -0.06410406952591426
5.84  -0.05686438159928349  -0.06475792317192489
5.8500000000000005  -0.05734287417894049  -0.06544034931548567
5.86  -0.05783844743705167  -0.06615302625677158
5.87  -0.05835184289452679  -0.06689777987184048
5.88  -0.05888384674975136  -0.06767660023788899
5.89  -0.059435292540181886  -0.06849166057922094
5.9  -0.0600070638359819  -0.06934533892013904
5.91  -0.06060009691038901  -0.07024024290579266
5.92  -0.061215383307786746  -0.07117923834338712
5.93  -0.06185397219819049  -0.07216548212818559
5.94  -0.0625169723629495  -0.07320246035664804
5.95  -0.06320555359663486  -0.07429403259955343
5.96  -0.06392094722836479  -0.0754444835196471
5.97  -0.0646644453538889  -0.07665858328233872
5.98  -0.06543739821589323  -0.07794165853861378
5.99  -0.06624120895759346  -0.07929967617525711
6.0  -0.06707732468007614  -0.0807393425530087
6.01  -0.06794722232298554  -0.08226822162004639
6.0200000000000005  -0.06885238731173873  -0.08389487613758809
6.03  -0.06979428210047416  -0.0856290373403848
6.04  -0.0707743005823296  -0.08748180974762637
6.05  -0.07179370267972765  -0.08946591962994971
6.0600000000000005  -0.07285352103055534  -0.09159601794137738
6.07  -0.07395442819309304  -0.09388905148504201
6.08  -0.07509654765504702  -0.09636471987022283
6.09  -0.07627918430309172  -0.09904604062397626
6.1000000000000005  -0.0775004385676241  -0.1019600508120968
6.11  -0.07875665112268117  -0.10513868075683395
6.12  -0.08004159849109171  -0.10861984363812252
6.13  -0.08134531890566402  -0.11244879284313032
6.140000000000001  -0.08265238386021684  -0.11667980393198096
6.15  -0.0839393304595883  -0.12137823292836432
6.16  -0.08517081170752477  -0.1266229712411601
6.17  -0.08629377399602625  -0.13250922442946028
6.18  -0.08722858828253507  -0.13915131047246207
6.19  -0.08785549432369762  -0.14668463956861705
6.2  -0.08799395838163518  -0.15526486109418788
6.21  -0.08737179741324275  -0.16505966722003365
6.22  -0.08558112229465381  -0.1762237167759737
6.23  -0.08202236193315283  -0.1888379875451375
6.24  -0.07585398621928566  -0.2027818354025408
6.25  -0.06600994019828958  -0.21750109025340292
6.26  -0.05142857065301627  -0.23168747806091414
6.2700000000000005  -0.031676632537954934  -0.24308910282895468
6.28  -0.007854155401860482  -0.24897982023242993
6.29  0.017104779751531293  -0.24757203795693217
6.3  0.03965678711757814  -0.2393182806960238
6.3100000000000005  0.057498978754212594  -0.22655720075354982
6.32  0.07020182210314092  -0.21195750201005314
6.33  0.07853507927356551  -0.19742327746114774
6.34  0.08361081986472343  -0.18394241774457912
6.3500000000000005  0.08642220738333033  -0.17187210286456897
6.36  0.08771636805604316  -0.16123649560029
6.37  0.08801413116492379  -0.15191647797215965
6.38  0.08766648589089748  -0.14374785900292053
6.390000000000001  0.08690686504461553  -0.13656571820843202
6.4  0.08589003617838711  -0.13022156501701307
6.41  0.08471874571405894  -0.12458800936359063
6.42  0.08346137160888009  -0.11955819863253017
6.43  0.08216348596158402  -0.11504337809546612
6.44  0.08085542506548885  -0.1109700398200516
6.45  0.07955727099280947  -0.10727724637854573
6.46  0.07828215569903418  -0.10391432298449399
6.47  0.07703847237523777  -0.10083894513816248
6.48  0.07583136919101424  -0.09801558498398295
6.49  0.07466376731793602  -0.09541426080688098
6.5  0.07353706044471701  -0.09300953399365486
6.51  0.07245159892578294  -0.09077970447886419
6.5200000000000005  0.07140702691419758  -0.08870616403128873
6.53  0.07040251823697191  -0.08677287464278866
6.54  0.06943694195275797  -0.0849659460565405
6.55  0.06850897871404407  -0.08327329200316623
6.5600000000000005  0.06761720248511058  -0.08168434911584731
6.57  0.06676013772591692  -0.08018984595205403
6.58  0.06593629912201189  -0.07878161224468215
6.59  0.06514421885454023  -0.0774524206010199
6.6000000000000005  0.06438246495608894  -0.07619585449710715
6.61  0.06364965328450044  -0.07500619768342479
6.62  0.06294445493211313  -0.07387834110791401
6.63  0.06226560038053053  -0.07280770423771672
6.640000000000001  0.061611881348544395  -0.07179016827060425
6.65  0.06098215102038207  -0.0708220192082467
6.66  0.06037532315332333  -0.06989989914494243
6.67  0.059790370427227506  -0.06902076442915754
6.68  0.05922632229906846  -0.06818184959812827
6.69  0.05868226255288592  -0.06738063618088617
6.7  0.05815732668229301  -0.06661482562246242
6.71  0.05765069920356413  -0.06588231570954288
6.72  0.05716161096857944  -0.06518117998158461
6.73  0.056689336525766354  -0.06450964969614612
6.74  0.05623319156166038  -0.06386609798668182
6.75  0.055792530444336845  -0.06324902590826921
6.76  0.055366743881671135  -0.06265705011402393
6.7700000000000005  0.05495525670136933  -0.06208889194417573
6.78  0.05455752575538837  -0.061543367742425
6.79  0.05417303794829862  -0.061019380241467025
6.8  0.0538013083870075  -0.0605159108824214
6.8100000000000005  0.05344187864781891  -0.0600320129521162
6.82  0.05309431515586615  -0.05956680543837972
6.83  0.052758207671393526  -0.05911946751720063
6.84  0.0524331678770726  -0.0586892335972462
6.8500000000000005  0.05211882806044193  -0.05827538885712527
6.86  0.051814839885606145  -0.057877265219225676
6.87  0.05152087324846978  -0.057494237711179855
6.88  0.05123661520998921  -0.05712572117220989
6.890000000000001  0.05096176900217636  -0.056771167266930725
6.9  0.05069605310185915  -0.0564300617737858
6.91  0.050439200367493255  -0.05610192211925816
6.92  0.05019095723460687  -0.0557862951324388
6.93  0.049951082965748544  -0.055482754997519805
6.94  0.04971934895108583  -0.05519090138437535
6.95  0.049495538056070335  -0.05491035773965944
6.96  0.04927944401284093  -0.054640769722827436
6.97  0.049070870852277765  -0.05438180377322027
6.98  0.04886963237384892  -0.054133145795870675
6.99  0.04867555165060275  -0.05389449995502404
7.0  0.048488460566858405  -0.05366558756554507
7.01  0.048308199386332615  -0.053446146073418466
7.0200000000000005  0.048134616348613136  -0.05323592811746878
7.03  0.047967567292048555  -0.05303470066523676
7.04  0.04780691530127254  -0.052842244216671413
7.05  0.04765253037771843  -0.052658352069934626
7.0600000000000005  0.047504289131603865  -0.0524828296441866
7.07  0.047362074493984586  -0.05231549385473025
7.08  0.047225775447584606  -0.052156172536344005
7.09  0.04709528677520898  -0.05200470391104106
7.1000000000000005  0.046970508824638546  -0.0518609360968561
7.11  0.04685134728899115  -0.0517247266545881
7.12  0.046737713001613036  -0.051595942169722145
7.13  0.046629521744635485  -0.05147445786701848
7.140000000000001  0.046526694070402046  -0.05136015725549862
7.15  0.04642915513503333  -0.05125293180177209
7.16  0.046336834543453456  -0.051152680629846986
7.17  0.04624966620525781  -0.05105931024574474
7.18  0.046167588200850256  -0.05097273428540377
7.19  0.04609054265732564  -0.050892873284505626
7.2  0.046018475633616975  -0.05081965446899417
7.21  0.04595133701446785  -0.0507530115651833
7.22  0.04588908041282714  -0.05069288462846442
7.23  0.045831663080300074  -0.05063921988973333
7.24  0.045779045825322176  -0.05059196961875509
7.25  0.045731192938755445  -0.0505510920037801
7.26  0.04568807212663615  -0.05051655104680968
7.2700000000000005  0.0456496544498302  -0.05048831647399315
7.28  0.045615914270380836  -0.05046636366071788
7.29  0.0455868292043587  -0.050450673571026054
7.3  0.045562380081048515  -0.050441232711065126
7.3100000000000005  0.04554255090833135  -0.050438033096348714
7.32  0.04552732884414391  -0.05044107223267089
7.33  0.045516704173919315  -0.050450353110584614
7.34  0.04551067029393574  -0.05046588421342
7.3500000000000005  0.045509223700520775  -0.05048767953888288
7.36  0.045512363985080045  -0.05051575863434185
7.37  0.045520093834941  -0.05055014664597771
7.38  0.04553241904002504  -0.05059087438203791
7.390000000000001  0.045549348505380595  -0.05063797839050652
7.4  0.04557089426963186  -0.05069150105157584
7.41  0.04559707152942132  -0.05075149068538098
7.42  0.0456278986699471  -0.05081800167553666
7.43  0.045663397301717784  -0.050891094609100296
7.44  0.04570359230367256  -0.05097083643367607
7.45  0.04574851187284115  -0.0510573006324691
7.46  0.04579818758074346  -0.051150567418200246
7.47  0.04585265443675566  -0.05125072394690294
7.48  0.04591195095870089  -0.05135786455274455
7.49  0.04597611925095413  -0.05147209100514059
7.5  0.0460452050903813  -0.05159351278957352
7.51  0.04611925802047212  -0.051722247413682455
7.5200000000000005  0.04619833145406202  -0.051858420740355494
7.53  0.04628248278507935  -0.05200216734974561
7.54  0.046371773509800054  -0.05215363093233347
7.55  0.04646626935814  -0.05231296471538552
7.5600000000000005  0.04656604043556552  -0.05248033192540472
7.57  0.04667116137626118  -0.052655906289448745
7.58  0.046781711508254914  -0.05283987257849548
7.59  0.046897775031267366  -0.05303242719637899
7.6000000000000005  0.04701944120812891  -0.053233778818198366
7.61  0.04714680457068618  -0.053444149082526385
7.62  0.04727996514121109  -0.05366377334222277
7.63  0.04741902867042408  -0.053892901479186385
7.640000000000001  0.047564106893349944  -0.054131798788982145
7.65  0.04771531780434757  -0.05438074694195068
7.66  0.04787278595278669  -0.05464004502816741
7.67  0.04803664276099384  -0.0549100106944751
7.68  0.048207026866255345  -0.055190981382782736
7.69  0.04838408448884888  -0.05548331567992068
7.7  0.048567969828281043  -0.05578739479059047
7.71  0.04875884549014067  -0.05610362414636512
7.72  0.048956882946235715  -0.05643243516531167
7.73  0.049162263030974256  -0.05677428717865667
7.74  0.04937517647728156  -0.05712966954302734
7.75  0.049595824495718054  -0.05749910395922452
7.76  0.049824419400885556  -0.05788314702127104
7.7700000000000005  0.05006118528969339  -0.05828239302269085
7.78  0.050306358776606164  -0.05869747705068086
7.79  0.050560189791626575  -0.05912907840312925
7.8  0.050822942447490006  -0.05957792436841583
7.8100000000000005  0.051094895983384084  -0.060044794413724394
7.82  0.05137634579347318  -0.060530524834355795
7.83  0.05166760454962849  -0.061036013924437964
7.84  0.0519690034290758  -0.06156222773870393
7.8500000000000005  0.05228089345920579  -0.062110206525917304
7.86  0.05260364699359247  -0.0626810719273979
7.87  0.05293765933539727  -0.06327603504933972
7.88  0.05328335052686748  -0.0638964055357073
7.890000000000001  0.05364116732665708  -0.06454360179005357
7.9  0.05401158540032204  -0.06521916252038251
7.91  0.05439511175371874  -0.06592475981211304
7.92  0.054792287444347866  -0.06666221397145906
7.930000000000001  0.055203690612176184  -0.06743351042659941
7.94  0.0556299398794548  -0.06824081902872269
7.95  0.05607169817893892  -0.06908651616174262
7.96  0.05652967708224519  -0.06997321015119505
7.97  0.05700464171557525  -0.07090377056337514
7.98  0.05749741636965344  -0.07188136211009766
7.99  0.058008890935761094  -0.07290948402896706
8.0  0.05854002833197245  -0.07399201600207224
8.01  0.05909187312552592  -0.07513327191851042
8.02  0.05966556161204622  -0.07633806309255375
8.03  0.060262333684749404  -0.07761177293879745
8.040000000000001  0.060883546923408874  -0.07896044560400316
8.05  0.061530693463130316  -0.08039089169727448
8.06  0.06220542038038899  -0.08191081509287151
8.07  0.0629095545779619  -0.08352896586812314
8.08  0.06364513349022949  -0.08525532587207343
8.09  0.06441444340877737  -0.0871013353237114
8.1  0.06522006790998032  -0.08908017138810952
8.11  0.06606494984995982  -0.09120709312542667
8.120000000000001  0.06695247183048546  -0.0934998719125403
8.13  0.0678865621712531  -0.09597933292528663
8.14  0.06887183663037524  -0.09867004231387116
8.15  0.06991379101211082  -0.10160118745621256
8.16  0.07101906740306772  -0.10480771586980527
8.17  0.07219582878515238  -0.10833182465334718
8.18  0.07345429608995922  -0.11222493081611698
8.19  0.07480753345164966  -0.11655030996126033
8.2  0.0762726205186579  -0.1213866767076687
8.21  0.07787244169409542  -0.1268331112932078
8.22  0.07963848197123731  -0.1330159393711916
8.23  0.08161530698598922  -0.14009848876551773
8.24  0.08386793842495582  -0.14829514629810644
8.25  0.08649435404644984  -0.1578919258069863
8.26  0.08964734568744182  -0.1692769848155264
8.27  0.09357404118950541  -0.18298634579765
8.28  0.09868993338704145  -0.19977240594497123
8.290000000000001  0.10572264737904757  -0.22070431768200327
8.3  0.11600092138445489  -0.24730349947674887
8.31  0.1320512973708751  -0.28167857186917533
8.32  0.15883717833775285  -0.326457914270717
8.33  0.20620464390226753  -0.38371578836166914
8.34  0.29273329246236157  -0.4502631443234908
8.35  0.44666272991535294  -0.5032470502212072
8.36  0.6825681251955369  -0.47490177823761154
8.370000000000001  0.9256734054215152  -0.26789885027113325
8.38  0.9912997133855092  0.09484360906713618
8.39  0.8137340447995736  0.39757320036366456
8.4  0.555873452702496  0.5056260533042214
8.41  0.3594823452364986  0.48136950348109125
8.42  0.243002128716499  0.41655095103163586
8.43  0.1790587301360832  0.35352272378369687
8.44  0.14365098562265338  0.30261494181889137
8.45  0.12307855952511931  0.26337556809599405
8.46  0.11034029664217415  0.23318851030572896
8.47  0.10190525288282724  0.20964522287127438
8.48  0.0959494868198621  0.1909430776067913
8.49  0.09149463936567422  0.17580528485306798
8.5  0.0879936082817861  0.1633358007983803
8.51  0.0851274859784929  0.15290068109863164
8.52  0.08270283214967014  0.14404471419231799
8.53  0.08059781374705824  0.1364353923854884
8.540000000000001  0.07873293327153523  0.12982558282965548
8.55  0.07705456255993606  0.12402850963725882
8.56  0.0755253753021144  0.11890077979708598
8.57  0.0741186178236846  0.11433069361100967
8.58  0.07281458083253216  0.11023006672166567
8.59  0.07159836922257282  0.10652841853661708
8.6  0.07045845767091123  0.10316877935449842
8.61  0.06938573360171199  0.10010462152098341
8.620000000000001  0.06837284933240557  0.09729758264805183
8.63  0.06741377454817792  0.09471575488073196
8.64  0.06650348117106067  0.0923323841322291
8.65  0.0656377173740477  0.09012487001677354
8.66  0.06481284268656942  0.0880739889705462
8.67  0.06402570567208475  0.08616328489093796
8.68  0.06327355174838248  0.0843785868358748
8.69  0.06255395267661505  0.082707624050251
8.700000000000001  0.06186475185511145  0.08113971623736942
8.71  0.06120402130217726  0.07966552251172754
8.72  0.06057002739969004  0.07827683649183265
8.73  0.059961203287024804  0.07696641795287754
8.74  0.059376126365176765  0.0757278536596669
8.75  0.05881349977363773  0.07455544165016796
8.76  0.05827213699028414  0.07344409448774135
8.77  0.05775094891240626  0.07238925795117739
8.78  0.05724893292884742  0.07138684236217378
8.790000000000001  0.05676516360530024  0.07043316431507268
8.8  0.05629878468837125  0.06952489701395441
8.81  0.05584900219694455  0.06865902776742623
8.82  0.05541507841719471  0.06783282146384738
8.83  0.05499632665427206  0.06704378906594706
8.84  0.054592106622062514  0.06628966033638388
8.85  0.05420182037456414  0.0655683601443126
8.86  0.05382490869983978  0.06487798781477078
8.870000000000001  0.05346084791131686  0.06421679907329257
8.88  0.05310914698223701  0.06358319021195584
8.89  0.052769344977936096  0.06297568416345269
8.9  0.0524410087478298  0.06239291821940274
8.91  0.05212373084484905  0.06183363317008365
8.92  0.051817127644887495  0.06129666367669045
8.93  0.05152083764280261  0.060780929715461465
8.94  0.05123451990481962  0.06028542895657399
8.950000000000001  0.05095785265994838  0.059809229960456636
8.96  0.05069053201534697  0.05935146609076343
8.97  0.050432270782522354  0.05891133005725793
8.98  0.050182797402920025  0.05848806901370084
8.99  0.049941854962871915  0.058080980145891026
9.0  0.049709200289081996  0.05768940669357136
9.01  0.04948460311687034  0.05731273435721697
9.02  0.049267845324296844  0.05695038804698243
9.03  0.04905872022606067  0.056601828936455593
9.040000000000001  0.04885703192174793  0.05626655178848603
9.05  0.0486625946935924  0.05594408252434544
9.06  0.04847523244942567  0.055633976010928836
9.07  0.048294778206946144  0.05533581404369259
9.08  0.048121073615836264  0.05504920350562542
9.09  0.04795396851460612  0.05477377468481153
9.1  0.04779332051935311  0.05450917973512033
9.11  0.04763899464190349  0.0542550912662843
9.120000000000001  0.047490862935044266  0.0540112010511415
9.13  0.04734880416277372  0.053777218839146594
9.14  0.047212703493694164  0.053552871266426244
9.15  0.04708245221584422  0.05333790085368502
9.16  0.0469579474714243  0.05313206508417981
9.17  0.04683909201001063  0.05293513555478596
9.18  0.04672579395897848  0.05274689719389402
9.19  0.04661796660997055  0.05256714754050917
9.200000000000001  0.04651552822035104  0.05239569607949164
9.21  0.046418401828677125  0.052232363628379436
9.22  0.046326515083307346  0.052076981771683295
9.23  0.046239800083342324  0.05192939233894757
9.24  0.0461581932311646  0.05178944692322818
9.25  0.04608163509591024  0.05165700643696604
9.26  0.046010070287260875  0.05153194070252348
9.27  0.04594344733900159  0.051414128074912295
9.28  0.04588171860184048  0.0513034550944802
9.290000000000001  0.04582484014503072  0.051199816167537965
9.3  0.045772771666378026  0.051103113273102234
9.31  0.04572547641025784  0.051013255694105024
9.32  0.045682921093303644  0.05093015977158517
9.33  0.04564507583745923  0.050853748680522205
9.34  0.04561191411012351  0.050783952226107
9.35  0.0455834126711461  0.05072070665937142
9.36  0.045559551526457326  0.050663954511210696
9.370000000000001  0.04554031388814761  0.05061364444393778
9.38  0.045525686140836824  0.05056973111960991
9.39  0.04551565781419675  0.0505321750844606
9.4  0.04551022156151324  0.05050094266885377
9.41  0.04550937314420123  0.050476005902259126
9.42  0.04551311142220672  0.050457342442828026
9.43  0.04552143835024924  0.05044493552122199
9.44  0.04553435897988247  0.05043877389841529
9.450000000000001  0.04555188146737336  0.050438851837263265
9.46  0.0455740170874192  0.05044516908769833
9.47  0.045600780252742584  0.05045773088547867
9.48  0.04563218853962784  0.050476547964479146
9.49  0.045668262719485  0.05050163658258296
9.5  0.0457090267965469  0.050533018561297195
9.51  0.04575450805182967  0.05057072133928158
9.52  0.04580473709350893  0.05061477804004954
9.53  0.045859747913889755  0.050665227554168336
9.540000000000001  0.04591957795317431  0.05072211463636172
9.55  0.0459842681702557  0.05078549001799385
9.56  0.04605386312079401  0.050855410535493
9.57  0.04612841104286078  0.05093193927535732
9.58  0.04620796395046966  0.0510151457364768
9.59  0.04629257773534223  0.051105106010602044
9.6  0.04638231227729264  0.05120190298189356
9.61  0.046477231563651245  0.05130562654659607
9.620000000000001  0.046577403818187875  0.051416373854003175
9.63  0.04668290164003722  0.05153424957000899
9.64  0.04679380215317382  0.051659366164686776
9.65  0.04691018716703148  0.05179184422549037
9.66  0.04703214334891437  0.05193181279784318
9.67  0.04715976240890476  0.05207940975506924
9.68  0.047293141298030146  0.05223478219982704
9.69  0.047432382420519274  0.052398086899433975
9.700000000000001  0.04757759386104688  0.05256949075772253
9.71  0.04772888962794189  0.05274917132634904
9.72  0.04788638991341537  0.052937317358784465
9.73  0.04805022137195643  0.05313412941056277
9.74  0.048220517418136974  0.053339820489747905
9.75  0.04839741854517248  0.053554616762008615
9.76  0.0485810726656968  0.05377875831517223
9.77  0.04877163547633145  0.05401249998866442
9.78  0.048969270847762085  0.05425611227384702
9.790000000000001  0.04917415124217722  0.05450988229194638
9.8  0.04938645816007604  0.05477411485702726
9.81  0.04960638261862136  0.055049133632331104
9.82  0.04983412566388926  0.05533528238927446
9.83  0.05006989891956033  0.05563292637950421
9.84  0.05031392517480426  0.055942453831662534
9.85  0.05056643901432892  0.056264277585937356
9.86  0.05082768749379932  0.05659883688109642
9.870000000000001  0.05109793086408102  0.0569465993105529
9.88  0.05137744334802499  0.05730806296612743
9.89  0.05166651397378337  0.057683758790595355
9.9  0.051965447468929095  0.058074253162891144
9.91  0.05227456521994209  0.058480150743044336
9.92  0.05259420630191254  0.05890209760761578
9.93  0.0529247285835942  0.05934078471067148
9.94  0.05326650991320341  0.05979695171027756
9.950000000000001  0.053619949390589866  0.060271391206243786
9.96  0.053985468731584364  0.06076495344153088
9.97  0.05436351373042541  0.06127855152754519
9.98  0.05475455582614761  0.06181316726268058
9.99  0.05515909377863065  0.062369857624190755
10.0  0.05557765545959281  0.06294976202609748
10.01  0.056010799763075485  0.06355411045073593
10.02  0.05645911863879754  0.06418423257917252
10.03  0.05692323924999392  0.06484156806667603
10.040000000000001  0.057403826254788154  0.06552767813437053
10.05  0.057901584206501024  0.06624425867802114
10.06  0.05841726006319279  0.06699315513066553
10.07  0.058951645789665975  0.06777637935884843
10.08  0.05950558102544004  0.06859612892420175
10.09  0.06007995577892129  0.06945480910513964
10.1  0.060675713089879985  0.0703550581501349
10.11  0.0612938515776994  0.07129977632775168
10.120000000000001  0.06193542775933271  0.07229215945355491
10.13  0.06260155797527032  0.07333573771560008
10.14  0.0632934196996215  0.07443442079534097
10.15  0.06401225192543365  0.07559255049835284
10.16  0.06475935419993106  0.07681496238071586
10.17  0.06553608372421087  0.07810705819707656
10.18  0.0663438497107398  0.0794748914245683
10.19  0.06718410388498512  0.08092526865803011
10.200000000000001  0.06805832558904813  0.0824658703590631
10.21  0.06896799934358348  0.08410539531716661
10.22  0.0699145818740448  0.08585373430128035
10.23  0.07089945439699205  0.08772217981702693
10.24  0.07192385422604623  0.08972368073232004
10.25  0.07298877724605105  0.0918731529107228
10.26  0.0740948391403925  0.09418786004557166
10.27  0.07524207786170789  0.09668788279319947
10.28  0.07642967181549723  0.09939669924932289
10.290000000000001  0.07765553618173357  0.10234190596008333
10.3  0.07891574152848975  0.10555611603815462
10.31  0.08020367087388103  0.10907807922282098
10.32  0.08150878803467261  0.1129540766342371
10.33  0.08281482250182615  0.11723964721584518
10.34  0.08409706991288746  0.12200169556625784
10.35  0.08531834001419052  0.12732099426082502
10.36  0.0864228219839166  0.13329498878093035
10.370000000000001  0.08732673373208434  0.1400405553508246
10.38  0.0879040292281351  0.14769577172125578
10.39  0.08796466150771012  0.15641846583793217
10.4  0.08722219372728031  0.16637657384381735
10.41  0.0852480152059326  0.17771988377308648
10.42  0.08141455427348819  0.19051299253703127
10.43  0.07484872322471306  0.20459618682069253
10.44  0.0644659862523685  0.2193393269145023
10.450000000000001  0.04923976098608225  0.23331922526946336
10.46  0.028879261379552892  0.24417893253224526
10.47  0.004723782802936441  0.24921768466740257
10.48  -0.020118411402737027  0.24687986323181565
10.49  -0.04216845927328693  0.23791263206785984
10.5  -0.05935822297268992  0.22478555838152678
10.51  -0.0714592530292296  0.2101102943989604
10.52  -0.07932461985614521  0.19566987834196978
10.53  -0.08406798739322609  0.18235496798448889
10.540000000000001  -0.08665414463974387  0.1704668446404198
10.55  -0.08779942905735309  0.1600036527532566
10.56  -0.08800025402046902  0.15083671589333206
10.57  -0.08759032238019408  0.14280008465560212
10.58  -0.08679139495575793  0.13573031085428006
10.59  -0.08575050152359906  0.12948143989047395
10.6  -0.0845652803469894  0.12392873790404298
10.61  -0.08330072760410057  0.11896776370403882
10.620000000000001  -0.08200016275823546  0.11451182261035564
10.63  -0.08069241054256948  0.1104891164300863
10.64  -0.07939653130457679  0.10684010749966705
10.65  -0.07812496188667624  0.10351526071565398
10.66  -0.07688562016975804  0.1004731786656755
10.67  -0.07568332828820304  0.09767908900096223
10.68  -0.07452078362289893  0.09510362778367204
10.69  -0.07339922664138651  0.09272186374969199
10.700000000000001  -0.0723189035056646  0.09051251552039215
10.71  -0.07127938842106456  0.08845732215353946
10.72  -0.0702798092779724  0.08654053520917462
10.73  -0.06931900607060569  0.08474850712524172
10.74  -0.06839564224456827  0.08306935607961485
10.75  -0.06750828287114308  0.08149269178913797
10.76  -0.06665544931443206  0.08000939004798066
10.77  -0.06583565716681887  0.07861140641961922
10.78  -0.0650474422360412  0.07729162152743635
10.790000000000001  -0.06428937798256563  0.07604371196775257
10.8  -0.06356008683601326  0.07486204209863423
10.81  -0.06285824713490912  0.07374157291793532
10.82  -0.06218259694769568  0.07267778499630066
10.83  -0.061531935685243226  0.07166661302255597
10.84  -0.06090512416507271  0.07070438998622797
10.85  -0.06030108360681348  0.06978779939260978
10.86  -0.05971879390723561  0.06891383420108647
10.870000000000001  -0.059157291447587204  0.06807976141372435
10.88  -0.05861566661605562  0.06728309143102496
10.89  -0.05809306117692237  0.06652155144502049
10.9  -0.05758866558034381  0.06579306226413097
10.91  -0.057101716279024856  0.06509571806533047
10.92  -0.05663149309771557  0.06442776865182108
10.93  -0.056177316686530414  0.06378760386222991
10.94  -0.05573854607815725  0.06317373983320476
10.950000000000001  -0.05531457636105102  0.0625848068634683
10.96  -0.05490483647493122  0.062019538665715024
10.97  -0.054508787130759774  0.06147676282464831
10.98  -0.05412591885443862  0.06095539230612151
10.99  -0.05375575015143276  0.060454417884707005
11.0  -0.05339782578815188  0.0599729013758181
11.01  -0.05305171518503937  0.059509969574376154
11.02  -0.05271701091579539  0.059064808815442495
11.03  -0.05239332730689773  0.05863666008362878
11.040000000000001  -0.052080299131509  0.05822481460780208
11.05  -0.05177758039191893  0.05782860988587862
11.06  -0.05148484318481975  0.05744742609158624
11.07  -0.051201776643928026  0.057080682821157726
11.08  -0.05092808595471851  0.05672783614314439
11.09  -0.05066349143631153  0.05638837591905237
11.1  -0.050407727685843985  0.05606182336640189
11.11  -0.05016054278094147  0.05574772883918684
11.120000000000001  -0.049921697536198  0.055445669803647235
11.13  -0.04969096480984389  0.055155248989816975
11.14  -0.04946812885705112  0.054876092701537954
11.15  -0.04925298472657773  0.05460784926957635
11.16  -0.04904533769769399  0.054350187634181785
11.17  -0.048845002754559476  0.0541027960449239
11.18  -0.04865180409542996  0.0538653808669545
11.19  -0.04846557467426918  0.053637665484002756
11.200000000000001  -0.04828615577252707  0.05341938928943386
11.21  -0.048113396599015236  0.053210306757601744
11.22  -0.04794715391596821  0.05301018658852883
11.23  -0.04778729168952641  0.05281881091965575
11.24  -0.04763368076301325  0.052635974599032846
11.25  -0.047486198551500755  0.052461484514888274
11.26  -0.04734472875627735  0.05229515897701051
11.27  -0.047209161097937234  0.0521368271458281
11.28  -0.047079391066910115  0.051986328505472225
11.290000000000001  -0.04695531969034185  0.05184351237746612
11.3  -0.04683685331432027  0.05170823747200796
11.31  -0.04672390340051911  0.05158037147410495
11.32  -0.04661638633640455  0.051459790662078835
11.33  -0.046514223258217254  0.051346379556199695
11.34  -0.04641733988600432  0.05124003059541874
11.35  -0.046325666370032874  0.05114064384036537
11.36  -0.04623913714797111  0.05104812670095052
11.370000000000001  -0.046157690812270266  0.05096239368708009
11.38  -0.04608126998722969  0.05088336618113046
11.39  -0.04600982121526956  0.050810972230972355
11.4  -0.04594329485197678  0.05074514636245353
11.41  -0.045881644969525126  0.05068582941036537
11.42  -0.04582482926810847  0.050632968367026326
11.43  -0.045772808995057555  0.050586516247712265
11.44  -0.045725548871343794  0.05054643197225859
11.450000000000001  -0.0456830170252026  0.050512680262242406
11.46  -0.04564518493263605  0.050485231553237225
11.47  -0.045612027364582294  0.05046406192171085
11.48  -0.04558352234056564  0.05044915302620989
11.49  -0.045559651088664645  0.050440492062546485
11.5  -0.0455403980116597  0.05043807173277089
11.51  -0.04552575065924369  0.05044189022778381
11.52  -0.04551569970620421  0.050451951223506264
11.53  -0.04551023893650646  0.05046826389059056
11.540000000000001  -0.04550936523322606  0.0504908429177213
11.55  -0.045513078574304346  0.050519708548623005
11.56  -0.045521382034118874  0.05055488663295654
11.57  -0.04553428179088525  0.050596408691356135
11.58  -0.04555178713992589  0.0506443119949251
11.59  -0.04557391051286255  0.05069863965958735
11.6  -0.04560066750281408  0.05075944075576455
11.61  -0.04563207689570341  0.05082677043392904
11.620000000000001  -0.045668160707798895  0.05090069006666656
11.63  -0.045708944229640926  0.05098126740797618
11.64  -0.04575445607653226  0.051068576770628774
11.65  -0.04580472824579521  0.0511626992225068
11.66  -0.045859796181025064  0.05126372280296198
11.67  -0.0459196988436028  0.05137174276034955
11.68  -0.04598447879176064  0.05148686181202292
11.69  -0.04605418226752392  0.05160919042822008
11.700000000000001  -0.0461288592918944  0.05173884714142784
11.71  -0.04620856376867497  0.051875958882978024
11.72  -0.04629335359737681  0.05202066134882077
11.73  -0.046383290795698195  0.05217309939662551
11.74  -0.04647844163211001  0.05233342747658715
11.75  -0.0465788767691361  0.052501810098568885
11.76  -0.04668467141797531  0.05267842233849188
11.77  -0.0467959055051726  0.052863450387192805
11.78  -0.046912663852115156  0.05305709214531747
11.790000000000001  -0.04703503636820721  0.053259557868204466
11.8  -0.047163118258655636  0.05347107086514067
11.81  -0.047297010247891416  0.05369186825785777
11.82  -0.04743681881975131  0.05392220180367481
11.83  -0.04758265647565248  0.054162338789302635
11.84  -0.047734642012118245  0.05441256300200781
11.85  -0.04789290081914447  0.05467317578560356
11.86  -0.048057565201048584  0.05494449718960781
11.870000000000001  -0.048228774721612216  0.05522686722088996
11.88  -0.048406676575512536  0.05552064720824343
11.89  -0.048591425988247075  0.05582622129158994
11.9  -0.04878318664699311  0.0561439980489614
11.91  -0.04898213116510339  0.05647441227604934
11.92  -0.04918844158323814  0.05681792693499054
11.93  -0.049402309910470135  0.0571750352912068
11.94  -0.04962393870907607  0.0575462632595815
11.950000000000001  -0.04985354172716038  0.05793217198409423
11.96  -0.050091344583746755  0.05833336067830141
11.97  -0.05033758551153339  0.05875046975782838
11.98  -0.05059251616315093  0.0591841843004092
11.99  -0.05085640248749727  0.05963523787408451
12.0  -0.05112952568357605  0.060104416780077434
12.01  -0.05141218324024954  0.06059256476375579
12.02  -0.05170469007145893  0.06110058825515552
12.030000000000001  -0.05200737975780302  0.061629462210005204
12.040000000000001  -0.05232060590692953  0.06218023663332206
12.05  -0.05264474364703106  0.06275404388079853
12.06  -0.05298019126991608  0.06335210684876445
12.07  -0.05332737204271259  0.06397574818199944
12.08  -0.05368673621034819  0.06462640065071126
12.09  -0.05405876321466179  0.0653056188743644
12.1  -0.054443964160483874  0.06601509260169533
12.11  -0.054842884564467044  0.06675666179439864
12.120000000000001  -0.0552561074291095  0.06753233380812058
12.13  -0.055684256692610214  0.0683443030204666
12.14  -0.056128001115354875  0.06919497332413692
12.15  -0.05658805867651365  0.07008698398714061
12.16  -0.05706520157018247  0.07102323948526176
12.17  -0.05756026191071546  0.07200694403965859
12.18  -0.058074138282719394  0.07304164175129184
12.19  -0.05860780330445772  0.07413126342242425
12.200000000000001  -0.05916231241665169  0.07528018140503356
12.21  -0.05973881416536028  0.07649327413160739
12.22  -0.06033856232265933  0.07777600238534754
12.23  -0.06096293028909884  0.07913449988100218
12.24  -0.061613428357237425  0.08057568139041156
12.25  -0.06229172460006987  0.08210737250746625
12.26  -0.06299967040247965  0.08373846627292589
12.27  -0.06373933200830044  0.0854791133637278
12.280000000000001  -0.06451302995532861  0.08734095452445423
12.290000000000001  -0.06532338898383395  0.08933740656459464
12.3  -0.0661734020348591  0.09148401682654334
12.31  -0.06706651346409541  0.09379890592401219
12.32  -0.06800672883866953  0.09630332530955749
12.33  -0.06899876206186377  0.09902236566507977
12.34  -0.0700482357398221  0.10198586543148787
12.35  -0.07116195874535472  0.10522958783222158
12.36  -0.0723483176625515  0.1087967622977541
12.370000000000001  -0.0736178393220253  0.11274012659935191
12.38  -0.07498401539968404  0.11712466605215716
12.39  -0.07646453677967974  0.12203133665146015
12.4  -0.07808318288882386  0.12756219729274906
12.41  -0.07987278295344474  0.13384759030274537
12.42  -0.0818799766590612  0.14105634467753125
12.43  -0.08417307910704447  0.14941050513165782
12.44  -0.08685546104897905  0.15920692382626156
12.450000000000001  -0.09008904127726472  0.17084934463986778
12.46  -0.09413694767281666  0.1848965069883146
12.47  -0.09944378665891751  0.20213414198505816
12.48  -0.10679222820054819  0.2236798618959652
12.49  -0.11761899549827765  0.251122088903389
12.5  -0.1346688185145722  0.28664685904600645
12.51  -0.163349550881856  0.3329097622603241
12.52  -0.21436948093632738  0.39171019382158784
12.530000000000001  -0.3076505655552302  0.45847346921389764
12.540000000000001  -0.4719121136394169  0.5061604653207652
12.55  -0.715666964677219  0.4603901899580436
12.56  -0.9474077927125507  0.22797799490389836
12.57  -0.980591454919  -0.14089216527167722
12.58  -0.7817232884632557  -0.42177743256599964
12.59  -0.5266582561381107  -0.5075706729437778
12.6  -0.34101501150860347  -0.47415059008271127
12.61  -0.23274222741685846  -0.4081770346587802
12.620000000000001  -0.17344511836761858  -0.3464620758380155
12.63  -0.14046193185259037  -0.2971252841218327
12.64  -0.12115537464878057  -0.25916505859773775
12.65  -0.10910052842548366  -0.22992747653939954
12.66  -0.10105172605509277  -0.20707523053147808
12.67  -0.09532526350142666  -0.18887892930587344
12.68  -0.0910133825012576  -0.1741170396824968
12.69  -0.0876057941789445  -0.16193197448936988
12.700000000000001  -0.08480353425214376  -0.1517160184786976
12.71  -0.0824243830501437  -0.1430318905751528
12.72  -0.08035305224762075  -0.1355594832207351
12.73  -0.07851399300250302  -0.12906037135943077
12.74  -0.0768560359038214  -0.12335399568112358
12.75  -0.07534343145256275  -0.11830147487890784
12.76  -0.0739504654883291  -0.11379443590785826
12.77  -0.07265813202614681  -0.10974718424677161
12.780000000000001  -0.07145202357866376  -0.10609112907115166
12.790000000000001  -0.07032096080455737  -0.10277075378029138
12.8  -0.06925608203943925  -0.09974066161789033
12.81  -0.06825022536622755  -0.09696338023217628
12.82  -0.06729750071278905  -0.0944077095394531
12.83  -0.0663929878368069  -0.09204746372032285
12.84  -0.06553251926543954  -0.08986050273970249
12.85  -0.06471252157925367  -0.08782797906951861
12.86  -0.06392989743657451  -0.08593374615377081
12.870000000000001  -0.06318193649950164  -0.08416388970789745
12.88  -0.06246624717494614  -0.08250635322015745
12.89  -0.06178070356463888  -0.08095063636329727
12.9  -0.06112340368253948  -0.07948755032651075
12.91  -0.06049263613077143  -0.0781090179470025
12.92  -0.05988685320641205  -0.0768079093723868
12.93  -0.05930464895717305  -0.07557790610695693
12.94  -0.05874474108989063  -0.07441338788751797
12.950000000000001  -0.0582059559118326  -0.07330933804004293
12.96  -0.057687215684586894  -0.07226126388827421
12.97  -0.05718752791640223  -0.07126512949258727
12.98  -0.056705976226835  -0.07031729854505446
12.99  -0.05624171249816863  -0.06941448567360504
13.0  -0.055793950088840694  -0.06855371474323715
13.01  -0.05536195793035026  -0.06773228300680945
13.02  -0.05494505536461808  -0.0669477301680903
13.030000000000001  -0.0545426076062725  -0.06619781158760721
13.040000000000001  -0.054154021735810666  -0.06548047499665574
13.05  -0.05377874314649746  -0.06479384019365046
13.06  -0.05341625238128881  -0.0641361812852853
13.07  -0.05306606230679686  -0.0635059111069228
13.08  -0.05272771557996103  -0.06290156751554282
13.09  -0.052400782370098355  -0.06232180129702102
13.1  -0.05208485830473243  -0.06176536546950491
13.11  -0.051779562612302155  -0.06123110579781319
13.120000000000001  -0.0514845364387384  -0.06071795236137473
13.13  -0.05119944131813059  -0.060224912041270964
13.14  -0.05092395778040548  -0.0597510618112604
13.15  -0.050657784081214755  -0.05929554273391233
13.16  -0.05040063504114414  -0.058857554576686136
13.17  -0.05015224098298661  -0.05843635097439747
13.18  -0.04991234675720897  -0.05803123507436776
13.19  -0.049680710846930855  -0.0576415556089435
13.200000000000001  -0.049457104544756936  -0.05726670334723956
13.21  -0.0492413111946854  -0.056906107884098826
13.22  -0.04903312549307956  -0.05655923472953128
13.23  -0.04883235284335328  -0.056225582666431385
13.24  -0.04863880875960285  -0.055904681348289936
13.25  -0.048452318314920806  -0.05559608911200706
13.26  -0.04827271563057426  -0.05529939098384478
13.27  -0.048099843402623646  -0.05501419685911716
13.280000000000001  -0.04793355246290072  -0.05474013983843891
13.290000000000001  -0.047773701371571387  -0.05447687470529416
13.3  -0.047620156038781405  -0.05422407653138836
13.31  -0.04747278937312217  -0.05398143939773428
13.32  -0.047331480954871025  -0.0537486752207311
13.33  -0.04719611673215142  -0.05352551267364858
13.34  -0.04706658873833123  -0.05331169619494189
13.35  -0.04694279482913173  -0.05310698507572085
13.36  -0.04682463843805901  -0.052911152619492544
13.370000000000001  -0.04671202834889257  -0.05272398536799825
13.38  -0.046604878484081215  -0.05254528238759082
13.39  -0.046503107707999154  -0.05237485461115746
13.4  -0.046406639644104936  -0.05221252423108802
13.41  -0.04631540250513271  -0.05205812413923157
13.42  -0.0462293289355201  -0.05191149741018164
13.43  -0.046148355865348954  -0.05177249682458371
13.44  -0.046072424375138324  -0.05164098442948213
13.450000000000001  -0.04600147957088574  -0.05151683113300768
13.46  -0.04593547046880804  -0.051399916330964926
13.47  -0.04587434988928479  -0.051290127563114546
13.48  -0.04581807435955002  -0.051187360197158666
13.49  -0.04576660402471963  -0.051091517138626454
13.5  -0.04571990256678454  -0.05100250856503204
13.51  -0.045677937131235066  -0.05092025168283979
13.52  -0.045640678261012896  -0.05084467050591423
13.530000000000001  -0.045608099837524355  -0.050775695654264555
13.540000000000001  -0.045580179028476366  -0.050713264172022654
13.55  -0.045556896242321204  -0.05065731936370056
13.56  -0.04553823508912963  -0.050607810647878906
13.57  -0.045524182347736177  -0.05056469342757974
13.58  -0.045514727939021615  -0.050527928976668
13.59  -0.04550986490522271  -0.05049748434170742
13.6  -0.04550958939518565  -0.05047333225878084
13.61  -0.04551390065549983  -0.05045545108486367
13.620000000000001  -0.04552280102746828  -0.05044382474341219
13.63  -0.045536295949893835  -0.05043844268389557
13.64  -0.04555439396768604  -0.050439299855071985
13.65  -0.045577106746310214  -0.05044639669188053
13.66  -0.04560444909212046  -0.050459739115880725
13.67  -0.04563643897864365  -0.05047933854923754
13.68  -0.04567309757890334  -0.05050521194231931
13.69  -0.045714449303891735  -0.05053738181503911
13.700000000000001  -0.0457605218473226  -0.050575876312138716
13.71  -0.045811346236820816  -0.0506207292726808
13.72  -0.04586695689172967  -0.0506719803140872
13.73  -0.04592739168774315  -0.05072967493113481
13.74  -0.045992692028595045  -0.05079386461039842
13.75  -0.046062902925063764  -0.05086460696070886
13.76  -0.04613807308158379  -0.05094196586027945
13.77  -0.046218254990785385  -0.05102601162124703
13.780000000000001  -0.04630350503631539  -0.0511168211724711
13.790000000000001  -0.04639388360432677  -0.051214478261537216
13.8  -0.04648945520406318  -0.0513190736770244
13.81  -0.04659028859800295  -0.05143070549221745
13.82  -0.04669645694207141  -0.05154947933157777
13.83  -0.04680803793647438  -0.0516755086614322
13.84  -0.04692511398775358  -0.05180891510649488
13.85  -0.04704777238271947  -0.05194982879401029
13.86  -0.047176105474972155  -0.052098388727496975
13.870000000000001  -0.04731021088478129  -0.05225474319227921
13.88  -0.04745019171316372  -0.052419050195224394
13.89  -0.047596156771067405  -0.05259147794136158
13.9  -0.04774822082464576  -0.05277220535033836
13.91  -0.047906504857690525  -0.0529614226159865
13.92  -0.04807113635238183  -0.05315933181261824
13.93  -0.048242249589609716  -0.05336614755206479
13.94  -0.04841998597022763  -0.05358209769590377
13.950000000000001  -0.04860449435871058  -0.05380742412781056
13.96  -0.048795931450813415  -0.05404238359151225
13.97  -0.048994462166961045  -0.05428724860043595
13.98  -0.049200260073242325  -0.05454230842583616
13.99  -0.049413507832035665  -0.0548078701709567
14.0  -0.04963439768446398  -0.05508425993966257
14.01  -0.04986313196705255  -0.05537182410896788
14.02  -0.05009992366516102  -0.0556709307160036
14.030000000000001  -0.05034499700596769  -0.05598197097124705
14.040000000000001  -0.05059858809400539  -0.05630536091127961
14.05  -0.05086094559248472  -0.0566415432059892
14.06  -0.05113233145389173  -0.0569909891370132
14.07  -0.051413021703610264  -0.05735420076637346
14.08  -0.051703307280593074  -0.057731713316718385
14.09  -0.05200349493939063  -0.05812409778741867
14.1  -0.05231390821813708  -0.05853196383402583
14.11  -0.05263488847737896  -0.05895596294236072
14.120000000000001  -0.0529667960149143  -0.059396791932848685
14.13  -0.053310011262068226  -0.059855196835755665
14.14  -0.053664936067057356  -0.06033197718383354
14.15  -0.05403199507126433  -0.06082799077569953
14.16  -0.05441163718433056  -0.061344158971236976
14.17  -0.054804337163936505  -0.061881472589625064
14.18  -0.05521059730593082  -0.06244099849154577
14.19  -0.05563094925001975  -0.06302388694000138
14.200000000000001  -0.056065955905444026  -0.0636313798493862
14.21  -0.056516213499837965  -0.06426482005047063
14.22  -0.05698235375261293  -0.06492566172035895
14.23  -0.0574650461715259  -0.06561548215198885
14.24  -0.05796500046728586  -0.06633599506824057
14.25  -0.05848296907573243  -0.06708906572231775
14.26  -0.05901974976976028  -0.06787672807012288
14.27  -0.05957618833305829  -0.06870120435359028
14.280000000000001  -0.06015318125391875  -0.06956492749851864
14.290000000000001  -0.060751678378547884  -0.07047056680906687
14.3  -0.061372685437696854  -0.07142105753718708
14.31  -0.06201726632558762  -0.07241963502321883
14.32  -0.06268654496268138  -0.0734698742492289
14.33  -0.06338170650917418  -0.07457573582658213
14.34  -0.06410399760772977  -0.07574161966283477
14.35  -0.06485472521281563  -0.07697242783218075
14.36  -0.06563525339731288  -0.07827363852368913
14.370000000000001  -0.0664469972966939  -0.07965139338234914
14.38  -0.06729141303110131  -0.08111260111544688
14.39  -0.06816998199879416  -0.08266506094488113
14.4  -0.06908418730651336  -0.08431761038890227
14.41  -0.07003547921408963  -0.08608030301207242
14.42  -0.07102522520507104  -0.08796462326488481
14.43  -0.07205463847793224  -0.08998374744090282
14.44  -0.07312467602136714  -0.09215286223188573
14.450000000000001  -0.07423589359409659  -0.09448955551134161
14.46  -0.07538823926395347  -0.09701429800190499
14.47  -0.0765807587270895  -0.099751039570285
14.48  -0.07781117294725766  -0.10272795019766773
14.49  -0.07907526939410225  -0.10597834319391537
14.5  -0.08036601860815376  -0.10954182654347125
14.51  -0.08167228204628607  -0.11346573596676457
14.52  -0.08297690566288236  -0.11780690664894929
14.530000000000001  -0.08425388132037424  -0.12263383089789932
14.540000000000001  -0.08546408121406168  -0.12802920661290598
14.55  -0.08654879359447772  -0.1340927633171563
14.56  -0.0874198635309167  -0.14094396573918308
14.57  -0.08794462432015425  -0.14872354245165878
14.58  -0.08792301461040702  -0.1575913621171282
14.59  -0.08705362845504985  -0.16771518896570559
14.6  -0.08488622558167731  -0.1792389377420377
14.61  -0.08076442551887182  -0.1922087080580077
14.620000000000001  -0.07378391334291397  -0.2064218686581966
14.63  -0.06284558981015091  -0.22116697926989182
14.64  -0.04696864016290052  -0.23490293776682472
14.65  -0.026020079539649806  -0.24517644386895504
14.66  -0.0015821294378960905  -0.24933712830988136
14.67  0.02308636186933521  -0.24608185710920827
14.68  0.04460172189149191  -0.2364420631789287
14.69  0.06113671004674984  -0.22299099776510378
14.700000000000001  0.07265035274936264  -0.20826794502846013
14.71  0.0800656951349636  -0.1939347817711309
14.72  0.08449183569802986  -0.18079014523954534
14.73  0.08686388652759114  -0.1690839652495133
14.74  0.08786796142080742  -0.1587910732904506
14.75  0.08797698884391665  -0.14977458135535213
14.76  0.08750818349696765  -0.14186737075707437
14.77  0.08667221157070515  -0.13490768308010417
14.780000000000001  0.08560875593496337  -0.12875214994638384
14.790000000000001  0.08441060439463616  -0.1232786756307184
14.8  0.08313953989795875  -0.11838518910621319
14.81  0.08183673965501932  -0.11398701068191981
14.82  0.08052958956389432  -0.11001401060103207
14.83  0.07923617656081161  -0.10640801573106384
14.84  0.07796827476704275  -0.10312060161503196
14.85  0.0767333486721193  -0.10011127440295127
14.86  0.07553590933826138  -0.0973459983423772
14.870000000000001  0.07437844065274622  -0.09479601211112396
14.88  0.07326203699812465  -0.09243687963194469
14.89  0.07218684531861334  -0.09024772843309366
14.9  0.0711523733552392  -0.0882106369687572
14.91  0.07015770550807421  -0.08631013997031739
14.92  0.06920165442665367  -0.08453282736152429
14.93  0.06828286755719566  -0.08286701750500243
14.94  0.06739990192236045  -0.08130248969585441
14.950000000000001  0.06655127637622732  -0.07983026406782939
14.96  0.06573550781917498  -0.07844241960885173
14.97  0.06495113595452516  -0.07713194295045851
14.98  0.06419673984497935  -0.07589260212578852
14.99  0.06347094859862204  -0.07471884068269684
15.0  0.06277244785863018  -0.07360568846968304
