t   Re(c(t))    Im(c(t))
0.0  0.9999999999999999  0.0
0.01  0.9569943145224837  0.28459335605819536
0.02  0.832211416206106  0.542964127127279
0.03  0.6378857406019076  0.7516267477795473
0.04  0.3929051421287515  0.8922513913809038
0.05  0.12074932296501872  0.9534868156700438
0.06  -0.15303737935263798  0.9319855387754123
0.07  -0.4035377488877469  0.832529879324734
0.08  -0.6090041368257932  0.6672685277655708
0.09  -0.7529650193284608  0.4541802910069924
0.1  -0.825671644891947  0.21497046898809954
0.11  -0.8247491130112812  -0.027335080574318993
0.12  -0.755017754905736  -0.25080939603049673
0.13  -0.6275514775129402  -0.43678216819763355
0.14  -0.4581266575474312  -0.5715077692758204
0.15  -0.26527770377912374  -0.6471882431862492
0.16  -0.06820695195706143  -0.6622831405050607
0.17  0.11520484942307395  -0.6211274555423077
0.18  0.2700729424193002  -0.5329587577881165
0.19  0.38570889574987777  -0.41051536304462266
0.2  0.4562581305861015  -0.2684028621877244
0.21  0.48076041399207176  -0.12143424744184786
0.22  0.46268796544347907  0.01686912808829646
0.23  0.40907080300912546  0.1354675265104186
0.24  0.32935451620158934  0.2265882969645206
0.25  0.23414943853315703  0.2860697178707894
0.26  0.13402300554649343  0.31328186680131925
0.27  0.0384624042219777  0.31068966400610565
0.28  -0.04490219504811804  0.2831557367231085
0.29  -0.1107662194366965  0.23709702180882908
0.3  -0.15630585052159984  0.17960925762221808
0.31  -0.18105128479775628  0.11765998393588012
0.32  -0.18653700527004757  0.05742711613007252
0.33  -0.17580397842614148  0.003831079817880963
0.34  -0.15283313064224655  -0.03972159940440034
0.35000000000000003  -0.12198367432799917  -0.07139253583425204
0.36  -0.08749629753317387  -0.09079421013997256
0.37  -0.05310294287891361  -0.09874575696090222
0.38  -0.02176500294551699  -0.09695245899174218
0.39  0.004456985361606655  -0.08765851092993125
0.4  0.024414552948427874  -0.07331587069596589
0.41000000000000003  0.03778677238642639  -0.056301540620332303
0.42  0.04492931350636883  -0.038703454418474365
0.43  0.04668766429340067  -0.022183132241104474
0.44  0.044202491582841105  -0.007912852339066722
0.45  0.038729784849217415  0.003422789080977099
0.46  0.031491623966276756  0.011575987802173449
0.47000000000000003  0.023566301524699074  0.016652607898543927
0.48  0.01582005280471948  0.0190134810042088
0.49  0.008877445511437305  0.019174500081344567
0.5  0.0031238870290947593  0.017716468340926966
0.51  -0.0012682338574050113  0.015211817261300099
0.52  -0.004298715436948842  0.012171601685747475
0.53  -0.0060922671280958  0.009013029786908561
0.54  -0.006851558679016662  0.006045430531248779
0.55  -0.006815494724725194  0.0034710780337205444
0.56  -0.006225683793000719  0.001396627423334883
0.5700000000000001  -0.005302328505581642  -0.00014907173972804634
0.58  -0.004229368545750466  -0.0011945194342970684
0.59  -0.0031477307127926336  -0.0018054124050967168
0.6  -0.0021549793403147135  -0.0020668396139884755
0.61  -0.001309462071665338  -0.002068999256548883
0.62  -0.0006371271342325361  -0.0018968646256390363
0.63  -0.00013945520764881275  -0.0016236576609228318
0.64  0.00019868696019950061  -0.0013076123776046976
0.65  0.00040207661247364983  -0.000991311409344627
0.66  0.0004994971543530287  -0.0007028257197737801
0.67  0.0005195874073815116  -0.0004579400878982763
0.68  0.0004881175964276413  -0.0002628648177416209
0.6900000000000001  0.0004264947069062994  -0.00011698178467205774
0.7000000000000001  0.0003512315300399165  -1.532286456634898e-05
0.71  0.00027409913629024393  4.938767147903271e-05
0.72  0.00020270510323087024  8.518841931635595e-05
0.73  0.00014128404973582831  9.981882943666713e-05
0.74  9.15400581204867e-05  0.00010007722154002305
0.75  5.343297005653644e-05  9.151264080884677e-05
0.76  2.5846311456418022e-05  7.835925615697608e-05
0.77  7.110702598403615e-06  6.362920171434844e-05
0.78  -4.6176965731413275e-06  4.92939034868821e-05
0.79  -1.110805464868104e-05  3.650075805432173e-05
0.8  -1.3911196804476537e-05  2.5788535471508362e-05
0.81  -1.42952074923694e-05  1.727922924683044e-05
0.8200000000000001  -1.3235683123358371e-05  1.0835400036274223e-05
0.8300000000000001  -1.1439766872887495e-05  6.180191320039134e-06
0.84  -9.38774441763528e-06  2.9824255472424116e-06
0.85  -7.380613723405362e-06  9.120503152161377e-07
0.86  -5.586121328589512e-06  -3.2769267288368517e-07
0.87  -4.079024840016755e-06  -9.850765683150114e-07
0.88  -2.8737429791119323e-06  -1.2561372984148769e-06
0.89  -1.9491646085837262e-06  -1.2878954653783516e-06
0.9  -1.2663468889733009e-06  -1.185217488306351e-06
0.91  -7.803012248851326e-07  -1.0190109308764048e-06
0.92  -4.471970209173195e-07  -8.342995257846339e-07
0.93  -2.282365500700056e-07  -6.573715378660155e-07
0.9400000000000001  -9.126847648399322e-08  -5.016521216342833e-07
0.9500000000000001  -1.0982200698821352e-08  -3.7224589575597304e-07
0.96  3.1695862791933603e-08  -2.692664119616238e-07
0.97  5.0575656178181406e-08  -1.9015006755930604e-07
0.98  5.527247481750238e-08  -1.3117391382075257e-07
0.99  5.2212837399505005e-08  -8.838380010223155e-08
1.0  4.549890441345328e-08  -5.8108784026128444e-08
1.01  3.760525736064327e-08  -3.720133767572596e-08
1.02  2.991266742126288e-08  -2.310758034837405e-08
1.03  2.3099300735099377e-08  -1.3841193801495048e-08
1.04  1.7415817332639907e-08  -7.910190453240518e-09
1.05  1.2870956289996557e-08  -4.227296281646688e-09
1.06  9.351245236222644e-09  -2.021638379182209e-09
1.07  6.694255781545972e-09  -7.606615935230675e-10
1.08  4.730451539972138e-09  -8.568437735832567e-11
1.09  3.304731398263251e-09  2.386960625977422e-10
1.1  2.2855075160995068e-09  3.6278417540433814e-10
1.11  1.566621572168506e-09  3.7965119348098794e-10
1.12  1.0655296203731067e-09  3.448771351248742e-10
1.1300000000000001  7.198633813399022e-10  2.901577101821108e-10
1.1400000000000001  4.835821761889919e-10  2.324362040159839e-10
1.1500000000000001  3.233524118135986e-10  1.798699321364997e-10
1.16  2.1543697388996224e-10  1.3562010418168865e-10
1.17  1.4317271268465568e-10  1.0018495148455508e-10
1.18  9.500751749552076e-11  7.278431034465487e-11
1.19  6.301951987149683e-11  5.214385177969171e-11
1.2  4.182781970610227e-11  3.691128790951111e-11
1.21  2.780754782875615e-11  2.585511792940842e-11
1.22  1.8533951950285304e-11  1.794077760071979e-11
1.23  1.2394539794238185e-11  1.2342060116594852e-11
1.24  8.322102743013693e-12  8.422079980579394e-12
1.25  5.612711944176491e-12  5.702572331291569e-12
1.26  3.80325514115328e-12  3.831607023836244e-12
1.27  2.5892949799252262e-12  2.5544143992921547e-12
1.28  1.770713488552552e-12  1.6890193342697876e-12
1.29  1.2157825890553433e-12  1.1069204735384843e-12
1.3  8.375818817827898e-13  7.182663315699422e-13
1.31  5.785006814265838e-13  4.607828580116692e-13
1.32  4.002027293608247e-13  2.91615213899859e-13
1.33  2.770200051098309e-13  1.815063982268442e-13
1.34  1.9165168719159569e-13  1.1059043310324462e-13
1.35  1.323815077909468e-13  6.548343385384312e-14
1.36  9.121264937254198e-14  3.722734564294903e-14
1.37  6.26231785239514e-14  1.988292565522645e-14
1.3800000000000001  4.281771776998209e-14  9.526204068397095e-15
1.3900000000000001  2.9132219322585926e-14  3.5597199034808245e-15
1.4000000000000001  1.9704655636077514e-14  3.2876825032817174e-16
1.41  1.3258668513562848e-14  -1.251619002715125e-15
1.42  8.876181598745331e-15  -1.849990887354267e-15
1.43  5.907474178893508e-15  -1.908818599280585e-15
1.44  3.907863435860321e-15  -1.696644724719044e-15
1.45  2.55211176213268e-15  -1.3626351364038654e-15
1.46  1.6393242651975708e-15  -1.0105913078639898e-15
1.47  1.022776580681852e-15  -6.902807093084275e-16
1.48  5.998500958844245e-16  -4.195290088095773e-16
1.49  3.1242059158413125e-16  -2.167491746953909e-16
1.5  1.1535362446537568e-16  -6.742887943705241e-17
1.51  -2.3903849087974668e-17  3.101275183615105e-17
1.52  -1.103492607647502e-16  7.88679335291482e-17
1.53  -1.7407343928347326e-16  9.418959369017415e-17
1.54  -2.0622817331457684e-16  8.571326128173032e-17
1.55  -2.160502485212764e-16  6.300312832984281e-17
1.56  -2.1313292929264528e-16  3.6031708675654227e-17
1.57  -2.0733287416542158e-16  5.390147894914811e-18
1.58  -1.9516144315259037e-16  -2.347877493398477e-17
1.59  -1.6930480470868898e-16  -5.2374759905597996e-17
1.6  -1.4186832050789575e-16  -7.56431579904447e-17
1.61  -1.175501277955845e-16  -8.882105846495152e-17
1.62  -8.81349269501613e-17  -1.040632493327398e-16
1.6300000000000001  -6.015785777196163e-17  -1.1267708653234386e-16
1.6400000000000001  -3.124712710419573e-17  -1.159552638757961e-16
1.6500000000000001  -4.7625570901918006e-18  -1.152866490912695e-16
1.6600000000000001  1.5628821832786697e-17  -1.0992691526109364e-16
1.67  3.1719753004294004e-17  -1.034672077093713e-16
1.68  5.943878747986767e-17  -9.368525168513599e-17
1.69  8.01179713434909e-17  -7.151330749641636e-17
1.7  9.495377480438586e-17  -5.42453334003963e-17
1.71  9.43415519646055e-17  -2.841650348110338e-17
1.72  8.808762191995265e-17  -2.4891148114467993e-18
1.73  7.69361403169564e-17  2.06419629240727e-17
1.74  6.169981257394054e-17  3.368558543435075e-17
1.75  4.2486349178693454e-17  4.432760149561722e-17
1.76  1.645823250943149e-17  4.643679859969907e-17
1.77  -2.943462039365264e-18  4.111542321729306e-17
1.78  -2.091456978452318e-17  2.2406811809048946e-17
1.79  -2.853276639150128e-17  1.6445950313722088e-19
1.8  -2.2380567390980704e-17  -1.8419088642580006e-17
1.81  -6.9188281267129476e-18  -4.097199701150844e-17
1.82  1.3961687279571747e-17  -6.170685552646329e-17
1.83  3.752717555338849e-17  -6.696671354498906e-17
1.84  7.25186434103736e-17  -6.411188553090937e-17
1.85  1.1286017579257232e-16  -5.640306183864984e-17
1.86  1.340152793275713e-16  -3.068739700457044e-17
1.87  1.4918415514791027e-16  1.3988255150294344e-17
1.8800000000000001  1.6046704919308235e-16  6.519159381357012e-17
1.8900000000000001  1.6417749561979026e-16  1.2040788956073647e-16
1.9000000000000001  1.3096404205454595e-16  1.7894088251522962e-16
1.9100000000000001  7.979455869915567e-17  2.37900954218223e-16
1.92  4.8203456511097336e-18  2.727088751302533e-16
1.93  -7.297860566678121e-17  2.805704682849816e-16
1.94  -1.6600347050140687e-16  2.3881504961616716e-16
1.95  -2.4666499691193263e-16  1.991134644597371e-16
1.96  -2.9295814942896456e-16  1.2171896415949533e-16
1.97  -3.203602303834754e-16  4.086545941969529e-17
1.98  -3.204301931200154e-16  -5.101134376746636e-17
1.99  -3.019694992445339e-16  -1.2986514051200412e-16
2.0  -2.540361194085409e-16  -2.0655016524580208e-16
2.0100000000000002  -1.6462493558296357e-16  -2.5273956229944116e-16
2.02  -1.238974093805794e-16  -3.03681291912246e-16
2.0300000000000002  -4.0311382768889914e-17  -3.019056738359841e-16
2.04  2.6922110796279603e-17  -3.095616414521698e-16
2.05  9.579322191684562e-17  -2.7235670267435296e-16
2.06  1.6952514668669668e-16  -2.4049477044514584e-16
2.07  2.1346375490058475e-16  -1.831433765062085e-16
2.08  2.447367863388874e-16  -1.0864226398738695e-16
2.09  2.4840219555983284e-16  -3.077432082300217e-17
2.1  2.1605501129674143e-16  4.7133491348841345e-17
2.11  1.8085577213272433e-16  1.016094180136365e-16
2.12  1.0784159163781916e-16  1.160897341157905e-16
2.13  5.833763839512347e-17  9.92632521891011e-17
2.14  2.3945260299453947e-17  8.069344689306843e-17
2.15  -1.284597288009366e-17  5.759422568468846e-17
2.16  -2.791695604638094e-17  3.59160298258084e-17
2.17  -3.303821440419276e-18  2.608755297430949e-18
2.18  1.7216479098811642e-17  -8.842145815102648e-18
2.19  4.0080171306642046e-17  -1.10870153428582e-17
2.2  8.216435667568251e-17  -2.7894410420171344e-17
2.21  9.856860743038877e-17  -2.994209222138026e-20
2.22  1.12587262078528e-16  2.151538676056723e-17
2.23  1.1445002610965485e-16  4.396178692548456e-17
2.24  1.0228887287240628e-16  8.201176661828704e-17
2.25  9.561891968712566e-17  1.2799812512322885e-16
2.2600000000000002  6.680943832652759e-17  1.7214138012909353e-16
2.27  1.8249634213645557e-17  2.0580696331704152e-16
2.2800000000000002  -4.68639431961767e-17  2.1407022792123117e-16
2.29  -1.1358920097762687e-16  1.9873957620984573e-16
2.3000000000000003  -1.8453524120661552e-16  1.5900640586817742e-16
2.31  -2.496177900454057e-16  9.676806041252843e-17
2.32  -2.6833126237182005e-16  1.3967231099441432e-17
2.33  -2.610611527350615e-16  -7.616468085656928e-17
2.34  -2.4102134201493167e-16  -1.6799932762966121e-16
2.35  -1.773948031616858e-16  -2.4056166679145406e-16
2.36  -1.0788992659196466e-16  -2.9459930779434256e-16
2.37  -9.586771553647324e-18  -3.3025228331205127e-16
2.38  9.42948359232676e-17  -3.1987106639906633e-16
2.39  1.922493449954421e-16  -2.762196281835654e-16
2.4  2.8002914291623185e-16  -1.992287446428386e-16
2.41  3.41523711289944e-16  -9.358063059152006e-17
2.42  3.6383138057789483e-16  2.920947755529142e-17
2.43  3.467299073240343e-16  1.5317555196978903e-16
2.44  2.8852249695804585e-16  2.6693922011623224e-16
2.45  1.9049071113813214e-16  3.5787998441751676e-16
2.46  6.31801620042011e-17  4.10920322215655e-16
2.47  -7.837955791010688e-17  4.291377295694941e-16
2.48  -2.230525209009215e-16  4.0450309213903747e-16
2.49  -3.469790348320702e-16  3.252002982278599e-16
2.5  -4.526282714983369e-16  2.1250789790860338e-16
2.5100000000000002  -5.19934456794732e-16  6.631611617631711e-17
2.52  -5.337978772887158e-16  -1.017626895552882e-16
2.5300000000000002  -4.945890763209093e-16  -2.627730410368673e-16
2.54  -4.127031576040298e-16  -4.0889418658472774e-16
2.5500000000000003  -2.7415886817760983e-16  -5.342629706914741e-16
2.56  -1.0790404068329455e-16  -6.063285589564174e-16
2.57  7.895974882604481e-17  -6.244670984341249e-16
2.58  2.65173770380509e-16  -5.92135704348035e-16
2.59  4.381739411899634e-16  -4.956345591913194e-16
2.6  5.838601264340249e-16  -3.4832378110692195e-16
2.61  6.747516984555368e-16  -1.6832675399134202e-16
2.62  7.070835255307307e-16  2.1701731644617918e-17
2.63  6.754847664357532e-16  2.098875531252813e-16
2.64  5.855117713980742e-16  3.6327006381365567e-16
2.65  4.482569044506788e-16  4.730380699472828e-16
2.66  2.697708925737585e-16  5.19748702770895e-16
2.67  6.413539097783611e-17  4.913201611072832e-16
2.68  -1.6309200167820002e-16  3.8507052570915757e-16
2.69  -4.076766413020177e-16  1.9583397803298948e-16
2.7  -6.740348523985867e-16  -7.566486144428366e-17
2.71  -9.895740800149938e-16  -4.166641464707968e-16
2.72  -1.4014423932680382e-15  -8.104672711794496e-16
2.73  -1.9815186645698812e-15  -1.236952237703743e-15
2.74  -2.845948350433935e-15  -1.6574863997077033e-15
2.75  -4.158912882090751e-15  -1.9966566676015605e-15
2.7600000000000002  -6.1571834489353594e-15  -2.16423555974332e-15
2.77  -9.194375455743052e-15  -1.9987632701874313e-15
2.7800000000000002  -1.3744117115726443e-14  -1.2253680915213604e-15
2.79  -2.0482416721203195e-14  6.192168149684643e-16
2.8000000000000003  -3.037662114237131e-14  4.2206106775584026e-15
2.81  -4.4768625508621094e-14  1.0716654293199234e-14
2.82  -6.559501904454252e-14  2.1841847713211808e-14
2.83  -9.561256852333561e-14  4.031938409115838e-14
2.84  -1.3879633574401903e-13  7.027954252556207e-14
2.85  -2.0091763122669032e-13  1.1799021978487642e-13
2.86  -2.9033795415591007e-13  1.928773365955583e-13
2.87  -4.193595550918691e-13  3.090095933683556e-13
2.88  -6.061326787629941e-13  4.872650094034834e-13
2.89  -8.776379939003537e-13  7.583490546471962e-13
2.9  -1.2742056433659933e-12  1.1671881643726013e-12
2.91  -1.8564590235963405e-12  1.7790272648690792e-12
2.92  -2.7159623233404e-12  2.6878710440934915e-12
2.93  -3.991513267519496e-12  4.028018049668588e-12
2.94  -5.893974085784265e-12  5.989347362899324e-12
2.95  -8.744173271054696e-12  8.837365464596435e-12
2.96  -1.3030192285594005e-11  1.2938074523935427e-11
2.97  -1.9493581776724235e-11  1.8787764954158106e-11
2.98  -2.925828921314148e-11  2.7045370957052414e-11
2.99  -4.4021550558750794e-11  3.856244761593403e-11
3.0  -6.633390544430181e-11  5.4399737889814435e-11
3.0100000000000002  -1.0000513484737433e-10  7.580982022911791e-11
3.02  -1.506851458698006e-10  1.0414942155686075e-10
3.0300000000000002  -2.266825486530181e-10  1.4065971872212946e-10
3.04  -3.4009791540816996e-10  1.8601371591707296e-10
3.0500000000000003  -5.083598042745058e-10  2.3947178868886766e-10
3.06  -7.562540922848792e-10  2.974004212974746e-10
3.0700000000000003  -1.1185197664117563e-09  3.5078869566957734e-10
3.08  -1.6430305503006202e-09  3.812308808075743e-10
3.09  -2.394464925275497e-09  3.5462481068502754e-10
3.1  -3.458147179604096e-09  2.115595345752575e-10
3.11  -4.943364503925736e-09  -1.469598632467144e-10
3.12  -6.984853783100795e-09  -8.801543080104554e-10
3.13  -9.740210868563333e-09  -2.2365027360495555e-09
3.14  -1.3379590613544462e-08  -4.593365120471488e-09
3.15  -1.806211568091421e-08  -8.509251078737912e-09
3.16  -2.3890787082146572e-08  -1.4790027006886537e-08
3.17  -3.083433581842019e-08  -2.4568550827346157e-08
3.18  -3.860043779850795e-08  -3.9393779306393503e-08
3.19  -4.6440318135083874e-08  -6.131952746889969e-08
3.2  -5.2860639424987975e-08  -9.297381469122917e-08
3.21  -5.5215882113054114e-08  -1.37576047497724e-07
3.22  -4.9155121150444865e-08  -1.9885015175768275e-07
3.23  -2.7904096836362718e-08  -2.8075650059762234e-07
3.24  1.8619138979640548e-08  -3.869342080285904e-07
3.25  1.0482360613915834e-07  -5.19709666005701e-07
3.2600000000000002  2.5051312817915456e-07  -6.78491073345905e-07
3.27  4.818312860250782e-07  -8.573396385196442e-07
3.2800000000000002  8.31792470436836e-07  -1.0414984043336245e-06
3.29  1.3399485406188236e-06  -1.2026874568524014e-06
3.3000000000000003  2.0505435835644356e-06  -1.2930645438047918e-06
3.31  3.0082860058144963e-06  -1.237934200674415e-06
3.3200000000000003  4.250643891584336e-06  -9.276022783830963e-07
3.33  5.795393048568804e-06  -2.0925227568337413e-07
3.34  7.622090391287739e-06  1.1196067880971203e-06
3.35  9.64631114750684e-06  3.3136960901549564e-06
3.36  1.1686009382595303e-05  6.67505353265361e-06
3.37  1.3420392698369218e-05  1.1536044650215797e-05
3.38  1.434340411505507e-05  1.8224640330865226e-05
3.39  1.3716411798352544e-05  2.700560637309523e-05
3.4  1.0528082322639299e-05  3.799129442239277e-05
3.41  3.4735809176318554e-06  5.1017013432227305e-05
3.42  -9.03008561289957e-06  6.547908475104126e-05
3.43  -2.877117474220087e-05  8.013925063441834e-05
3.44  -5.7587792007538765e-05  9.29076275300644e-05
3.45  -9.710380752494223e-05  0.00010062811834143545
3.46  -0.00014833291290686869  9.890488273296794e-05
3.47  -0.00021113670689421315  8.202513236591771e-05
3.48  -0.00028353991715474757  4.30501973061715e-05
3.49  -0.00036093283968361914  -2.5839658418800033e-05
3.5  -0.000435228466204882  -0.0001326552180120692
3.5100000000000002  -0.0004940885888732371  -0.0002844787074305427
3.52  -0.0005203860495520122  -0.0004858564341977407
3.5300000000000002  -0.0004921228186897923  -0.000736696660400532
3.54  -0.0003830658783548076  -0.0010297460350129754
3.5500000000000003  -0.0001643817180063632  -0.0013478283599093694
3.56  0.00019247013598583092  -0.0016611657730301486
3.5700000000000003  0.0007114002887982622  -0.0019252532840083757
3.58  0.0014058714983071936  -0.0020799032196949733
3.59  0.0022717870478894944  -0.0020501879047642823
3.6  0.003279575512512482  -0.0017500505104012737
3.61  0.004366324969155837  -0.0010892847204911616
3.62  0.005429207578706957  1.5635809827789045e-05
3.63  0.006321791800178818  0.0016267975383956323
3.64  0.006855088309769163  0.0037666680935862654
3.65  0.006805227015500279  0.006397775187799343
3.66  0.005929423107661616  0.009402401757614658
3.67  0.0039912791287934155  0.012565351219373397
3.68  0.0007954393894778928  0.015563599919832008
3.69  -0.0037698310335629115  0.017967102904164523
3.7  -0.009685346960928987  0.01925495583057779
3.71  -0.01675412662028865  0.01885035523271963
3.72  -0.024561920934223127  0.016176207808278564
3.73  -0.03245353186476432  0.01073077767309967
3.74  -0.03953387772791314  0.0021795242608997813
3.75  -0.044702132236163795  -0.009544466253730744
3.7600000000000002  -0.04672512238609591  -0.02414287984721074
3.77  -0.04435236740771302  -0.04087213720954986
3.7800000000000002  -0.03646975621819841  -0.05849774671517021
3.79  -0.022282262647178752  -0.07530003632889748
3.8000000000000003  -0.001508968927733436  -0.08914586980480516
3.81  0.025433017617325512  -0.09763564923805704
3.8200000000000003  0.05728422925713697  -0.0983266792808656
3.83  0.09186874229964151  -0.0890232925922948
3.84  0.12611916513459986  -0.06811201471057189
3.85  0.15622296831717702  -0.03490798386431345
3.86  0.17790085760720442  0.010031280062874437
3.87  0.18681190854796337  0.06467480175571996
3.88  0.179061161777445  0.12542007308490466
3.89  0.1517655188096664  0.1871712404727699
3.9  0.10361590759937854  0.2436219305209784
3.91  0.03536094228067774  0.2877488733317813
3.92  -0.049867321336269706  0.3124947574640406
3.93  -0.14645909386885186  0.31158855374060945
3.94  -0.2465201101848341  0.2804229025690527
3.95  -0.3403798246314738  0.21688562111239496
3.96  -0.4174042250922633  0.12203039268474965
3.97  -0.4670602258278611  0.00047385067875149414
3.98  -0.4801362971096301  -0.13957539579705913
3.99  -0.4499883572584392  -0.28671582488971825
4.0  -0.37365719445239515  -0.42719222996272355
4.01  -0.2526989761246521  -0.546130685183992
4.0200000000000005  -0.093586927510943  -0.6290667407171661
4.03  0.0924195573025647  -0.6636128278040234
4.04  0.28998502833037326  -0.6410741137487079
4.05  0.4809639029790133  -0.5578070710992397
4.0600000000000005  0.6461242366458549  -0.4161263759160396
4.07  0.7671624377691755  -0.22460458709280143
4.08  0.8287889760822976  0.002327389339799964
4.09  0.8206368974409872  0.2454894412929731
4.1  0.7387476148993828  0.48269161631155993
4.11  0.5864240670883257  0.6909382805939474
4.12  0.37430736371783135  0.8488615512721861
4.13  0.1196223393846817  0.9391051307356237
4.14  -0.15536092819842695  0.9503706538958344
4.15  -0.4255019409690071  0.8788670642757567
4.16  -0.6653674657184028  0.728967246199828
4.17  -0.8519200225780248  0.512967906439758
4.18  -0.9670026871532942  0.24995699839192295
4.19  -0.9993235399838343  -0.0360964202930892
4.2  -0.9456996906910041  -0.31881703983998033
4.21  -0.8114091883338912  -0.5721781165333649
4.22  -0.609607757492867  -0.773215674531341
4.23  -0.35988169418906285  -0.9043867158987725
4.24  -0.08611310203124456  -0.9553015890569624
4.25  0.18608498162310755  -0.9236401679146127
4.26  0.4320586622177371  -0.8151639700471289
4.2700000000000005  0.6306158768124783  -0.6428477750914741
4.28  0.766061158311793  -0.42525973377925147
4.29  0.8295483148537599  -0.18440465045497123
4.3  0.8196276095568703  0.05669949879856782
4.3100000000000005  0.7419662256982562  0.2764227039705768
4.32  0.6083205411970406  0.4566306840616629
4.33  0.4349231200702186  0.5842791373757384
4.34  0.24050625876421147  0.6523495156961089
4.3500000000000005  0.04421136578649139  0.6600695027017714
4.36  -0.13637197388612174  0.6124501696580955
4.37  -0.2868285358809793  0.5192496946725699
4.38  -0.3970508153686546  0.39353138856473135
4.39  -0.4618037513505049  0.25001584320958437
4.4  -0.48071569538993275  0.10343153762929679
4.41  -0.4577580389639659  -0.032952717278009414
4.42  -0.4003287087981588  -0.1484712692867041
4.43  -0.3180876419250444  -0.2357927647760076
4.44  -0.22170341365529464  -0.2912090735943134
4.45  -0.12166058201939763  -0.31450708915580394
4.46  -0.027250795614137974  -0.3084934440731558
4.47  0.054167186253687716  -0.2782727263601116
4.48  0.11759638601883303  -0.23039399067829403
4.49  0.1605191679255649  -0.171978712196394
4.5  0.18273898486845486  -0.10992831965628298
4.51  0.18600786093225297  -0.05028494856870234
4.5200000000000005  0.17351569640558231  0.0022103909360979956
4.53  0.14932054402384315  0.0443479614878558
4.54  0.1177920994200447  0.07448007892319851
4.55  0.08312632863954848  0.09238534828891193
4.5600000000000005  0.04897049952673361  0.09901211226162021
4.57  0.018177989320725032  0.09615198887643374
4.58  -0.007306196028665771  0.08609249204323138
4.59  -0.02644322897719071  0.07129040558990636
4.6000000000000005  -0.039005967198956056  0.05409678559536127
4.61  -0.045421882257359575  0.036552223763869185
4.62  -0.0465838580300319  0.020259121612720928
4.63  -0.04365629073074723  0.006327588127620721
4.64  -0.03789833921110523  -0.004615947310759652
4.65  -0.03051927328390182  -0.012372871791329754
4.66  -0.022573790771600405  -0.017086441158371782
4.67  -0.014898827241905502  -0.019142205312693922
4.68  -0.008088370296781907  -0.019068798712382293
4.69  -0.0024994051282811306  -0.017449586894757174
4.7  0.001719624742094446  -0.014851802195821629
4.71  0.004586754759228792  -0.011776146210269326
4.72  0.006238930047152761  -0.008626776122018792
4.73  0.006885479661611328  -0.005699344621690328
4.74  0.006767290767655711  -0.003183387275858657
4.75  0.00612441974703987  -0.0011747800267648215
4.76  0.005173171495471623  0.0003059273567355687
4.7700000000000005  0.004092332992229951  0.001292950176345217
4.78  0.003017323326733288  0.0018553162041664087
4.79  0.0020405103737233332  0.002079453665299154
4.8  0.0012157858663044037  0.0020553916192199624
4.8100000000000005  0.0005656001145457238  0.00186691869282519
4.82  8.894131554666077e-05  0.0015855015366028975
4.83  -0.00023088497182847348  0.001267411160174533
4.84  -0.000419434484615528  0.0009533265509878828
4.8500000000000005  -0.0005056688918691767  0.0006696472676731707
4.86  -0.0005179900914446059  0.00043080955575484084
4.87  -0.0004816825454587845  0.00024202389855223634
4.88  -0.0004175542763935405  0.00010200118729438211
4.89  -0.0003415064207796353  5.3834195828277436e-06
4.9  -0.00026475220758812105  -5.5274560054831585e-05
4.91  -0.0001944323224400294  -8.802267538179291e-05
4.92  -0.00013441957928827082  -0.00010051018880328912
4.93  -8.615921590486918e-05  -9.939038115724846e-05
4.94  -4.944296675501002e-05  -9.00476397556968e-05
4.95  -2.3059740261106097e-05  -7.655600052852424e-05
4.96  -5.300530085303832e-06  -6.178653155035441e-05
4.97  5.680383003713447e-06  -4.759562831206651e-05
4.98  1.1630871360277293e-05  -3.5043214847582673e-05
4.99  1.4068619314493528e-05  -2.4606159255568644e-05
5.0  1.4224835773303536e-05  -1.636621543973518e-05
5.01  1.30397758644516e-05  -1.0162725313295883e-05
5.0200000000000005  1.11897577941365e-05  -5.708062233569318e-06
5.03  9.130047568215618e-06  -2.6686986852828207e-06
5.04  7.14257223864113e-06  -7.173891109254443e-07
5.05  5.381409325914717e-06  4.371153148428779e-07
5.0600000000000005  3.912158847448018e-06  1.0365869000327913e-06
5.07  2.743601204876641e-06  1.2706610343351746e-06
5.08  1.8515644610228554e-06  1.2806723842598173e-06
5.09  1.1958131646725746e-06  1.1667893257804262e-06
5.1000000000000005  7.311893003125757e-07  9.962585044829624e-07
5.11  4.1433484612401646e-07  8.113970792519349e-07
5.12  2.0723030437516582e-07  6.365933318631336e-07
5.13  7.858963645563605e-08  4.840113214312841e-07
5.14  3.925263743948797e-09  3.579731762572127e-07
5.15  -3.512169134113383e-08  2.5815001285594713e-07
5.16  -5.177896859719488e-08  1.817644310360635e-07
5.17  -5.5210999288230363e-08  1.250239019091762e-07
5.18  -5.1510077285593e-08  8.398834464320923e-08
5.19  -4.454046094833949e-08  5.504341546696962e-08
5.2  -3.6614093636464606e-08  3.511446763086042e-08
5.21  -2.9005248886476767e-08  2.172129027872991e-08
5.22  -2.2325741589001758e-08  1.2943880945146663e-08
5.23  -1.678743265379896e-08  7.345801186872113e-09
5.24  -1.237837403701176e-08  3.883972197563818e-09
5.25  -8.97574578748386e-09  1.8212923732994074e-09
5.26  -6.414452585428766e-09  6.501555844914405e-10
5.2700000000000005  -4.525902733470393e-09  2.9771346910515045e-11
5.28  -3.157624815468273e-09  -2.627799209324708e-10
5.29  -2.181205660558065e-09  -3.6931804553650216e-10
5.3  -1.493584870210483e-09  -3.772960349069893e-10
5.3100000000000005  -1.0149436540486234e-09  -3.3867317877078896e-10
5.32  -6.851631337029953e-10  -2.8287947594014034e-10
5.33  -4.599788715239213e-10  -2.2548761739501057e-10
5.34  -3.074140711610909e-10  -1.738595667618331e-10
5.3500000000000005  -2.0474097699095253e-10  -1.3071994585691e-10
5.36  -1.3603143853601894e-10  -9.634675100346064e-11
5.37  -9.025877011648128e-11  -6.986461065244343e-11
5.38  -5.98709795272948e-11  -4.997233612362637e-11
5.39  -3.974406479104904e-11  -3.532512636104045e-11
5.4  -2.6429442707646352e-11  -2.4713647156181884e-11
5.41  -1.7622126017107345e-11  -1.7129579188804107e-11
5.42  -1.1790321483859419e-11  -1.1771827955149445e-11
5.43  -7.920660978891277e-12  -8.025070817823433e-12
5.44  -5.345078114232022e-12  -5.428559964671192e-12
5.45  -3.6240525799292557e-12  -3.6439792112611774e-12
5.46  -2.468714619492022e-12  -2.426903695628495e-12
5.47  -1.6891609522256595e-12  -1.6030045597612754e-12
5.48  -1.1603417044450407e-12  -1.0493357954140946e-12
5.49  -7.996867897974267e-13  -6.80019427060014e-13
5.5  -5.524694672844748e-13  -4.35601271338566e-13
5.51  -3.8223623539509514e-13  -2.7519221525884164e-13
5.5200000000000005  -2.645616682670986e-13  -1.7090813737751758e-13
5.53  -1.8298975289313474e-13  -1.0384249215340022e-13
5.54  -1.2632644186326842e-13  -6.124983168972254e-14
5.55  -8.694806916451657e-14  -3.4624002122680506e-14
5.5600000000000005  -5.961349020069882e-14  -1.8294920455073243e-14
5.57  -4.066887057644456e-14  -8.549481578341261e-15
5.58  -2.7592753660121912e-14  -2.9539529137599364e-15
5.59  -1.8622205318468812e-14  9.073380371655154e-17
5.6000000000000005  -1.2521082761420184e-14  1.5765375908260443e-15
5.61  -8.411567417918814e-15  2.1405441715938764e-15
5.62  -5.664474990032315e-15  2.175032328902412e-15
5.63  -3.852198672465298e-15  1.932158392989135e-15
5.64  -2.657371618719588e-15  1.5610796269686154e-15
5.65  -1.8649553352698806e-15  1.1328575680939936e-15
5.66  -1.3272599942835084e-15  7.123743706099174e-16
5.67  -9.45016987572055e-16  3.3753614673500723e-16
5.68  -6.485205821856303e-16  2.2798701041294397e-17
5.69  -3.9327205901814447e-16  -2.2852106959511617e-16
5.7  -1.7021398443949668e-16  -3.9836564887614763e-16
5.71  4.087585848012239e-17  -4.946765459483878e-16
5.72  2.256555234593424e-16  -5.154985840061378e-16
5.73  3.8681232721692086e-16  -4.741572338451821e-16
5.74  5.14202560818811e-16  -3.7420689723351784e-16
5.75  5.922237302212889e-16  -2.4144049232881e-16
5.76  6.195376114386256e-16  -8.17420620934437e-17
5.7700000000000005  5.963425648169741e-16  7.37538623534301e-17
5.78  5.308127374916646e-16  2.192235849590417e-16
5.79  4.26207555314295e-16  3.335179518361818e-16
5.8  2.9274155792333453e-16  4.159601126116714e-16
5.8100000000000005  1.497165316871793e-16  4.558271969069649e-16
5.82  1.3872789050690479e-17  4.534679122502467e-16
5.83  -1.0928492402370095e-16  4.0596497499074665e-16
5.84  -2.0943715191676977e-16  3.332089571973791e-16
5.8500000000000005  -2.6934579777354037e-16  2.403489079488975e-16
5.86  -2.9423332084516486e-16  1.3929203729755778e-16
5.87  -2.8121976438842563e-16  4.5381986546369714e-17
5.88  -2.5699887218759613e-16  -2.4329347733003084e-17
5.89  -2.132246169668644e-16  -8.18553193339649e-17
5.9  -1.5436555053322959e-16  -1.1328764686563656e-16
5.91  -9.797845369004095e-17  -1.2787710268033932e-16
5.92  -5.477561833771623e-17  -1.2174568401366048e-16
5.93  -1.2164277010955595e-17  -1.0850205819471112e-16
5.94  7.212593680773614e-18  -8.681340331673267e-17
5.95  1.8836507901540396e-17  -6.175651316876129e-17
5.96  2.6003859727922908e-17  -4.779878911385304e-17
5.97  2.79762330011154e-17  -3.484324262984257e-17
5.98  2.279287697425214e-17  -1.8373591050043316e-17
5.99  2.851264318970658e-17  -1.078446083396506e-17
6.0  3.9411093482104546e-17  -7.64467022954672e-18
6.01  3.845153906974757e-17  -9.965444440007526e-19
6.0200000000000005  3.674546555959761e-17  8.436170600270139e-18
6.03  3.7469761621088196e-17  1.0544436843754294e-17
6.04  4.241992112240785e-17  2.5998938238852344e-17
6.05  3.075836878306574e-17  5.374824106596309e-17
6.0600000000000005  1.360948290392507e-17  7.894614135985158e-17
6.07  -2.3563549775259306e-17  8.746460106041999e-17
6.08  -4.834630766660812e-17  8.386507893198498e-17
6.09  -9.245390591557813e-17  7.540191040920707e-17
6.1000000000000005  -1.382565845635826e-16  5.917821372219612e-17
6.11  -1.755416888336283e-16  2.154068830698488e-17
6.12  -2.062876221643068e-16  -2.246507574501896e-17
6.13  -2.1849161924746923e-16  -8.600831170450364e-17
6.140000000000001  -2.1865965929959303e-16  -1.7025079929171807e-16
6.15  -1.7688766893401455e-16  -2.6747825957938575e-16
6.16  -1.0427217788354323e-16  -3.5397028666175173e-16
6.17  -1.1132677957936349e-17  -3.970805229181472e-16
6.18  1.0314500721515555e-16  -4.342062315781587e-16
6.19  2.277230035890062e-16  -4.499661984017675e-16
6.2  3.7858925281077317e-16  -3.922082558666789e-16
6.21  5.025278694518677e-16  -2.983981121988612e-16
6.22  6.151126825750085e-16  -1.5210559288619018e-16
6.23  6.7161512751295245e-16  1.411392805819616e-18
6.24  6.787846784240899e-16  1.8391005781287274e-16
6.25  6.21714567315589e-16  3.8264972934511614e-16
6.26  5.412553585473368e-16  5.695230645777497e-16
6.2700000000000005  3.737965143629334e-16  7.488784074110525e-16
6.28  1.7301052324327523e-16  8.710181665333841e-16
6.29  -7.697772707653866e-17  9.55025653407374e-16
6.3  -3.4721329999665234e-16  9.267255552260055e-16
6.3100000000000005  -6.1241572906641485e-16  8.101085022721301e-16
6.32  -8.096331510339248e-16  6.204564577389102e-16
6.33  -9.693691402349579e-16  3.630875222895408e-16
6.34  -1.04686362517253e-15  7.69116122091671e-17
6.3500000000000005  -1.0377368853699124e-15  -2.1678560377342406e-16
6.36  -9.244854896995264e-16  -5.112695041768827e-16
6.37  -7.386698009391918e-16  -7.628259002752127e-16
6.38  -4.444161596640648e-16  -9.464472361858859e-16
6.390000000000001  -1.3302402807765634e-16  -1.0307883691655526e-15
6.4  1.6891875227170515e-16  -1.0204462493957715e-15
6.41  4.406438941262453e-16  -8.976325958195425e-16
6.42  6.671841468243884e-16  -6.970927867630262e-16
6.43  8.379426180572053e-16  -4.394270036450609e-16
6.44  9.166205227086507e-16  -1.5408923467412432e-16
6.45  9.046031320495661e-16  1.2386191256641815e-16
6.46  8.119337922315121e-16  3.821295778768167e-16
6.47  6.351796967284109e-16  5.885348747107713e-16
6.48  4.323279090096213e-16  7.211981064952038e-16
6.49  1.9824249668118505e-16  7.90404546445812e-16
6.5  -4.1307109213565165e-17  7.938292342159957e-16
6.51  -2.511531540063934e-16  7.410710818079113e-16
6.5200000000000005  -4.3592178755182527e-16  6.142742132559268e-16
6.53  -5.71599264477342e-16  4.480738382026568e-16
6.54  -6.564877929858339e-16  2.6973023996302087e-16
6.55  -6.850320902328015e-16  8.006591346856567e-17
6.5600000000000005  -6.77873337834145e-16  -1.0423692157161703e-16
6.57  -6.151130010690779e-16  -2.632203287476077e-16
6.58  -5.34671775620497e-16  -4.006263412449959e-16
6.59  -4.3563221587194944e-16  -5.060220902580173e-16
6.6000000000000005  -3.059207761991467e-16  -6.009432132180338e-16
6.61  -1.6071949556463897e-16  -6.663326197133416e-16
6.62  -1.4723247400397244e-18  -6.998326319068961e-16
6.63  1.6239459531060668e-16  -6.975306143120372e-16
6.640000000000001  3.272923776062262e-16  -6.588574999905496e-16
6.65  4.950664792820908e-16  -5.949949530887095e-16
6.66  6.491596299527236e-16  -4.809446367977314e-16
6.67  7.841380709114725e-16  -3.285244393354827e-16
6.68  8.928591812375062e-16  -1.3571733678863166e-16
6.69  9.415604796501e-16  9.162746349885803e-17
6.7  9.41585583385295e-16  3.3713697773453914e-16
6.71  8.736450579862586e-16  5.901370496909178e-16
6.72  7.323758452318848e-16  8.312887488351023e-16
6.73  5.141139747170015e-16  1.0395146978330976e-15
6.74  2.3378665136377283e-16  1.187233822181225e-15
6.75  -9.35205719106894e-17  1.2526581509232957e-15
6.76  -4.387760531202449e-16  1.2273415937326214e-15
6.7700000000000005  -7.791895590371381e-16  1.10260685845922e-15
6.78  -1.0817968912414408e-15  8.823735339052501e-16
6.79  -1.3249033479535616e-15  5.750044497104368e-16
6.8  -1.4627439375520477e-15  2.0331166392501058e-16
6.8100000000000005  -1.492751280182768e-15  -2.0313090431543836e-16
6.82  -1.3984055246466862e-15  -5.972242659184879e-16
6.83  -1.186596849204787e-15  -9.396563999936408e-16
6.84  -8.738637012115962e-16  -1.192926263704065e-15
6.8500000000000005  -4.865274974892384e-16  -1.3262303260143972e-15
6.86  -4.96867328670839e-17  -1.3223934273743182e-15
6.87  4.0422934412977695e-16  -1.1733093665560347e-15
6.88  8.672516428312507e-16  -8.773606805237132e-16
6.890000000000001  1.3164698445281428e-15  -4.408653994904542e-16
6.9  1.7595991156726053e-15  1.055989191765908e-16
6.91  2.2468345132648324e-15  7.212440689874795e-16
6.92  2.839071313052228e-15  1.3749193650860608e-15
6.93  3.67011619222472e-15  1.991304112215728e-15
6.94  4.922735216574652e-15  2.4884813578752784e-15
6.95  6.86672169663696e-15  2.7404208516048834e-15
6.96  9.874735527573551e-15  2.5710453616371324e-15
6.97  1.44625385853322e-14  1.6869573764857357e-15
6.98  2.1365684520555493e-14  -3.6976225752743634e-16
6.99  3.158116015819401e-14  -4.3583982385010675e-15
7.0  4.654341643860376e-14  -1.1446751290248435e-14
7.01  6.82840385184735e-14  -2.3465597554173742e-14
7.0200000000000005  9.968536533809696e-14  -4.3258617411467904e-14
7.03  1.4491603970477428e-13  -7.518838383075374e-14
7.04  2.0998401108445146e-13  -1.2582792388273455e-13
7.05  3.0367751738682605e-13  -2.050764035231471e-13
7.0600000000000005  4.388967332374184e-13  -3.2770932603013293e-13
7.07  6.346789922269888e-13  -5.156539622896569e-13
7.08  9.193806736290599e-13  -8.011128129072123e-13
7.09  1.3354099522592799e-12  -1.2311979587440817e-12
7.1000000000000005  1.9465672833715023e-12  -1.874223456559096e-12
7.11  2.849313570969639e-12  -2.828524478925061e-12
7.12  4.1898440924486345e-12  -4.2344525203439565e-12
7.13  6.190367991899161e-12  -6.290134871516608e-12
7.140000000000001  9.188978815362938e-12  -9.272147230529533e-12
7.15  1.3699965379841957e-11  -1.3561094168824388e-11
7.16  2.0504575835208066e-11  -1.967179390248053e-11
7.17  3.078640435108234e-11  -2.8285761701942274e-11
7.18  4.6331800057687746e-11  -4.028021973458311e-11
7.19  6.982335117189519e-11  -5.674181462380469e-11
7.2  1.0526473573992388e-10  -7.894291263754633e-11
7.21  1.5858756367994775e-10  -1.0824143104781011e-10
7.22  2.3850478161666324e-10  -1.4583850297333085e-10
7.23  3.57689255772033e-10  -1.9228711825996445e-10
7.24  5.343665974537396e-10  -2.465835722453945e-10
7.25  7.944118757097451e-10  -3.0458393512060505e-10
7.26  1.174019175081861e-09  -3.563619516314591e-10
7.2700000000000005  1.7229529416653685e-09  -3.819524668738003e-10
7.28  2.5082626283372223e-09  -3.4469852390145064e-10
7.29  3.618106198269708e-09  -1.811377204765745e-10
7.3  5.164925705571814e-09  2.1396795990047215e-10
7.3100000000000005  7.286571187614028e-09  1.009206027378521e-09
7.32  1.0142979521689856e-08  2.4667469910531622e-09
7.33  1.390456636085827e-08  4.98344287039482e-09
7.34  1.8726459824349063e-08  9.144791031255734e-09
7.3500000000000005  2.469999020466108e-08  1.5792898473954015e-08
7.36  3.176940616008659e-08  2.610760918391474e-08
7.37  3.9597702072899036e-08  4.16962576002911e-08
7.38  4.736103417704989e-08  6.468127840102709e-08
7.390000000000001  5.344717372425533e-08  9.776516303557656e-08
7.4  5.5031058165215725e-08  1.4423793905093372e-07
7.41  4.750180183333337e-08  2.0787247143377382e-07
7.42  2.372357017683464e-08  2.926268389511863e-07
7.43  -2.6868247749806584e-08  4.020410842396763e-07
7.44  -1.192986207747198e-07  5.381796115229265e-07
7.45  -2.7411671905267023e-07  6.999347634619231e-07
7.46  -5.18307960207643e-07  8.804796747852523e-07
7.47  -8.85745413062672e-07  1.0636523281759278e-06
7.48  -1.4167073941519105e-06  1.2190868519319401e-06
7.49  -2.1557869271983195e-06  1.2960082448693508e-06
7.5  -3.1472936704077422e-06  1.2158049706161143e-06
7.51  -4.4270284175297465e-06  8.638264593052553e-07
7.5200000000000005  -6.0091441470798175e-06  8.135501406052745e-08
7.53  -7.866772373634477e-06  -1.3405997004048306e-06
7.54  -9.905295942553764e-06  -3.6631361356949757e-06
7.55  -1.1927725360320305e-05  -7.1933140391437915e-06
7.5600000000000005  -1.359274229978303e-05  -1.226527860864707e-05
7.57  -1.4367770292434852e-05  -1.9202884814794157e-05
7.58  -1.3482047353760425e-05  -2.8257422663004297e-05
7.59  -9.888157008017808e-06  -3.9514214534387124e-05
7.6000000000000005  -2.244725977690155e-06  -5.276334104841275e-05
7.61  1.1062302038161334e-05  -6.733314836051043e-05
7.62  3.1837882801712246e-05  -8.189110119111178e-05
7.63  6.19102979164149e-05  -9.422546148150037e-05
7.640000000000001  0.00010285174998048433  -0.00010103339111999003
7.65  0.00015556469107812297  -9.775608124684176e-05
7.66  0.00021972144000639079  -7.851831050097565e-05
7.67  0.0002930630064689574  -3.6246319159303856e-05
7.68  0.0003705913059655734  3.694926005464926e-05
7.69  0.00044372761155801955  0.00014903400874773746
7.7  0.0004995579054095214  0.00030687158645726975
7.71  0.0005203390451620934  0.0005145535988675419
7.72  0.00048349151191959586  0.0007712388430810263
7.73  0.0003623446526916324  0.0010685874343037793
7.74  0.0001279151638456144  0.0013879893579533096
7.75  -0.00024802689709490605  0.0016979258981472075
7.76  -0.0007884345008018243  0.001951953855640106
7.7700000000000005  -0.001504988341398758  0.002087945602440925
7.78  -0.0023908510875731252  0.00202932314023314
7.79  -0.0034127038043211795  0.001689054351774721
7.8  -0.004502965639433583  0.0009770936212100134
7.8100000000000005  -0.005553485316583281  -0.00018829187623612567
7.82  -0.006412340393019441  -0.0018652930767276627
7.83  -0.00688560949258752  -0.004070025456893284
7.84  -0.006746002737020904  -0.006756073282341492
7.8500000000000005  -0.005749953695539555  -0.00979438372654791
7.86  -0.003664114522736463  -0.01295667075086513
7.87  -0.0003011119614425649  -0.015906223087665757
7.88  0.004437069871385047  -0.01820040660318416
7.890000000000001  0.010511521966889995  -0.019309010374730266
7.9  0.017700042887172265  -0.018651727190545662
7.91  0.025559160716895225  -0.015656358710930043
7.92  0.033403052787899054  -0.009836768658403376
7.930000000000001  0.04030831543311041  -0.0008862891363881269
7.94  0.045152730470702805  0.011221501630696807
7.95  0.046693830193050394  0.026136509229478484
7.96  0.04368905234601752  0.04305543689563207
7.97  0.03505371373937427  0.060681649856693415
7.98  0.020046322948420636  0.07723843066872972
7.99  -0.0015363793903252904  0.09054973223071239
8.0  -0.02917881426282415  0.09819685794159283
8.01  -0.06150932154570898  0.09775092926262878
8.02  -0.09623695126147619  0.08707007889967061
8.03  -0.13019058128978467  0.0646381022189615
8.040000000000001  -0.15948144466190675  0.029909370693994915
8.05  -0.17979799265685836  -0.016384924466576228
8.06  -0.1868255649442137  -0.07201963142091262
8.07  -0.1767640783503288  -0.13319744176529408
8.08  -0.1468971702030082  -0.1946514776499441
8.09  -0.09614882873672799  -0.24995463615132088
8.1  -0.025551657205478417  -0.2920386374099761
8.11  0.061452506342479334  -0.31389749925665333
8.120000000000001  0.15895163447709681  -0.30941992245369054
8.13  0.2587953083244803  -0.27426693749072495
8.14  0.3511423727332932  -0.20668970996908273
8.15  0.42530896845840316  -0.10817200294368529
8.16  0.4708584712172643  0.016214106333858933
8.17  0.4788330489181079  0.15783025958270624
8.18  0.4429921963671228  0.30492630089113576
8.19  0.36090285212057305  0.44353256990424594
8.2  0.23472352102644362  0.5587382492191972
8.21  0.07154409463846849  0.6362462922256519
8.22  -0.1168161782480164  0.6640453550986027
8.23  -0.3145910324248925  0.6340047914273365
8.24  -0.503397161220505  0.5431868931184407
8.25  -0.66400472986479  0.3946853592626349
8.26  -0.7783738275048651  0.19784113289411265
8.27  -0.8317318662828491  -0.032247008376878404
8.28  -0.8144422995936286  -0.2759165010159676
8.290000000000001  -0.7234217836536286  -0.5107490963502365
8.3  -0.5629025630328867  -0.713817712934167
8.31  -0.3444062746613364  -0.8641294516883727
8.32  -0.08588686944211578  -0.9449827889464637
8.33  0.18989738038019777  -0.9459525530901609
8.34  0.4576232908390038  -0.8642493303402946
8.35  0.6920110874161063  -0.7052676561469543
8.36  0.8705046660056722  -0.4822318825058359
8.370000000000001  0.9757093057177795  -0.21495801124249395
8.38  0.9972952096773682  0.07214039024932511
8.39  0.9331363017412011  0.35257868455988994
8.4  0.7895453290712604  0.6005687259258887
8.41  0.5805764984914701  0.7937052713385961
8.42  0.32648090623758746  0.9152594269789562
8.43  0.05150264394114195  0.9558175398707132
8.44  -0.21871892783673422  0.9140869975564488
8.45  -0.4598326470083592  0.7967947998387986
8.46  -0.6512340605107639  0.6177162625251531
8.47  -0.7780250219523515  0.39597487985067775
8.48  -0.8322704627258439  0.15383677377381266
8.49  -0.8134413451801736  -0.08572577554995962
8.5  -0.7280354574953272  -0.3014128802823807
8.51  -0.5884661935699625  -0.47565134831061473
8.52  -0.4113911440267579  -0.5961128764741034
8.53  -0.21570755860698407  -0.6565617214093525
8.540000000000001  -0.020465053673800443  -0.6569863346175691
8.55  0.15706345885242562  -0.6030574774471275
8.56  0.30295007262888446  -0.5050311789174411
8.57  0.40767702525545535  -0.3762697697183248
8.58  0.4666285501958699  -0.2315828712596905
8.59  0.48001331391721797  -0.08559136884818987
8.6  0.4522873875495663  0.048706422910766274
8.61  0.39119823065752574  0.16103038204205955
8.620000000000001  0.3066003787767717  0.2444949259966383
8.63  0.20920188218103633  0.29584342376147704
8.64  0.10938857116891464  0.3152720377931985
8.65  0.016244957272998514  0.3059177023758035
8.66  -0.06314830193789654  0.27311350334166146
8.67  -0.12410361112687003  0.22352688056630352
8.68  -0.16440696741723287  0.16429258714566555
8.69  -0.18412916884316197  0.10223591085956417
8.700000000000001  -0.18523170986160967  0.043256296371286494
8.71  -0.17104444219516474  -0.00808823551669991
8.72  -0.14569378759999094  -0.048785172556474486
8.73  -0.1135523018650043  -0.07737535406143038
8.74  -0.0787653543747813  -0.09379944050205918
8.75  -0.044891712204971373  -0.09912982560142841
8.76  -0.014674969944068379  -0.09523898911690054
8.77  0.010055331139584081  -0.08445262851167422
8.78  0.028368491961504896  -0.0692280393287565
8.790000000000001  0.04012866511330875  -0.05188712883838159
8.8  0.0458321364868665  -0.03442115879456192
8.81  0.04641613250833358  -0.018372582472560205
8.82  0.043066002028450345  -0.0047894942567291605
8.83  0.03704180653001744  0.005758949356588811
8.84  0.02953837082300517  0.013121964471870695
8.85  0.021585816837663245  0.01747862709108258
8.86  0.013991396572273536  0.019237644065811126
8.870000000000001  0.00731862156286684  0.018939004439310268
8.88  0.0018965104424952276  0.01716752677064327
8.89  -0.002149771798825145  0.01448445821725389
8.9  -0.004855747161688479  0.011379681996438157
8.91  -0.006369864635579355  0.008244122588705506
8.92  -0.006907472169466915  0.005359799242398809
8.93  -0.006710932882023045  0.002903708779972755
8.94  -0.006018393883451677  0.0009612387029195894
8.950000000000001  -0.005042049219944352  -0.00045503657966320597
8.96  -0.0039554441978490165  -0.0013847339347578481
8.97  -0.002888497625398189  -0.0018999391578978016
8.98  -0.0019284546287153378  -0.0020882040296310543
8.99  -0.0011248627372617026  -0.002039235220790405
9.0  -0.0004968003009714524  -0.0018355425465540862
9.01  -4.088537094105764e-05  -0.001546793493532502
9.02  0.0002610307485590265  -0.001227290881954373
9.03  0.00043519703123857955  -0.0009158314446810336
9.040000000000001  0.0005106916563996765  -0.000637180219731906
9.05  0.0005156399739100955  -0.00040446818306658024
9.06  0.0004748198349368446  -0.0002219488903461919
9.07  0.00040843394653346054  -8.770036315353555e-05
9.08  0.00033177553411195706  3.994301532721969e-06
9.09  0.0002555098520477024  6.072659166646863e-05
9.1  0.00018632344455050474  9.054216215172032e-05
9.11  0.0001277405597010045  0.00010099091456413064
9.120000000000001  8.09597389788418e-05  9.857695135827383e-05
9.13  4.561478811079469e-05  8.851946194201408e-05
9.14  2.040787122575257e-05  7.473411190748989e-05
9.15  3.5959675641059274e-06  5.995390613610426e-05
9.16  -6.66489397084425e-06  4.592365788329593e-05
9.17  -1.2099258857494673e-05  3.3619174207821526e-05
9.18  -1.4190823763595834e-05  2.3458365401328635e-05
9.19  -1.4133878297372294e-05  1.548513026474952e-05
9.200000000000001  -1.2833777785243464e-05  9.51738899561672e-06
9.21  -1.0936698555700172e-05  5.258002306050118e-06
9.22  -8.873640229261495e-06  2.3718984564261287e-06
9.23  -6.908173487684206e-06  5.35094252151402e-07
9.24  -5.1813230123715e-06  -5.37946328480849e-07
9.25  -3.7500251368252128e-06  -1.0824587788043181e-06
9.26  -2.617793192839261e-06  -1.2817418738245077e-06
9.27  -1.7576563084166947e-06  -1.271558420975388e-06
9.28  -1.1282585041494343e-06  -1.1475090903099513e-06
9.290000000000001  -6.843756316096086e-07  -9.73305215374061e-07
9.3  -3.831761129999958e-07  -7.886669649947087e-07
9.31  -1.8743940368016367e-07  -6.161716533191274e-07
9.32  -6.674502017730963e-08  -4.6679043303449266e-07
9.33  2.582558658896117e-09  -3.441124566918341e-07
9.34  3.8203389036043836e-08  -2.4740048211171063e-07
9.35  5.27798504882113e-08  -1.7368541215176866e-07
9.36  5.5041059548179115e-08  -1.1911845314817172e-07
9.370000000000001  5.075827849826268e-08  -7.978080582861915e-08
9.38  4.35683941870939e-08  -5.211793588377159e-08
9.39  3.562871192573185e-08  -3.3128842926154865e-08
9.4  2.811282637981659e-08  -2.0406393349125537e-08
9.41  2.1570262508766142e-08  -1.209566865739946e-08
9.42  1.617680047045538e-08  -6.814351936041902e-09
9.43  1.1901542943360442e-08  -3.562186442394558e-09
9.44  8.613374062107381e-09  -1.6346453384444718e-09
9.450000000000001  6.145123089781905e-09  -5.48093908865647e-10
9.46  4.329439617110496e-09  2.1128728338146353e-11
9.47  3.0165994218373377e-09  2.840297412688895e-10
9.48  2.0813801079276826e-09  3.743586131204267e-10
9.49  1.4237838428992608e-09  3.7424205201463816e-10
9.5  9.66660374287324e-10  3.3221879520514883e-10
9.51  6.520794727830973e-10  2.755868328965772e-10
9.52  4.374970454515402e-10  2.1863510004332262e-10
9.53  2.922455889445891e-10  1.6798507439130815e-10
9.540000000000001  1.9456862583059367e-10  1.259584076503323e-10
9.55  1.2924343304211326e-10  9.263256095550631e-11
9.56  8.574668193335775e-11  6.704805754385972e-11
9.57  5.688004312450624e-11  4.7882670553728496e-11
9.58  3.776473245677268e-11  3.3801731856190974e-11
9.59  2.512025731767249e-11  2.3619075916810437e-11
9.6  1.675569754638118e-11  1.6352724156622816e-11
9.61  1.121597265459357e-11  1.1226284361673297e-11
9.620000000000001  7.538955306383809e-12  7.6455437645253e-12
9.63  5.090525356206882e-12  5.166748845344785e-12
9.64  3.453596489546614e-12  3.464806486041824e-12
9.65  2.3540457308803882e-12  2.3051988885625192e-12
9.66  1.611646087845723e-12  1.5209416869969627e-12
9.67  1.1076903877461815e-12  9.944249372597494e-13
9.68  7.637607551992462e-13  6.43601639314962e-13
9.69  5.278530015018802e-13  4.116745499595984e-13
9.700000000000001  3.6528628451882373e-13  2.596691377994409e-13
9.71  2.528323027467135e-13  1.60974087901181e-13
9.72  1.748190005267608e-13  9.75816487131654e-14
9.73  1.2060373718154793e-13  5.739249441684147e-14
9.74  8.290577593900189e-14  3.229748254799151e-14
9.75  5.6725389357450167e-14  1.693194954273802e-14
9.76  3.86041960918778e-14  7.755509368150556e-15
9.77  2.611936160707748e-14  2.4777157882522624e-15
9.78  1.75851529165456e-14  -3.8266089646009237e-16
9.790000000000001  1.1806884650975217e-14  -1.769046466085788e-15
9.8  7.947300344807879e-15  -2.2849239007700144e-15
9.81  5.399504474425626e-15  -2.283082650873317e-15
9.82  3.732559684323765e-15  -2.005123052093944e-15
9.83  2.6461357586662993e-15  -1.5811938249343998e-15
9.84  1.9267247319255915e-15  -1.1108440068791225e-15
9.85  1.418438089868975e-15  -6.377208803274683e-16
9.86  1.0388610910640971e-15  -2.0553684618200762e-16
9.870000000000001  7.117747433292226e-16  1.6223900970234565e-16
9.88  4.0456001337311994e-16  4.3896029480077474e-16
9.89  1.159180221993207e-16  6.094053014250644e-16
9.9  -1.4962343502383595e-16  6.834960342041782e-16
9.91  -3.9070950214819243e-16  6.653056160550779e-16
9.92  -5.930188378777235e-16  5.650649728627155e-16
9.93  -7.330265039852447e-16  4.0187081864467717e-16
9.94  -8.087429446050413e-16  1.8933872576248822e-16
9.950000000000001  -8.108523548299338e-16  -3.032407618715607e-17
9.96  -7.474348482708343e-16  -2.393553130453924e-16
9.97  -6.177262653607028e-16  -4.1700316472995274e-16
9.98  -4.513355257456654e-16  -5.522740156133005e-16
9.99  -2.55796741433186e-16  -6.174418636006492e-16
10.0  -7.168545645524039e-17  -6.2402518495832535e-16
10.01  9.370572399895861e-17  -5.84205602672093e-16
10.02  2.3496837513913766e-16  -4.952021294222458e-16
10.03  3.2602206015680124e-16  -3.759602357790744e-16
10.040000000000001  3.8062809779960117e-16  -2.571575795490059e-16
10.05  3.8613438590209915e-16  -1.384397354383157e-16
10.06  3.662342882328132e-16  -3.532066045471504e-17
10.07  3.175600118142929e-16  3.986690019068232e-17
10.08  2.6282508813073573e-16  8.542494396239459e-17
10.09  2.1368568623998262e-16  1.0857267474123688e-16
10.1  1.749083934819144e-16  1.2227513456627934e-16
10.11  1.481219682679606e-16  1.1910661752267832e-16
10.120000000000001  1.4011758724323646e-16  1.194172739422071e-16
10.13  1.284779826209956e-16  1.3375156074005644e-16
10.14  1.19771092761142e-16  1.6147055541797964e-16
10.15  1.0427233197032412e-16  1.9983501020500069e-16
10.16  6.638385296675144e-17  2.3377110409421664e-16
10.17  8.53252649312708e-18  2.667669988779651e-16
10.18  -7.650306819113726e-17  2.7799124684303884e-16
10.19  -1.700489967965853e-16  2.7006847397227314e-16
10.200000000000001  -2.6795580884095387e-16  2.330785072224129e-16
10.21  -3.578987956192421e-16  1.52627631521245e-16
10.22  -4.1381287911497615e-16  4.0200500083490315e-17
10.23  -4.316802107517167e-16  -1.0386527823475896e-16
10.24  -4.121778297579536e-16  -2.4205154281103773e-16
10.25  -3.4114612924125577e-16  -3.8610246727566443e-16
10.26  -2.178630848817643e-16  -5.250476482921035e-16
10.27  -4.886801197621483e-17  -6.231021457433458e-16
10.28  1.6625877100158665e-16  -6.716926479834427e-16
10.290000000000001  4.125502823669756e-16  -6.357292014574739e-16
10.3  6.381411532897008e-16  -4.980207906393601e-16
10.31  8.182337716834824e-16  -2.891718578446985e-16
10.32  9.600558895911326e-16  -3.1784968251718765e-17
10.33  9.717917438473261e-16  2.889351778197165e-16
10.34  8.94865814597024e-16  6.035270799411213e-16
10.35  7.327475993341122e-16  8.986746548822728e-16
10.36  4.569397920931938e-16  1.1570961103152262e-15
10.370000000000001  9.34652147697828e-17  1.3240922542266382e-15
10.38  -3.1372581784848097e-16  1.3761132075424036e-15
10.39  -7.319435000538496e-16  1.2925455624243509e-15
10.4  -1.1224824135607915e-15  1.0765140495414536e-15
10.41  -1.467282638661882e-15  7.245089824994496e-16
10.42  -1.6727955316142383e-15  2.575994410639031e-16
10.43  -1.7487142614834182e-15  -2.4660851906006104e-16
10.44  -1.6556323383259372e-15  -7.517201789351954e-16
10.450000000000001  -1.4270768033632157e-15  -1.2294842725215194e-15
10.46  -1.0332270161713064e-15  -1.6338884945722927e-15
10.47  -5.305770222514964e-16  -1.8887119438892897e-15
10.48  1.7179122518174456e-17  -1.983568353038327e-15
10.49  5.995761534270756e-16  -1.920702260010079e-15
10.5  1.1510016554500614e-15  -1.6937647352629288e-15
10.51  1.5922014966314725e-15  -1.281869312548703e-15
10.52  1.9257316649502157e-15  -7.580538942887949e-16
10.53  2.0790990126675458e-15  -1.7985631262135028e-16
10.540000000000001  2.018833070831723e-15  4.1589210239455647e-16
10.55  1.8029304246111257e-15  9.79102001228863e-16
10.56  1.4280057058193102e-15  1.4407256320635624e-15
10.57  9.539686126860075e-16  1.7583220495120637e-15
10.58  3.8576815197732127e-16  1.9462875496847053e-15
10.59  -1.7852273937415458e-16  1.9515911851598394e-15
10.6  -7.2729958136359615e-16  1.7919714337457336e-15
10.61  -1.202847836486647e-15  1.4654818276347203e-15
10.620000000000001  -1.5367117872560112e-15  1.0348541529211197e-15
10.63  -1.7392259449455457e-15  5.246096777064236e-16
10.64  -1.7554877683571544e-15  9.297356908213401e-18
10.65  -1.6409316514181312e-15  -4.874990452766939e-16
10.66  -1.4065047268505624e-15  -9.038945092676432e-16
10.67  -1.0652191922827784e-15  -1.2310561706174724e-15
10.68  -6.618619417827842e-16  -1.4508760734129177e-15
10.69  -2.324821311625002e-16  -1.5568908461281048e-15
10.700000000000001  2.014127636689957e-16  -1.5115813164368046e-15
10.71  5.974029066565543e-16  -1.3738479276309385e-15
10.72  9.28904291811933e-16  -1.1313974923443477e-15
10.73  1.1769042472520796e-15  -8.347813498913059e-16
10.74  1.3383865686324533e-15  -4.95889836988455e-16
10.75  1.4126129015352136e-15  -1.2503672346892864e-16
10.76  1.39000886833751e-15  2.4097890581512995e-16
10.77  1.2804560010729197e-15  5.882208758078497e-16
10.78  1.0962632506153119e-15  9.074816023473834e-16
10.790000000000001  8.4553485210811665e-16  1.167572089513749e-15
10.8  5.34556107235988e-16  1.3645069335677569e-15
10.81  1.7781764957952282e-16  1.4753772321091291e-15
10.82  -2.028353528969398e-16  1.5066966739952498e-15
10.83  -5.933831840528902e-16  1.4410151983800524e-15
10.84  -9.711293599008765e-16  1.2696097405376582e-15
10.85  -1.299179710736374e-15  1.0116434367518194e-15
10.86  -1.571191720739186e-15  6.627731853067792e-16
10.870000000000001  -1.7439113946619454e-15  2.4204124142690147e-16
10.88  -1.801826617268819e-15  -2.2819926337417895e-16
10.89  -1.7362008209953744e-15  -7.035266206397256e-16
10.9  -1.546305703581775e-15  -1.1740828045853024e-15
10.91  -1.2286299108998434e-15  -1.5935212608710954e-15
10.92  -7.838289812789338e-16  -1.915871088192482e-15
10.93  -2.475876622110216e-16  -2.114787255403999e-15
10.94  3.4014009268246375e-16  -2.160866875590258e-15
10.950000000000001  9.409376187463063e-16  -2.0384518884870727e-15
10.96  1.4998262840054093e-15  -1.7397063158319764e-15
10.97  1.96192436848872e-15  -1.2912951557875076e-15
10.98  2.2823246629603243e-15  -7.219205078709418e-16
10.99  2.4337754330423627e-15  -6.367820432321807e-17
11.0  2.3896147407407784e-15  6.044348960355512e-16
11.01  2.1454625638984535e-15  1.2337101770221819e-15
11.02  1.7154775295852805e-15  1.7640261730414515e-15
11.03  1.142435816509751e-15  2.1384025910589394e-15
11.040000000000001  4.632310145301593e-16  2.303703850130001e-15
11.05  -2.5835759471552405e-16  2.2510228208351046e-15
11.06  -9.768642816670797e-16  1.9638109949456243e-15
11.07  -1.6347726124812157e-15  1.4552099290264005e-15
11.08  -2.2195606047459166e-15  7.646876996407696e-16
11.09  -2.7199326218944742e-15  -5.631322646046858e-17
11.1  -3.188674997750161e-15  -9.483305562562853e-16
11.11  -3.7085552201728904e-15  -1.838496151032472e-15
11.120000000000001  -4.4148967195000095e-15  -2.6480809961368918e-15
11.13  -5.5168544321086265e-15  -3.2498207047213115e-15
11.14  -7.338947230207625e-15  -3.5241894513430813e-15
11.15  -1.0275834999453238e-14  -3.2750175116372352e-15
11.16  -1.4903233008244082e-14  -2.194558487425984e-15
11.17  -2.198399164405795e-14  1.9853121222635083e-16
11.18  -3.2585159980493095e-14  4.681758098443814e-15
11.19  -4.823892708482552e-14  1.2465075034323801e-14
11.200000000000001  -7.101885045053791e-14  2.5472080649736716e-14
11.21  -1.0396098345039118e-13  4.667935572401651e-14
11.22  -1.5140766372259872e-13  8.066062564672394e-14
11.23  -2.1965031018339684e-13  1.3432792683323283e-13
11.24  -3.178673282356999e-13  2.1811048502002894e-13
11.25  -4.595964743369003e-13  3.4753837905580556e-13
11.26  -6.648365956127114e-13  5.455956896733781e-13
11.27  -9.633619059682044e-13  8.460917293632833e-13
11.28  -1.3998269217570186e-12  1.2983967221443592e-12
11.290000000000001  -2.0413552956124674e-12  1.9740777374077426e-12
11.3  -2.9895247118699443e-12  2.9759894535181306e-12
11.31  -4.398378366801785e-12  4.450732890329573e-12
11.32  -6.502095775033891e-12  6.6050412352601195e-12
11.33  -9.656962184242765e-12  9.726981489915795e-12
11.34  -1.4404924367037778e-11  1.4212200285303542e-11
11.35  -2.1568936136094646e-11  2.059455424435878e-11
11.36  -3.239538048013827e-11  2.957858913465667e-11
11.370000000000001  -4.876423045913387e-11  4.206742972405556e-11
11.38  -7.349668581510835e-11  5.917332389251468e-11
11.39  -1.1079968836486492e-10  8.218694630338062e-11
11.4  -1.6689977569130856e-10  1.1246374439772305e-10
11.41  -2.509325294312351e-10  1.5115735488739366e-10
11.42  -3.7616782840851164e-10  1.9868690901358353e-10
11.43  -5.616609413534244e-10  2.5376039349172845e-10
11.44  -8.344177346352402e-10  3.11682936755118e-10
11.450000000000001  -1.2321382901725876e-09  3.6154753704561656e-10
11.46  -1.8065361582308452e-09  3.8172712875524654e-10
11.47  -2.62709229582809e-09  3.328540030467537e-10
11.48  -3.784849617326537e-09  1.471829989408779e-10
11.49  -5.395425564421744e-09  -2.8710092179860284e-10
11.5  -7.59973634700573e-09  -1.1484206792811407e-09
11.51  -1.055988618556999e-08  -2.7132768660597726e-09
11.52  -1.4446160389064044e-08  -5.398853852739777e-09
11.53  -1.9408950995785683e-08  -9.818697909111781e-09
11.540000000000001  -2.5526638770579196e-08  -1.6852427727143627e-08
11.55  -3.2716922996730856e-08  -2.7728286886757946e-08
11.56  -4.059494081342426e-08  -4.411337978288812e-08
11.57  -4.825711000018106e-08  -6.81998178063724e-08
11.58  -5.396572228505336e-08  -1.0276475012632348e-07
11.59  -5.4707256879432894e-08  -1.5116729415245945e-07
11.6  -4.559933685886654e-08  -2.1722475406474452e-07
11.61  -1.9130408206262142e-08  -3.0488369284197284e-07
11.620000000000001  3.5763014286737976e-08  -4.175688187550753e-07
11.63  1.3473867548533814e-07  -5.570563559686099e-07
11.64  2.9910571000559676e-07  -7.216833370757635e-07
11.65  5.566990138584034e-07  -9.036786547740333e-07
11.66  9.422436661837618e-07  -1.0853993956613142e-06
11.67  1.496712976254503e-06  -1.2342967940674041e-06
11.68  2.264978608783247e-06  -1.2965466770877454e-06
11.69  3.2908248095951614e-06  -1.1894922826617447e-06
11.700000000000001  4.608181823163474e-06  -7.93399294313411e-07
11.71  6.227279032733022e-06  5.645122724426121e-08
11.72  8.114406349305433e-06  1.575582217414908e-06
11.73  1.0164213445987535e-05  4.0313795926566984e-06
11.74  1.2164109800449348e-05  7.735637900776785e-06
11.75  1.375151276619497e-05  1.3023707203272708e-05
11.76  1.436658355530454e-05  2.021436315769197e-05
11.77  1.320581367347784e-05  2.9543969135970217e-05
11.78  9.185411349083538e-06  4.106880351911344e-05
11.790000000000001  9.277684428036106e-07  5.45311157080295e-05
11.8  -1.321099127626382e-05  6.918815294932426e-05
11.81  -3.5049941497787694e-05  8.360966400383466e-05
11.82  -6.640321051360433e-05  9.545869872700516e-05
11.83  -0.00010878489680701345  0.00010128303225001876
11.84  -0.00016297746417314333  9.635984905118078e-05
11.85  -0.00022845297002823382  7.465322140106573e-05
11.86  -0.0003026560117209325  2.8960154826966623e-05
11.870000000000001  -0.00038018684129202283  -4.86669221953326e-05
11.88  -0.0004519630166512755  -0.00016613008135443603
11.89  -0.0005044867145055801  -0.00033004836230623633
11.9  -0.0005193983505695762  -0.0005440248533510379
11.91  -0.00047354817730103823  -0.0008064286037839717
11.92  -0.00033985531860114993  -0.0011077895250817863
11.93  -8.92342825620741e-05  -0.0014280219919451693
11.94  0.00030616379816759807  -0.0017338341686806598
11.950000000000001  0.0008682404532771685  -0.0019768318333670035
11.96  0.0016067805960561625  -0.0020929656535824573
11.97  0.00251208088606351  -0.002004068756461261
11.98  0.0035469518371716753  -0.0016222492257975366
11.99  0.004639043131356903  -0.0008577987995279225
12.0  0.005674827695514671  0.0003689834919141741
12.01  0.006496917370380488  0.0021121021587963192
12.02  0.006906591258920004  0.004380998475495809
12.030000000000001  0.006673405080675845  0.007119995506560448
12.040000000000001  0.005553424262439211  0.010188440694150563
12.05  0.003316910458708391  0.013344809551357837
12.06  -0.00021484593242912894  0.016238736803109232
12.07  -0.005125392708983838  0.018415281008368478
12.08  -0.01135536433952137  0.019335507234873598
12.09  -0.0186567361619044  0.01841651373969495
12.1  -0.02655647286350543  0.015092218756600826
12.11  -0.03433819086928305  0.008893553244963244
12.120000000000001  -0.04105076163519458  -0.00045669042007555837
12.13  -0.04555179826379473  -0.012942920474867076
12.14  -0.04659141758275628  -0.028162043624729155
12.15  -0.042937453835363  -0.045250397464823185
12.16  -0.033537565541770176  -0.06284939231543361
12.17  -0.017706870198560952  -0.07912651391068311
12.18  0.004677377853055583  -0.09186524852783473
12.19  0.03299894673032721  -0.09863144167314765
12.200000000000001  0.0657729607085499  -0.09701469813735719
12.21  0.10059402598007774  -0.08493227960975162
12.22  0.13418981343034073  -0.06097069073509265
12.23  0.1625999280547859  -0.024728379735247646
12.24  0.18148714837978752  0.02288633802411638
12.25  0.18657121499216378  0.0794528592744679
12.26  0.17415588329540754  0.1409806413696853
12.27  0.14170030932441074  0.20203660378273824
12.280000000000001  0.08836895060127337  0.25608104405558196
12.290000000000001  0.015483183871198956  0.2960117191305171
12.3  -0.07320434971405938  0.3148870708942375
12.31  -0.17148297002577106  0.30676935920997256
12.32  -0.2709546677985035  0.2676009140997944
12.33  -0.36162098409729293  0.19600641848818745
12.34  -0.4327653470266426  0.09390538418504335
12.35  -0.47406698275195097  -0.03317493916119331
12.36  -0.47684128210503146  -0.17617352655448626
12.370000000000001  -0.4352685294015399  -0.3230055753795896
12.38  -0.3474542279399235  -0.4595070573018135
12.39  -0.21616464979224498  -0.5707547297382272
12.4  -0.04910325218102135  -0.6426452863174618
12.41  0.14136310842303854  -0.6635687607458134
12.42  0.3390582396373787  -0.6259794152612249
12.43  0.5253889600600401  -0.5276586373500635
12.44  0.6811596091880857  -0.3724826252500624
12.450000000000001  0.7886266926733968  -0.17055307096472547
12.46  0.8335640367289042  0.06238212227738221
12.47  0.8070878776268329  0.3062063762240812
12.48  0.7070021843293355  0.5383085159076867
12.49  0.5384681546750136  0.7358684942877395
12.5  0.3138745037667017  0.8783055452352901
12.51  0.051878692448441434  0.9496042182358947
12.52  -0.22430806631775965  0.9402339863894235
12.530000000000001  -0.4892209832819961  0.8484157505099138
12.540000000000001  -0.7177759686364226  0.6805601487941867
12.55  -0.8879367062648748  0.4507996945420769
12.56  -0.9831006775821495  0.17964703615688216
12.57  -0.9939181564743426  -0.10807954603600967
12.58  -0.9193235865170513  -0.3858296850948566
12.59  -0.7666534218445027  -0.6280961516613051
12.6  -0.5508360088601174  -0.8130685576169325
12.61  -0.2927525137447175  -0.924857914884507
12.620000000000001  -0.016968086059143364  -0.9550392370043401
12.63  0.2508938614448663  -0.90334579351642
12.64  0.48682361238172595  -0.7774547284212742
12.65  0.6708351614718712  -0.5919150773279709
12.66  0.7888474344605989  -0.36637091003776584
12.67  0.8338434067268823  -0.12331127709711315
12.68  0.8062087053133775  0.11437469299068037
12.69  0.71325416190767  0.3257495602199332
12.700000000000001  0.5680238134847047  0.4938250816824753
12.71  0.38756867704687403  0.6070022358929963
12.72  0.1909180769681867  0.6598300815101648
12.73  -0.003000522218633506  0.6530492284031059
12.74  -0.17725553406084824  0.5929727860499269
12.75  -0.31842307818394744  0.4903312969132889
12.76  -0.4175828019618524  0.35875996406312716
12.77  -0.4707369309632383  0.21313168101517094
12.780000000000001  -0.47866528622624593  0.06793719306486577
12.790000000000001  -0.44629350643640936  -0.06411287930650048
12.8  -0.3816998996834415  -0.1731345247153534
12.81  -0.2949138513296355  -0.25269154688089296
12.82  -0.19666438932665395  -0.2999759673756138
12.83  -0.09722323766752279  -0.3155850942964874
12.84  -0.0054567633876459265  -0.302974395856278
12.85  0.07183854283944005  -0.26769186474630485
12.86  0.13028567217931483  -0.21650967501869345
12.870000000000001  0.16797122523444732  -0.1565636481618815
12.88  0.1852270958771949  -0.09459326280830366
12.89  0.18421599707228498  -0.03634877600191896
12.9  0.16839871932751801  0.013797944204483659
12.91  0.14196139367023786  0.05303168708548737
12.92  0.10927200424437122  0.08007935883738491
12.93  0.07441969492723113  0.09503942628723015
12.94  0.040871168078336545  0.09910309719910197
12.950000000000001  0.011258713719680999  0.09421824899101056
12.96  -0.01270332098154576  0.0827437070766606
12.97  -0.03019070373063687  0.06713309151297431
12.98  -0.04115630402097001  0.04967610789412616
12.99  -0.04616220437600286  0.03231285069365019
13.0  -0.04618693837481025  0.01652512969975456
13.01  -0.04243408403993951  0.00329928603259377
13.02  -0.036162413205592034  -0.006851829365745992
13.030000000000001  -0.028550753041866245  -0.013823859612490158
13.040000000000001  -0.020603747494209405  -0.017830119567384416
13.05  -0.013098648846348402  -0.019300925769049345
13.06  -0.0065686482571312675  -0.0187862652118695
13.07  -0.0013152873515211955  -0.01687133914951294
13.08  0.0025588636716260904  -0.01411066458899386
13.09  0.005106060088206948  -0.010982879259769691
13.1  0.006485530996770405  -0.007865524781269067
13.11  0.0069180178190149854  -0.0050270531482013835
13.120000000000001  0.006646871357926043  -0.002632137087675183
13.13  0.005907990971474547  -0.0007559735063331777
13.14  0.0049092635470667926  0.0005965133131911322
13.15  0.003818917403520179  0.0014700317837691504
13.16  0.002761388418168023  0.0019394592311936254
13.17  0.0018188788976257416  0.0020932630063509945
13.18  0.001036706839349943  0.0020206818457260433
13.19  0.0004307049881413252  0.0018028594498772955
13.200000000000001  -4.757815310452165e-06  0.0015076257621337167
13.21  -0.0002891800541877865  0.001187314202324797
13.22  -0.00044942159544288167  0.0008788631473915856
13.23  -0.0005146182660149753  0.0006054412474333607
13.24  -0.0005125818002048756  0.00037891774577332666
13.25  -0.00046756464370328356  0.00020263176183850162
13.26  -0.0003991593326051005  7.406576193081865e-05
13.27  -0.00032205589376174763  -1.2826051639192223e-05
13.280000000000001  -0.0002463819941726709  -6.575938090570001e-05
13.290000000000001  -0.00017838296164720733  -9.276088589059165e-05
13.3  -0.00012124765179758722  -0.00010127264240672435
13.31  -7.593984733229792e-05  -9.764596151453373e-05
13.32  -4.194532477425609e-05  -8.693464901043408e-05
13.33  -1.7887086248689665e-05  -7.289797038812969e-05
13.34  -1.993442435231596e-06  -5.813396376549062e-05
13.35  7.5744241821267954e-06  -4.427932134514593e-05
13.36  1.2515871766744023e-05  -3.222905082489663e-05
13.370000000000001  1.427988253896945e-05  -2.2344984099836257e-05
13.38  1.4023859555269085e-05  -1.4635475561903953e-05
13.39  1.2618741775638296e-05  -8.898749585004676e-06
13.4  1.0681263483225714e-05  -4.82934999641418e-06
13.41  8.61891116957139e-06  -2.091417219121574e-06
13.42  6.677603802542037e-06  -3.646492854584106e-07
13.43  4.985914846345039e-06  6.305988961846231e-07
13.44  3.592595192201848e-06  1.1230058260982324e-06
13.450000000000001  2.496247774062152e-06  1.2896062213970458e-06
13.46  1.6673522975141977e-06  1.2607086954158027e-06
13.47  1.0635946097175181e-06  1.1274768764967615e-06
13.48  6.397805392414044e-07  9.502108430874691e-07
13.49  3.5365386551294334e-07  7.661409278450602e-07
13.5  1.6881054525513713e-07  5.961198404028503e-07
13.51  5.5694067105389296e-08  4.4999153294681017e-07
13.52  -8.57090129197758e-09  3.306595805323157e-07
13.530000000000001  -4.096177659302462e-08  2.3701077577072032e-07
13.540000000000001  -5.359235257520973e-08  1.6590516235952595e-07
13.55  -5.4771725020788337e-08  1.1345010004251099e-07
13.56  -4.9962990392552806e-08  7.575467999787232e-08
13.57  -4.2585865123698225e-08  4.932700831551174e-08
13.58  -3.4650722370762376e-08  3.124027556772745e-08
13.59  -2.72360536814493e-08  1.91597202818338e-08
13.6  -2.0832965764743767e-08  1.1294232094016132e-08
13.61  -1.558373540409483e-08  6.314184352106043e-09
13.620000000000001  -1.1440153560964061e-08  3.260786701975399e-09
13.63  -8.263791696248538e-09  1.4609166646092946e-09
13.64  -5.885950388073837e-09  4.5396120874988314e-10
13.65  -4.1407893207762e-09  -6.734693367108276e-11
13.66  -2.881432729053503e-09  -3.026519921092255e-10
13.67  -1.9858564543856894e-09  -3.7803017723662104e-10
13.68  -1.3570858318912456e-09  -3.7056081378761386e-10
13.69  -9.205812613704145e-10  -3.2555271211516654e-10
13.700000000000001  -6.205407263038164e-10  -2.6829869701245523e-10
13.71  -4.160854590057615e-10  -2.1188616488982963e-10
13.72  -2.7781095006821297e-10  -1.6224781035656455e-10
13.73  -1.8489495763674472e-10  -1.213337741014659e-10
13.74  -1.2279170836904244e-10  -8.90394724799703e-11
13.75  -8.145987038885775e-11  -6.433153066473647e-11
13.76  -5.403920727863508e-11  -4.587199435616131e-11
13.77  -3.5885000625531564e-11  -3.233875507518939e-11
13.780000000000001  -2.3876980033614346e-11  -2.2569608226622e-11
13.790000000000001  -1.5932811303892655e-11  -1.5608908580142293e-11
13.8  -1.067038098262635e-11  -1.0704565790233748e-11
13.81  -7.17625143869553e-12  -7.282982826362783e-12
13.82  -4.848566205996464e-12  -4.916920895578414e-12
13.83  -3.2915122433870582e-12  -3.2940021869391553e-12
13.84  -2.2449827413467145e-12  -2.189311139977354e-12
13.85  -1.5379100270332025e-12  -1.4429416421934043e-12
13.86  -1.0575808781967468e-12  -9.423663524083794e-13
13.870000000000001  -7.295240075109307e-13  -6.091663082123154e-13
13.88  -5.043273446974312e-13  -3.891386719576936e-13
13.89  -3.4902282472043767e-13  -2.4508955889784166e-13
13.9  -2.4150049473120924e-13  -1.516585228036748e-13
13.91  -1.6686573548285433e-13  -9.171805605562933e-14
13.92  -1.1495723759995076e-13  -5.3736798719842343e-14
13.93  -7.88798823756646e-14  -3.0014315703291423e-14
13.94  -5.385633990964547e-14  -1.5486359801184148e-14
13.950000000000001  -3.6573025057034694e-14  -6.804874681341666e-15
13.96  -2.471665410150028e-14  -1.8112114409938514e-15
13.97  -1.6666978474492064e-14  8.859952398329616e-16
13.98  -1.1277053137413596e-14  2.1682535070916673e-15
13.99  -7.720915977536443e-15  2.5848394025448153e-15
14.0  -5.4110184594784316e-15  2.481595442437241e-15
14.01  -3.913720055752728e-15  2.0855070704185656e-15
14.02  -2.9317477128159723e-15  1.5411681280102982e-15
14.030000000000001  -2.250533884950925e-15  9.321990709587143e-16
14.040000000000001  -1.7292946920986194e-15  3.2533541934090683e-16
14.05  -1.271375426529531e-15  -2.1278544609251298e-16
14.06  -8.281531977394507e-16  -6.498620366467615e-16
14.07  -3.9247386362738744e-16  -9.473741626599223e-16
14.08  3.365394775653069e-17  -1.0981364523060025e-15
14.09  4.36127008352734e-16  -1.1123364361469587e-15
14.1  7.82563447078514e-16  -9.915137065823746e-16
14.11  1.0500949610381952e-15  -7.668861551004893e-16
14.120000000000001  1.2204604803958063e-15  -4.641101654265059e-16
14.13  1.2761867472511082e-15  -1.198602211052982e-16
14.14  1.221428573065644e-15  2.2124843684945876e-16
14.15  1.0679274817555496e-15  5.29218427511445e-16
14.16  8.366284197113943e-16  7.681924807129776e-16
14.17  5.549361902754594e-16  9.17307716113194e-16
14.18  2.5934259723866243e-16  9.748614505959004e-16
14.19  -1.8611204249558634e-17  9.33046083302233e-16
14.200000000000001  -2.497493172453372e-16  8.191718509324127e-16
14.21  -4.138208653699826e-16  6.555187522615611e-16
14.22  -5.143032319064719e-16  4.651502614285015e-16
14.23  -5.372759341924619e-16  2.826839126668517e-16
14.24  -5.04399612612124e-16  1.3792787149266017e-16
14.25  -4.377506172422818e-16  2.6297210685709555e-17
14.26  -3.660508124896614e-16  -4.004539582563155e-17
14.27  -2.981277711618569e-16  -6.982351489741059e-17
14.280000000000001  -2.42767367662225e-16  -6.93223769916818e-17
14.290000000000001  -2.2186795701839782e-16  -5.0771050263892874e-17
14.3  -2.265495351573382e-16  -4.237545534188982e-17
14.31  -2.5405507826828483e-16  -5.104427588455329e-17
14.32  -2.8538451847517254e-16  -9.197293630629862e-17
14.33  -3.0335313247056653e-16  -1.6350461363691881e-16
14.34  -3.029308749901933e-16  -2.5888334256737283e-16
14.35  -2.5490365579196645e-16  -3.60530421471483e-16
14.36  -1.613421900805811e-16  -4.634448125723833e-16
14.370000000000001  -1.0473848105965955e-17  -5.288937815314124e-16
14.38  1.480162022131338e-16  -5.561843207850069e-16
14.39  3.332668391073027e-16  -5.158390450380161e-16
14.4  5.051596946901528e-16  -4.1219740308419503e-16
14.41  6.397662699329615e-16  -2.3460508384747074e-16
14.42  7.215165799179821e-16  2.8955548362831665e-19
14.43  7.185613171187506e-16  2.563670529335284e-16
14.44  6.251665594392345e-16  5.030977045598657e-16
14.450000000000001  4.362306699002814e-16  7.448171597825774e-16
14.46  1.6011720594193006e-16  9.047089595386959e-16
14.47  -1.6110464239522288e-16  9.757692493629161e-16
14.48  -5.093954885976296e-16  9.20503617885605e-16
14.49  -8.422563150568988e-16  7.559076831738329e-16
14.5  -1.1419329981370747e-15  4.666181608211717e-16
14.51  -1.3135184651988545e-15  7.521659130588067e-17
14.52  -1.3504661218188085e-15  -3.768663240294087e-16
14.530000000000001  -1.2515503179473951e-15  -8.502124909179047e-16
14.540000000000001  -9.787566827560861e-16  -1.2905735189484927e-15
14.55  -5.660466015961019e-16  -1.6239558342189033e-15
14.56  -5.772149767445964e-17  -1.8308279836449004e-15
14.57  5.319579223745076e-16  -1.8530865746404996e-15
14.58  1.1244890232888493e-15  -1.7152251480276846e-15
14.59  1.6751683903161126e-15  -1.3705097370777566e-15
14.6  2.111901206001556e-15  -8.579402404342717e-16
14.61  2.3599168913391885e-15  -2.182991695704431e-16
14.620000000000001  2.4165485507778848e-15  4.930948151702834e-16
14.63  2.246776871356561e-15  1.224475017491235e-15
14.64  1.845754399458458e-15  1.8945611930724278e-15
14.65  1.270694317336525e-15  2.412348963536639e-15
14.66  5.130524658011615e-16  2.7392414146754217e-15
14.67  -3.026254025658265e-16  2.864851731808486e-15
14.68  -1.114498710342641e-15  2.715850691111114e-15
14.69  -1.8700325803853137e-15  2.3376930220756553e-15
14.700000000000001  -2.46775603195172e-15  1.7510098023736082e-15
14.71  -2.9008418625303677e-15  9.705093891848866e-16
14.72  -3.0747345310461567e-15  1.139503229559269e-16
14.73  -2.9909661001867104e-15  -7.590488054152062e-16
14.74  -2.6635782671221227e-15  -1.5844836332065003e-15
14.75  -2.0915685963090733e-15  -2.270959615755792e-15
14.76  -1.3497466607147546e-15  -2.7496009492312473e-15
14.77  -4.921378199228682e-16  -2.982452238479758e-15
14.780000000000001  3.9914134874489993e-16  -2.9644501787559e-15
14.790000000000001  1.1924427694116096e-15  -2.6837562664393315e-15
14.8  1.869485703408909e-15  -2.2007302102324147e-15
14.81  2.374869520850074e-15  -1.5327529097247254e-15
14.82  2.653272280868622e-15  -7.734367027225088e-16
14.83  2.7108344247080153e-15  2.166598424702387e-17
14.84  2.542350385324131e-15  7.580885580760711e-16
14.85  2.16932931638595e-15  1.4186633272683936e-15
14.86  1.6364372756637573e-15  1.9275489949445676e-15
14.870000000000001  1.001310463101762e-15  2.2603954297214748e-15
14.88  3.237137395654212e-16  2.418740290439819e-15
14.89  -3.4751447065920923e-16  2.360219863218696e-15
14.9  -9.55437520014056e-16  2.1325423995411753e-15
14.91  -1.454829978587827e-15  1.7725608824386315e-15
14.92  -1.8396971450226147e-15  1.3079279766092057e-15
14.93  -2.095134591147958e-15  7.637612656618083e-16
14.94  -2.1976273849090395e-15  1.8908447766488035e-16
14.950000000000001  -2.1600825731233115e-15  -3.808661406329986e-16
14.96  -1.9773751815383248e-15  -9.192562613513402e-16
14.97  -1.6697075712757803e-15  -1.3887736303394206e-15
14.98  -1.266664624200099e-15  -1.7716302438318145e-15
14.99  -7.851265669013007e-16  -2.039204677933521e-15
15.0  -2.6152216873358603e-16  -2.188811919744553e-15
