t   Re(c(t))    Im(c(t))
0.0  1.0  0.0
0.01  0.9997502708462762  0.019059777209038137
0.02  0.9990013704983982  0.03810367929118544
0.03  0.9977541597911328  0.057115854122450564
0.04  0.9960100717666611  0.07608049553611454
0.05  0.9937711091554345  0.09498186618020317
0.06  0.9910398408583516  0.11380432022998946
0.07  0.9878193974391964  0.13253232590791192
0.08  0.9841134656387672  0.1511504877638978
0.09  0.9799262819245724  0.16964356866982724
0.1  0.9752626250923643  0.18799651148276475
0.11  0.970127807938109  0.20619446033260902
0.12  0.9645276680212433  0.22422278149097027
0.13  0.9584685575422569  0.2420670837793654
0.14  0.9519573323597021  0.25971323847622607
0.15  0.9450013401737544  0.2771473986837269
0.16  0.9376084079053051  0.29435601811706164
0.17  0.9297868283013732  0.31132586928051337
0.18  0.9215453457992764  0.3280440609964695
0.19  0.9128931416835558  0.34449805525542115
0.2  0.9038398185710698  0.3606756833569448
0.21  0.8943953842609921  0.3765651613136882
0.22  0.8845702349875941  0.3921551044924614
0.23  0.874375138114769  0.40743454146865166
0.24  0.8638212143121425  0.4223929270723524
0.25  0.852919919253416  0.437020154606768
0.26  0.8416830248782278  0.4513065672216816
0.27  0.8301226002593494  0.46524296842697493
0.28  0.8182509921174207  0.47882063173341866
0.29  0.8060808050256956  0.4920313094101655
0.3  0.7936248813474177  0.5048672403505705
0.31  0.7808962809484554  0.5173211570401542
0.32  0.7679082607277435  0.5293862916226675
0.33  0.7546742540078546  0.5410563810623369
0.34  0.7412078498277185  0.5523256714024462
0.35000000000000003  0.7275227721790707  0.5631889211224373
0.36  0.7136328592276966  0.5736414035976962
0.37  0.6995520425599141  0.5836789086681045
0.38  0.6852943264940325  0.5932977433233052
0.39  0.6708737674957365  0.6024947315144237
0.4  0.6563044537354612  0.6112672131037127
0.41000000000000003  0.6416004848249048  0.6196130419652519
0.42  0.626775951768787  0.6275305832514144
0.43  0.611844917166919  0.6350187098413222
0.44  0.596821395700501  0.6420767979889499
0.45  0.5817193349353994  0.6487047221898864
0.46  0.5665525964739309  0.6549028492870475
0.47000000000000003  0.5513349374854147  0.6606720318368304
0.48  0.5360799926444634  0.6660136007583202
0.49  0.520801256504653  0.670929357289201
0.5  0.5055120663338631  0.6754215642729986
0.51  0.49022558543620276  0.6794929368031577
0.52  0.47495478698405286  0.683146632250283
0.53  0.4597124383823519  0.6863862396996049
0.54  0.4445110861858399  0.6892157688264043
0.55  0.42936304158856164  0.6916396382377247
0.56  0.41428036650351197  0.6936626633092291
0.5700000000000001  0.3992748602488827  0.6952900435465201
0.58  0.3843580468559623  0.6965273495006383
0.59  0.3695411630123257  0.697380509267785
0.6  0.3548351466525488  0.6978557946035884
0.61  0.340250626207295  0.6979598066824461
0.62  0.3257979105202344  0.6976994615326283
0.63  0.311486979440893  0.6970819751779294
0.64  0.2973274751001721  0.6961148485167016
0.65  0.28332869387394377  0.6948058519690982
0.66  0.26949957903880434  0.6931630099233005
0.67  0.2558487141227647  0.6911945850113973
0.68  0.24238431695237217  0.68890906224544
0.6900000000000001  0.22911423439649023  0.6863151330439953
0.7000000000000001  0.21604593780571846  0.6834216791792844
0.71  0.20318651914520638  0.6802377566747106
0.72  0.1905426878174113  0.6767725796822586
0.73  0.17812076817016745  0.6730355043688772
0.74  0.1659266976842679  0.6690360128405617
0.75  0.1539660258336268  0.6647836971324034
0.76  0.14224391360996938  0.6602882432923912
0.77  0.13076513370290543  0.6555594155862374
0.78  0.11953407132517509  0.6506070408499365
0.79  0.10855472567181049  0.6454409930161776
0.8  0.09783071200094073  0.6400711778401014
0.81  0.08736526432297571  0.6345075178492237
0.8200000000000001  0.07716123868394127  0.6287599375416557
0.8300000000000001  0.06722111702780309  0.6228383488560086
0.84  0.0575470116217113  0.6167526369356033
0.85  0.04814067002722308  0.6105126462088051
0.86  0.03900348059971831  0.6041281668064622
0.87  0.030136478497413695  0.5976089213365601
0.88  0.02154035218060678  0.5909645520352982
0.89  0.013215450381043792  0.5842046083128634
0.9  0.005161789520604388  0.5773385347112104
0.91  -0.0026209384421631123  0.5703756592901617
0.92  -0.010133357759741514  0.5633251824571125
0.93  -0.017376400260241166  0.5561961662545865
0.9400000000000001  -0.02435129635208555  0.5489975241187903
0.9500000000000001  -0.031059565692463032  0.5417380111212304
0.96  -0.03750300754365672  0.534426214704315
0.97  -0.04368369084175244  0.5270705459207189
0.98  -0.04960394400255557  0.5196792311851269
0.99  -0.05526634448983079  0.5122603045457732
1.0  -0.06067370817120128  0.5048216004820035
1.01  -0.06582907848721377  0.49737074723286895
1.02  -0.07073571545918565  0.4899151606605327
1.03  -0.0753970845615008  0.4824620386510474
1.04  -0.07981684548401159  0.4750183560538179
1.05  -0.083998840810133  0.4675908601598324
1.06  -0.0879470846360811  0.46018606671750795
1.07  -0.09166575115651321  0.45281025648377105
1.08  -0.095159163241565  0.44546947230677153
1.09  -0.09843178102996038  0.4381695167354216
1.1  -0.10148819056248126  0.43091595014976525
1.11  -0.1043330924796368  0.42371408940501243
1.12  -0.10697129080686128  0.41656900698092447
1.1300000000000001  -0.1094076818499965  0.4094855306271269
1.1400000000000001  -0.11164724322318409  0.40246824349383303
1.1500000000000001  -0.11369502303060096  0.3955214847364201
1.16  -0.11555612922272532  0.3886493505812857
1.17  -0.11723571914701876  0.3818556958394472
1.18  -0.11873898931205545  0.3751441358534293
1.19  -0.12007116538322656  0.3685180488621154
1.2  -0.12123749242719897  0.3619805787674203
1.21  -0.12224322542131257  0.35553463828589055
1.22  -0.12309362004306919  0.34918291246763233
1.23  -0.12379392375379648  0.3429278625643381
1.24  -0.12434936718946923  0.3367717302276047
1.25  -0.12476515587054171  0.33071654201823975
1.26  -0.1250464622414921  0.32476411420681
1.27  -0.1251984180496086  0.3189160578453261
1.28  -0.12522610707136103  0.3131737840896632
1.29  -0.12513455819350597  0.3075385097520953
1.3  -0.12492873885487295  0.30201126306317483
1.31  -0.12461354885357992  0.29659288962211566
1.32  -0.12419381452322985  0.2912840585148318
1.33  -0.1236742832804554  0.28608526857886185
1.34  -0.12305961854500934  0.2809968547945453
1.35  -0.12235439503244382  0.2760189947820322
1.36  -0.1215630944183006  0.27115171538398863
1.37  -0.12069010137162946  0.26639489931420735
1.3800000000000001  -0.11973969995459331  0.26174829185274046
1.3900000000000001  -0.1187160703838861  0.25721150756865124
1.4000000000000001  -0.1176232861487061  0.2527840370520021
1.41  -0.116465311479084  0.24846525363729108
1.42  -0.11524599915747227  0.24425442010117684
1.43  -0.11396908866566031  0.24015069531802358
1.44  -0.1126382046582918  0.23615314085751737
1.45  -0.11125685575352924  0.232260727509379
1.46  -0.10982843363073863  0.22847234172099262
1.47  -0.10835621242445458  0.22478679193460596
1.48  -0.10684334840333481  0.2212028148116122
1.49  -0.10529287992232778  0.21771908133230294
1.5  -0.10370772763584951  0.21433420276037463
1.51  -0.10209069495940835  0.211046736462378
1.52  -0.10044446876681629  0.20785519157321294
1.53  -0.09877162030989356  0.2047580344996857
1.54  -0.09707460634739891  0.2017536942550593
1.55  -0.09535577046981  0.19884056761843605
1.56  -0.09361734460652293  0.19601702411370528
1.57  -0.09186145070204964  0.19328141080367423
1.58  -0.09009010254785084  0.19063205689586193
1.59  -0.0883052077565597  0.18806727815727867
1.6  -0.08650856986551406  0.18558538113633044
1.61  -0.08470189055673283  0.1831846671907772
1.62  -0.08288677198072579  0.18086343632143112
1.6300000000000001  -0.08106471917183183  0.17861999081200555
1.6400000000000001  -0.07923714254311459  0.1764526386762152
1.6500000000000001  -0.07740536044922347  0.17435969691387931
1.6600000000000001  -0.07557060180603058  0.17233949457839357
1.67  -0.07373400875629121  0.17039037565850682
1.68  -0.07189663937103433  0.1685107017778733
1.69  -0.07005947037687042  0.16669885471633847
1.7  -0.06822339989990438  0.1649532387573642
1.71  -0.06638925021745411  0.16327228286640652
1.72  -0.06455777050930256  0.16165444270541865
1.73  -0.06272963960074385  0.16009820248897558
1.74  -0.060905468690224056  0.1586020766877961
1.75  -0.059085804054919415  0.15716461158567674
1.76  -0.05727112972813593  0.15578438669605346
1.77  -0.05546187014295313  0.15446001604456866
1.78  -0.05365839273706861  0.15319014932414599
1.79  -0.05186101051432571  0.15197347292916655
1.8  -0.05006998455892343  0.15080871087539502
1.81  -0.04828552649881287  0.14969462561233052
1.82  -0.04650780091527663  0.14863001873464898
1.83  -0.044736927696165975  0.14761373159937194
1.84  -0.04297298433073219  0.14664464585533385
1.85  -0.041216008144434185  0.1457216838914361
1.86  -0.03946599847253323  0.14484380921006798
1.87  -0.037722918771693696  0.14401002673194413
1.8800000000000001  -0.03598669866920103  0.14321938303846202
1.8900000000000001  -0.03425723594977869  0.14247096655751681
1.9000000000000001  -0.0325343984803388  0.14176390769853026
1.9100000000000001  -0.030818026073332963  0.14109737894225569
1.92  -0.02910793228968367  0.14047059489071442
1.93  -0.02740390618256984  0.1398828122824013
1.94  -0.025705713983614993  0.1393333299776697
1.95  -0.02401310073328273  0.1388214889189727
1.96  -0.02232579185752088  0.13834667207039342
1.97  -0.02064349469291643  0.1379083043406519
1.98  -0.01896589996282471  0.13750585249352276
1.99  -0.017292683207122437  0.1371388250493428
2.0  -0.015623506168403013  0.13680677218102769
2.0100000000000002  -0.013958018137586759  0.13650928560775755
2.02  -0.012295857262056469  0.13624599848922667
2.0300000000000002  -0.010636651819553996  0.13601658532309027
2.04  -0.008980021461182866  0.13582076184797504
2.05  -0.007325578426959866  0.13565828495415652
2.06  -0.005672928737441909  0.13552895260374007
2.07  -0.004021673365027601  0.13543260376191704
2.08  -0.0023714093885913124  0.13536911834060336
2.09  -0.0007217311351577516  0.13533841715550163
2.1  0.0009277686876389744  0.1353404618973637
2.11  0.0025774978645409408  0.13537525511796683
2.12  0.004227863547310857  0.1354428402310499
2.13  0.005879271127244259  0.13554330152819483
2.14  0.0075321231017650555  0.13567676420937055
2.15  0.009186817931336263  0.13584339442759552
2.16  0.010843748882945571  0.1360433993469084
2.17  0.012503302856464156  0.13627702721257187
2.18  0.014165859190226457  0.1365445674321701
2.19  0.015831788442241153  0.13684635066599504
2.2  0.017501451143515857  0.137182748924851
2.21  0.019175196520064657  0.13755417567314193
2.22  0.02085336118026598  0.13796108593484166
2.23  0.022536267764350512  0.1384039763996808
2.24  0.024224223552924487  0.13888338552662202
2.25  0.02591751903157491  0.13939989364143182
2.2600000000000002  0.027616426408757708  0.13995412302489693
2.27  0.029321198084342217  0.14054673798797365
2.2800000000000002  0.031032065066372422  0.14117844492990425
2.29  0.03274923533380945  0.1418499923750831
2.3000000000000003  0.034472892143242694  0.14256217098420684
2.31  0.036203192277795684  0.1433158135350039
2.32  0.03794026423671176  0.14411179486760375
2.33  0.03968420636438132  0.14495103178938012
2.34  0.04143508491786846  0.14583448293388654
2.35  0.04319293207231108  0.14676314856829772
2.36  0.04495774386390231  0.14773807034357564
2.37  0.04672947807051739  0.14876033098140237
2.38  0.04850805203042208  0.14983105389175652
2.39  0.05029334039989413  0.1509514027148663
2.4  0.052085172850999166  0.1521225807811439
2.41  0.05388333171119414  0.1533458304826025
2.42  0.05568754954687791  0.15462243254917285
2.43  0.05749750669347384  0.15595370522328073
2.44  0.05931282873510851  0.15734100332601453
2.45  0.06113308393744399  0.15878571720821075
2.46  0.06295778063772965  0.1602892715798131
2.47  0.06478636459665564  0.1618531242109223
2.48  0.06661821631711733  0.1634787644980461
2.49  0.06845264833553671  0.1651677118891918
2.5  0.07028890249192181  0.16692151416160728
2.5100000000000002  0.07212614718539136  0.16874174554618404
2.52  0.07396347462243033  0.17063000469277945
2.5300000000000002  0.07579989806568355  0.1725879124709998
2.54  0.0776343490916252  0.1746171096013136
2.5500000000000003  0.07946567486596882  0.17671925411173112
2.56  0.08129263544619364  0.17889601861569807
2.57  0.0831139011210602  0.1811490874073033
2.58  0.08492804979746849  0.1834801533703947
2.59  0.08673356444546627  0.18589091469873661
2.6  0.08852883061264867  0.18838307142491664
2.61  0.09031213401959146  0.19095832175632996
2.62  0.09208165824833114  0.19361835821722453
2.63  0.093835482536239  0.19636486359648586
2.64  0.09557157968793156  0.19919950670156614
2.65  0.09728781411811437  0.20212393791972794
2.66  0.09898194003846182  0.2051397845885624
2.67  0.10065159980179682  0.20824864617856376
2.68  0.10229432241694232  0.2114520892913864
2.69  0.10390752224767051  0.21475164247827694
2.7  0.10548849790917683  0.2181487908840584
2.71  0.10703443137544377  0.22164497072294076
2.72  0.10854238731074495  0.22524156359334127
2.73  0.11000931263835555  0.22893989063981152
2.74  0.11143203635929728  0.2327412065710827
2.75  0.11280726963363846  0.2366466935441542
2.7600000000000002  0.11413160613650185  0.24065745492525467
2.77  0.11540152270050086  0.24477450893939748
2.7800000000000002  0.11661338025582853  0.2489987822211274
2.79  0.11776342507866665  0.253331103279911
2.8000000000000003  0.1188477903579607  0.2577721958944489
2.81  0.11986249808992788  0.2623226724509875
2.82  0.12080346130892688  0.2669830272414671
2.83  0.12166648666252095  0.27175362973806644
2.84  0.12244727733772098  0.2766347178613833
2.85  0.1231414363444928  0.2816263912601169
2.86  0.123744470161666  0.2867286046207024
2.87  0.12425179274939091  0.29194116102586376
2.88  0.124658729931256  0.29726370538152386
2.89  0.12496052414811097  0.30269571793190586
2.9  0.12515233958453545  0.30823650788300627
2.91  0.12522926766776774  0.31388520715488694
2.92  0.12518633293774947  0.3196407642834383
2.93  0.12501849928577366  0.325501938492404
2.94  0.12472067655803357  0.3314672939565103
2.95  0.12428772751917605  0.337535194276542
2.96  0.12371447516976092  0.34370379718711713
2.97  0.1229957104103287  0.34997104951775987
2.98  0.12212620004358415  0.3563346824276368
2.99  0.1211006951050196  0.3627922069340258
3.0  0.11991393951113061  0.36934090975420686
3.0100000000000002  0.11856067901322881  0.37597784948002416
3.02  0.11703567044373005  0.3826998531038551
3.0300000000000002  0.11533369124069966  0.3895035129141436
3.04  0.11344954923536994  0.39638518377800674
3.0500000000000003  0.11137809268631967  0.4033409808277255
3.06  0.10911422054301548  0.4103667775671572
3.0700000000000003  0.10665289292047223  0.4174582044132904
3.08  0.10398914176589003  0.42461064768728446
3.09  0.10111808169728165  0.43181924906841485
3.1  0.09803492099330523  0.4390789055233686
3.11  0.09473497271277971  0.44638426972232514
3.12  0.09121366592167589  0.45372975095219775
3.13  0.087466557004752  0.46110951653633087
3.14  0.08348934103843818  0.46851749376881646
3.15  0.07927786320106986  0.47594737237045504
3.16  0.07482813019613173  0.4833926074722095
3.17  0.07013632166379334  0.4908464231308058
3.18  0.06519880155570365  0.4983018163799347
3.19  0.06001212944776118  0.5057515618192785
3.2  0.05457307176538542  0.5131882167423627
3.21  0.04887861289569319  0.5206041268029985
3.22  0.042925966160916575  0.527991432218841
3.23  0.03671258462739912  0.5353420745093576
3.24  0.03023617172456511  0.5426478037642686
3.25  0.023494691648373235  0.5499001864372977
3.2600000000000002  0.016486379523942395  0.557090613658859
3.27  0.00920975130226891  0.5642103100601098
3.2800000000000002  0.0016636133662418342  0.5712503430996084
3.29  -0.006152928178497108  0.5782016328826567
3.3000000000000003  -0.014240458551909686  0.5850549624622565
3.31  -0.02259924571075289  0.5918009886094854
3.3200000000000003  -0.03122923214573415  0.5984302530400002
3.33  -0.04013002708722268  0.6049331940822935
3.34  -0.0493008991415273  0.6113001587722885
3.35  -0.05874076937912709  0.6175214153578317
3.36  -0.06844820489557615  0.6235871661956514
3.37  -0.0784214128650986  0.6294875610223913
3.38  -0.08865823510614784  0.6352127105803951
3.39  -0.09915614317742506  0.6407527005780227
3.4  -0.10991223402203887  0.6460976059634094
3.41  -0.12092322617664093  0.6512375054897492
3.42  -0.13218545656149455  0.6561624965493833
3.43  -0.14369487786652307  0.6608627102532072
3.44  -0.1554470565474475  0.6653283267311867
3.45  -0.16743717144515502  0.6695495906290652
3.46  -0.1796600130404453  0.6735168267756982
3.47  -0.1921099833552823  0.6772204559948172
3.48  -0.2047810965106307  0.680651011034437
3.49  -0.21766697994988604  0.6837991525865772
3.5  -0.230760876335812  0.6866556853694425
3.5100000000000002  -0.24405564612777875  0.6892115742437391
3.52  -0.257543770844954  0.6914579603343612
3.5300000000000002  -0.27121735701993427  0.6933861771282841
3.54  -0.2850681408461182  0.6949877665191418
3.5500000000000003  -0.29908749352091224  0.6962544947686455
3.56  -0.3132664272856372  0.6971783683547258
3.5700000000000003  -0.32759560216174705  0.6977516496760463
3.58  -0.342065333381709  0.6979668725823485
3.59  -0.35666559951160415  0.6978168576999384
3.6  -0.3713860512611995  0.6972947275215375
3.61  -0.3862160209759237  0.6963939212296597
3.62  -0.40114453280383444  0.6951082092226909
3.63  -0.4161603135293131  0.6934317073128882
3.64  -0.43125180406385  0.6913588905656329
3.65  -0.44640717158290566  0.6888846067494256
3.66  -0.461614322296432  0.6860040893663392
3.67  -0.47686091483924664  0.6827129702329158
3.68  -0.4921343742660286  0.6790072915818455
3.69  -0.5074219066343  0.6748835176551555
3.7  -0.522710514157335  0.6703385457601204
3.71  -0.537987010907515  0.6653697167596317
3.72  -0.5532380390492418  0.6599748249693747
3.73  -0.5684500855791035  0.6541521274348374
3.74  -0.5836094995495907  0.6479003525619267
3.75  -0.5987025097512725  0.6412187080757824
3.7600000000000002  -0.6137152428269737  0.6341068882832933
3.77  -0.6286337417901414  0.6265650806157816
3.7800000000000002  -0.643443984918274  0.6185939714293794
3.79  -0.658131904990985  0.6101947510417562
3.8000000000000003  -0.6726834088410201  0.6013691179850584
3.81  -0.6870843971853324  0.5921192824562147
3.8200000000000003  -0.7013207847021466  0.5824479689471247
3.83  -0.7153785203188181  0.5723584180386941
3.84  -0.7292436076742419  0.5618543873441934
3.85  -0.7429021257185502  0.5509401515890181
3.86  -0.7563402494119142  0.539620501815592
3.87  -0.7695442704834021  0.5279007437038891
3.88  -0.7825006182100572  0.5157866949998628
3.89  -0.7951958801756793  0.5032846820459315
3.9  -0.8076168229681647  0.4904015354096003
3.91  -0.8197504127737667  0.4771445846082907
3.92  -0.831583835826217  0.4635216519304729
3.93  -0.8431045186683459  0.4495410453552925
3.94  -0.8543001481836421  0.4352115505749885
3.95  -0.8651586913551139  0.4205424221265709
3.96  -0.8756684147088475  0.4055433736413965
3.97  -0.885817903399812  0.39022456722349147
3.98  -0.8955960798977571  0.37459660196968114
3.99  -0.9049922222314362  0.35867050164680847
4.0  -0.9139959817499496  0.34245770154354016
4.01  -0.9225974003606509  0.3259700345164633
4.0200000000000005  -0.930786927203876  0.30921971625236033
4.03  -0.938555434725667  0.29221932977071
4.04  -0.9458942341107422  0.2749818091925725
4.05  -0.9527950900391406  0.25752042280409676
4.0600000000000005  -0.959250234731292  0.23984875544489764
4.07  -0.965252381247707  0.22198069025350484
4.08  -0.9707947360110476  0.20393038980396125
4.09  -0.9758710105200118  0.1857122766694468
4.1  -0.9804754322262719  0.1673410134505056
4.11  -0.9846027545475989  0.14883148230706464
4.12  -0.9882482659923142  0.13019876403493155
4.13  -0.9914077983723075  0.1114581167288463
4.14  -0.9940777340840379  0.09262495407543087
4.15  -0.9962550124392182  0.07371482332051973
4.16  -0.9979371350291942  0.05474338295636484
4.17  -0.9991221701094576  0.03572638017507905
4.18  -0.9998087559931643  0.016679628135412964
4.19  -0.9999961034450342  -0.0023810169094555774
4.2  -0.9996839970695446  -0.021439678575004232
4.21  -0.9988727956898784  -0.04048048335091903
4.22  -0.9975634317166622  -0.0594875836005832
4.23  -0.9957574095081031  -0.07844518050598535
4.24  -0.9934568027256993  -0.09733754690970343
4.25  -0.9906642506922554  -0.1161490500059435
4.26  -0.9873829537614448  -0.13486417383308621
4.2700000000000005  -0.983616667710667  -0.15346754152081615
4.28  -0.9793696971713763  -0.17194393724567253
4.29  -0.9746468881134416  -0.1902783278497697
4.3  -0.9694536194024268  -0.2084558840784749
4.3100000000000005  -0.9637957934509216  -0.22646200139400566
4.32  -0.9576798259872131  -0.2442823203232082
4.33  -0.951112634966677  -0.26190274629919136
4.34  -0.9441016286532273  -0.2793094689580229
4.3500000000000005  -0.9366546929000571  -0.2964889808533255
4.36  -0.928780177660658  -0.31342809555333667
4.37  -0.920486882762763  -0.330113965086818
4.38  -0.9117840429793884  -0.34653409670609187
4.39  -0.9026813124325742  -0.3626763689374546
4.4  -0.8931887483666858  -0.3785290468912448
4.41  -0.883316794329322  -0.3940807968059277
4.42  -0.873076262798888  -0.4093206998026882
4.43  -0.8624783172987964  -0.42423826482918686
4.44  -0.8515344540390196  -0.43882344077332314
4.45  -0.8402564831263624  -0.45306662773006456
4.46  -0.8286565093853202  -0.4669586874066098
4.47  -0.8167469128317668  -0.4804909526533825
4.48  -0.8045403288419776  -0.4936552361105604
4.49  -0.7920496280595993  -0.5064438379620412
4.5  -0.7792878960832096  -0.5188495527909306
4.51  -0.7662684129769786  -0.5308656755327748
4.5200000000000005  -0.7530046326467308  -0.542486006524883
4.53  -0.7395101621233715  -0.5537048556521467
4.54  -0.7257987407952043  -0.5645170455917943
4.55  -0.7118842196301313  -0.5749179141614817
4.5600000000000005  -0.6977805404280946  -0.5849033157770472
4.57  -0.6835017151434066  -0.5944696220280955
4.58  -0.6690618053158044  -0.6036137213813779
4.59  -0.6544749016481939  -0.6123330180236493
4.6000000000000005  -0.6397551037680929  -0.6206254298573293
4.61  -0.6249165002087637  -0.6284893856638774
4.62  -0.6099731486449538  -0.6359238214512866
4.63  -0.5949390564170203  -0.6429281760035247
4.64  -0.5798281613760423  -0.649502385651103
4.65  -0.5646543130812866  -0.6556468782832153
4.66  -0.5494312543801325  -0.6613625666230815
4.67  -0.5341726033992624  -0.6666508407892437
4.68  -0.5188918359745877  -0.6715135601665938
4.69  -0.5036022685460337  -0.6759530446118667
4.7  -0.4883170415419247  -0.6799720650192173
4.71  -0.4730491032763269  -0.6835738332723006
4.72  -0.45781119438129897  -0.6867619916100072
4.73  -0.4426158327945892  -0.6895406014336629
4.74  -0.42747529932190337  -0.6919141315840946
4.75  -0.4124016237914474  -0.6938874461174787
4.76  -0.3974065718170302  -0.6954657916093431
4.7700000000000005  -0.3825016321845973  -0.6966547840164841
4.78  -0.3676980048756619  -0.6974603951268823
4.79  -0.35300658973968946  -0.6978889386279628
4.8  -0.3384379758261126  -0.6979470558237593
4.8100000000000005  -0.32400243138526297  -0.6976417010316784
4.82  -0.30970989454614994  -0.6969801266896642
4.83  -0.2955699646776572  -0.6959698682045948
4.84  -0.28159189443839705  -0.6946187285727368
4.8500000000000005  -0.26778458251914045  -0.6929347628030216
4.86  -0.254156567080441  -0.6909262621737957
4.87  -0.24071601988678726  -0.6886017383535448
4.88  -0.22747074113735333  -0.6859699074158887
4.89  -0.21442815499217582  -0.683039673778901
4.9  -0.20159530579135937  -0.6798201140985183
4.91  -0.18897885496371197  -0.6763204611454783
4.92  -0.17658507862002948  -0.672550087694851
4.93  -0.1644198658250896  -0.6685184904568255
4.94  -0.15248871754128096  -0.6642352740769611
4.95  -0.14079674623567598  -0.6597101352336266
4.96  -0.12934867614127124  -0.6549528468598306
4.97  -0.11814884416204884  -0.6499732425160812
4.98  -0.10720120141047747  -0.6447812009403179
4.99  -0.09650931536505258  -0.6393866308003252
5.0  -0.08607637263449047  -0.6337994556733672
5.01  -0.07590518231423062  -0.6280295992770792
5.0200000000000005  -0.0659981799199684  -0.6220869709749136
5.03  -0.056357431882039524  -0.615981451578659
5.04  -0.046984640583606324  -0.6097228794697538
5.05  -0.03788114992475798  -0.6033210370602612
5.0600000000000005  -0.029047951393831536  -0.5967856376135101
5.07  -0.02048569062649135  -0.5901263124434941
5.08  -0.012194674432370257  -0.5833525985111805
5.09  -0.004174878268382154  -0.5764739264349199
5.1000000000000005  0.003574045862840769  -0.5694996089311408
5.11  0.011052761111546029  -0.5624388297004882
5.12  0.01826223709922401  -0.5553006327735109
5.13  0.025203740879992467  -0.5480939123289209
5.14  0.031878827568735627  -0.5408274029963356
5.15  0.03828933066016246  -0.5335096706542932
5.16  0.04443735206332641  -0.5261491037331723
5.17  0.050325251876477496  -0.5187539050314773
5.18  0.05595563792739049  -0.5113320840527676
5.19  0.061331355104530444  -0.5038914498693008
5.2  0.06645547450457902  -0.49643960451724517
5.21  0.07133128242194713  -0.4889839369270944
5.22  0.07596226920594314  -0.4815316173916829
5.23  0.08035211801124792  -0.47408959257296535
5.24  0.08450469346726969  -0.46666458104748804
5.25  0.0884240302918106  -0.4592630693892432
5.26  0.0921143218742719  -0.45189130878737727
5.2700000000000005  0.09557990885335764  -0.4445553121949935
5.28  0.0988252677139068  -0.43726085200410036
5.29  0.10185499942708903  -0.43001345824055504
5.3  0.10467381815774304  -0.42281841727169733
5.3100000000000005  0.10728654006211827  -0.4156807710182173
5.32  0.10969807219870074  -0.40860531666069566
5.33  0.11191340157416461  -0.40159660683016685
5.34  0.1139375843457931  -0.3946589502710203
5.3500000000000005  0.11577573520095828  -0.3877964129635414
5.36  0.1174330169334426  -0.3810128196924402
5.37  0.11891463023552085  -0.37431175604680034
5.38  0.12022580372381769  -0.3676965708360176
5.39  0.12137178421599418  -0.3611703789054923
5.4  0.12235782727432448  -0.35473606433508603
5.41  0.12318918803118162  -0.3483962840026631
5.42  0.1238711123103805  -0.34215347149441133
5.43  0.12440882805722174  -0.33600984134306927
5.44  0.12480753708894576  -0.32996739357469823
5.45  0.12507240717615442  -0.32402791854420254
5.46  0.1252085644645814  -0.3181930020394535
5.47  0.12522108624540582  -0.312464030633583
5.48  0.12511499408110863  -0.30684219726480366
5.49  0.12489524729266842  -0.3013285070229743
5.5  0.12456673681269531  -0.29592378312206163
5.51  0.12413427940790611  -0.29062867303766027
5.5200000000000005  0.12360261227316088  -0.2854436547888096
5.53  0.12297638799811272  -0.28036904334350105
5.54  0.12226016990637367  -0.27540499712748534
5.55  0.121458427765977  -0.2705515246162841
5.5600000000000005  0.1205755338688217  -0.2658084909906611
5.57  0.11961575947572385  -0.2611756248362282
5.58  0.11858327162267829  -0.2566525248683433
5.59  0.11748213028295088  -0.25223866666399036
5.6000000000000005  0.11631628587868768  -0.24793340938292838
5.61  0.11508957713483914  -0.24373600246103325
5.62  0.11380572926736224  -0.2396455922594523
5.63  0.1124683524968827  -0.23566122865391761
5.64  0.11108094087827505  -0.23178187154933838
5.65  0.10964687143595356  -0.2280063973055984
5.66  0.10816940359406171  -0.2243336050613165
5.67  0.10665167889020624  -0.2207622229431903
5.68  0.10509672096090115  -0.2172909141494231
5.69  0.10350743578647069  -0.21391828289662956
5.7  0.10188661218280862  -0.21064288022052252
5.71  0.10023692252710009  -0.2074632096215983
5.72  0.09856092370438801  -0.20437773254795166
5.73  0.09686105826169898  -0.20138487370826486
5.74  0.09513965575634296  -0.1984830262089219
5.75  0.09339893428495544  -0.1956705565100935
5.76  0.0916410021798621  -0.19294580919651844
5.7700000000000005  0.08986785985941914  -0.19030711155956684
5.78  0.08808140181909888  -0.1877527779880149
5.79  0.08628341875026516  -0.18528111416576581
5.8  0.08447559977380244  -0.1828904210755463
5.8100000000000005  0.08265953477602424  -0.1805789988083544
5.82  0.08083671683459522  -0.17834515017915936
5.83  0.07900854472254196  -0.1761871841500361
5.84  0.07717632547880822  -0.17410341906256582
5.8500000000000005  0.07534127703421926  -0.1720921856819415
5.86  0.07350453088215804  -0.17015183005578371
5.87  0.07166713478371899  -0.1682807161912
5.88  0.06983005549758876  -0.1664772285541048
5.89  0.06799418152540407  -0.16473977439525914
5.9  0.0661603258638535  -0.16306678590788928
5.91  0.06432922875531631  -0.16145672222210058
5.92  0.06250156042936672  -0.15990807124162032
5.93  0.060677923828011786  -0.15841935132867668
5.94  0.05885885730807299  -0.15698911284305586
5.95  0.0570448373146634  -0.1556159395415755
5.96  0.05523628102024985  -0.15429844984436944
5.97  0.05343354892432324  -0.1530352979744997
5.98  0.051636947409223914  -0.15182517497749803
5.99  0.049846731248185706  -0.15066680962749024
6.0  0.04806310606216433  -0.14955896922657863
6.01  0.04628623072250774  -0.14850046030414807
6.0200000000000005  0.04451621969700137  -0.14749012922272173
6.03  0.04275314533728171  -0.14652686269693252
6.04  0.04099704010605461  -0.14560958823208348
6.05  0.03924789874298065  -0.14473727448866322
6.0600000000000005  0.03750568036849765  -0.14390893157904916
6.07  0.03577031052523776  -0.14312361130248155
6.08  0.03404168315706679  -0.14238040732422402
6.09  0.032319662526122374  -0.14167845530464374
6.1000000000000005  0.030604085068558412  -0.14101693298374843
6.11  0.02889476119001317  -0.14039506022650824
6.12  0.027191477002110633  -0.139812099034073
6.13  0.025493996001576064  -0.1392673535257661
6.140000000000001  0.023802060693801367  -0.13876016989650106
6.15  0.022115394162929895  -0.13828993635402448
6.16  0.02043370159074931  -0.1378560830401408
6.17  0.0187566717268794  -0.13745808193982095
6.18  0.017083978312927392  -0.1370954467818426
6.19  0.015415281463448347  -0.13676773293434855
6.2  0.013750229006701815  -0.13647453729844986
6.21  0.012088457788331666  -0.1362154982027363
6.22  0.010429594941218739  -0.13599029530129422
6.23  0.00877325912486472  -0.13579864947756545
6.24  0.007119061737760963  -0.13564032275611648
6.25  0.005466608106278679  -0.13551511822412238
6.26  0.003815498653687405  -0.1354228799641038
6.2700000000000005  0.002165330052967091  -0.13536349299919045
6.28  0.000515696367126082  -0.13533688325192025
6.29  -0.001133809819226209  -0.13534301751731706
6.3  -0.002783596273279343  -0.135381903450727
6.3100000000000005  -0.0044340699886070015  -0.1354535895706283
6.32  -0.006085636057146846  -0.1355581652763642
6.33  -0.007738696534791801  -0.1356957608804863
6.34  -0.009393649296827643  -0.1358665476551289
6.3500000000000005  -0.011050886879480701  -0.13607073789157154
6.36  -0.012710795303879606  -0.13630858497188245
6.37  -0.0143737528787863  -0.1365803834512694
6.38  -0.016040128978514125  -0.13688646914950006
6.390000000000001  -0.017710282792526604  -0.1372272192494886
6.4  -0.019384562043296923  -0.13760305240087997
6.41  -0.02106330166910913  -0.13801442882619783
6.42  -0.022746822468595666  -0.13846185042685863
6.43  -0.0244354297039335  -0.138945860886089
6.44  -0.02612941165976354  -0.1394670457655233
6.45  -0.027829038155055386  -0.14002603259199542
6.46  -0.02953455900531309  -0.1406234909307831
6.47  -0.031246202432706684  -0.14126013244130547
6.48  -0.032964173421921546  -0.14193671091102575
6.49  -0.034688652019740904  -0.1426540222630643
6.5  -0.03641979157661959  -0.14341290453278563
6.51  -0.038157716928767405  -0.1442142378083928
6.5200000000000005  -0.03990252251953955  -0.1450589441303345
6.53  -0.04165427045923107  -0.14594798734411882
6.54  -0.043412988522689024  -0.14688237290091927
6.55  -0.04517866808449479  -0.14786314760017266
6.5600000000000005  -0.04695126199182486  -0.14889139926818623
6.57  -0.04873068237547573  -0.14996825636661346
6.58  -0.05051679839993346  -0.15109488752451466
6.59  -0.05230943395378321  -0.15227250098759182
6.6000000000000005  -0.05410836528218589  -0.153502343978088
6.61  -0.05591331856359965  -0.15478570195876024
6.62  -0.05772396743338886  -0.15612389779428024
6.63  -0.05953993045744689  -0.1575182908033922
6.640000000000001  -0.06136076855945214  -0.15897027569515593
6.65  -0.06318598240588735  -0.16048128138263754
6.66  -0.06501500975346992  -0.16205276966747406
6.67  -0.06684722276416925  -0.1636862337888368
6.68  -0.06868192529352293  -0.1653831968304527
6.69  -0.0705183501585025  -0.1671452099795157
6.7  -0.07235565639172138  -0.1689738506315276
6.71  -0.07419292648932063  -0.17087072033536013
6.72  -0.07602916366040402  -0.17283744257311895
6.73  -0.07786328908642877  -0.17487566036972077
6.74  -0.07969413919947964  -0.1769870337274707
6.75  -0.08152046298886578  -0.17917323688134065
6.76  -0.08334091934597476  -0.18143595537110815
6.7700000000000005  -0.08515407445779359  -0.18377688292701608
6.78  -0.0869583992599623  -0.18619771816615358
6.79  -0.08875226696065029  -0.18870016109734455
6.8  -0.09053395064694875  -0.1912859094329492
6.8100000000000005  -0.09230162098583325  -0.19395665470664802
6.82  -0.09405334403208505  -0.19671407819697473
6.83  -0.0957870791558465  -0.19955984665709853
6.84  -0.0975006771027359  -0.20249560785212062
6.8500000000000005  -0.0991918781996475  -0.2055229859059483
6.86  -0.10085831071951686  -0.2086435764606309
6.87  -0.10249748941843287  -0.21185894165189245
6.88  -0.10410681425852615  -0.21517060490546172
6.890000000000001  -0.10568356933005588  -0.21858004555968874
6.9  -0.10722492198604926  -0.22208869332083597
6.91  -0.1087279222027242  -0.22569792255833915
6.92  -0.11018950217873552  -0.22940904644825194
6.93  -0.11160647618603736  -0.23322331097399768
6.94  -0.11297554068484016  -0.23714188879446857
6.95  -0.11429327471476412  -0.2411658729904126
6.96  -0.11555614057385188  -0.2452962707009408
6.97  -0.11676048479659767  -0.24953399666286016
6.98  -0.11790253944158652  -0.2538798666663887
6.99  -0.11897842369870837  -0.258334590941633
7.0  -0.11998414582522376  -0.26289876749100277
7.01  -0.12091560541921438  -0.26757287538349045
7.0200000000000005  -0.12176859603814703  -0.2723572680274666
7.03  -0.12253880816942818  -0.27725216643930706
7.04  -0.12322183255891606  -0.28225765252579804
7.05  -0.12381316390240858  -0.28737366239883355
7.0600000000000005  -0.12430820490412418  -0.2925999797414353
7.07  -0.124702270705159  -0.29793622924458724
7.08  -0.12499059368382646  -0.3033818701347639
7.09  -0.12516832862868316  -0.3089361898123715
7.1000000000000005  -0.12523055828390903  -0.31459829762157754
7.11  -0.12517229926555498  -0.3203671187722036
7.12  -0.12498850834599598  -0.32624138843447903
7.13  -0.12467408910273936  -0.332219646027507
7.140000000000001  -0.12422389892654069  -0.33830022972227386
7.15  -0.12363275638258076  -0.3444812711799412
7.16  -0.12289544891725444  -0.3507606905459924
7.17  -0.12200674090193174  -0.35713619172057
7.18  -0.1209613820038666  -0.36360525792502374
7.19  -0.1197541158732629  -0.37016514758431246
7.2  -0.11837968913435937  -0.3768128905444472
7.21  -0.11683286066727312  -0.3835452846436412
7.22  -0.11510841116624813  -0.390358892655247
7.23  -0.11320115295889505  -0.39725003961990907
7.24  -0.11110594006998463  -0.4042148105836444
7.25  -0.10881767851237499  -0.41124904875779245
7.26  -0.10633133678671514  -0.4183483541159486
7.2700000000000005  -0.10364195657067442  -0.42550808244211
7.28  -0.10074466357760721  -0.4327233448433351
7.29  -0.09763467856377524  -0.439989007739238
7.3  -0.09430732846251436  -0.4472996933396227
7.3100000000000005  -0.0907580576230582  -0.4546497806205005
7.32  -0.08698243913111374  -0.46203340680764093
7.33  -0.08297618618772637  -0.4694444693756872
7.34  -0.0787351635224774  -0.4768766285697084
7.3500000000000005  -0.07425539881662332  -0.4843233104548914
7.36  -0.06953309411141602  -0.4917777104988793
7.37  -0.06456463717653645  -0.4992327976900539
7.38  -0.05934661281333079  -0.5066813191938351
7.390000000000001  -0.053875814067356954  -0.5141158055478451
7.4  -0.048149253324631436  -0.5215285763955463
7.41  -0.042164173265912486  -0.5289117467567235
7.42  -0.035918057653358086  -0.5362572338319521
7.43  -0.02940864192396574  -0.5435567643369608
7.44  -0.0226339235643244  -0.5508018823615733
7.45  -0.015592172241391866  -0.5579839577467068
7.46  -0.008281939664250105  -0.5650941949717063
7.47  -0.0007020691520843059  -0.5721236425431077
7.48  0.007148295116020931  -0.5790632028747653
7.49  0.01526969919347735  -0.585903642648131
7.5  0.023662370824340223  -0.592635603640353
7.51  0.03232621129027209  -0.599249614006763
7.5200000000000005  0.041260787668844015  -0.6057361000032503
7.53  0.0504653255251097  -0.6120853981329735
7.54  0.05993870205775789  -0.6182877677008485
7.55  0.06967943972047813  -0.624333403758255
7.5600000000000005  0.07968570033846598  -0.6302124504194565
7.57  0.08995527973924551  -0.6359150145302919
7.58  0.10048560291620497  -0.6414311796688145
7.59  0.11127371974242317  -0.6467510204566779
7.6000000000000005  0.12231630125151392  -0.6518646171592525
7.61  0.13360963650133278  -0.6567620705516553
7.62  0.14514963003547818  -0.6614335170271125
7.63  0.1569317999565767  -0.6658691439233566
7.640000000000001  0.16895127662437087  -0.6700592050420564
7.65  0.181202801990632  -0.6739940363356366
7.66  0.1936807295818937  -0.6776640717352101
7.67  0.20637902513995582  -0.6810598590927732
7.68  0.21929126792903011  -0.6841720762102583
7.69  0.23241065271730346  -0.6869915469275368
7.7  0.24572999243957097  -0.6895092572409868
7.71  0.25924172154644654  -0.6917163714238098
7.72  0.2729379000444911  -0.6936042481188833
7.73  0.28681021823041036  -0.6951644563745897
7.74  0.3008500021212616  -0.6963887915937362
7.75  0.31504821958138085  -0.6972692913654203
7.76  0.32939548714548583  -0.6977982511494614
7.7700000000000005  0.3438820775361441  -0.6979682397828365
7.78  0.35849792787250206  -0.6977721147774192
7.79  0.3732326485658635  -0.69720303737823
7.8  0.38807553289638114  -0.6962544873513652
7.8100000000000005  0.40301556726378235  -0.6949202774707764
7.82  0.4180414421036936  -0.6931945676731335
7.83  0.4331415634597557  -0.6910718788501196
7.84  0.44830406520033944  -0.6885471062476748
7.8500000000000005  0.46351682186727583  -0.6856155324419273
7.86  0.478767462142611  -0.6822728398618501
7.87  0.4940433829179843  -0.678515122829013
7.88  0.5093317639498147  -0.6743388990852279
7.890000000000001  0.524619583082056  -0.6697411207793509
7.9  0.5398936320168684  -0.6647191848850562
7.91  0.5551405326121402  -0.6592709430220108
7.92  0.5703467536833742  -0.6533947106535604
7.930000000000001  0.5854986282860691  -0.6470892756348038
7.94  0.6005823714533292  -0.6403539060857559
7.95  0.6155840983620738  -0.6331883575652166
7.96  0.6304898428998731  -0.6255928795219411
7.97  0.64528557660311  -0.6175682210007754
7.98  0.6599572279358918  -0.6091156355825574
7.99  0.6744907018778715  -0.6002368855378061
8.0  0.6888718997879338  -0.5909342451755136
8.01  0.7030867395095339  -0.5812105033697419
8.02  0.7171211756823621  -0.571068965248161
8.03  0.7309612202239559  -0.5605134530282141
8.040000000000001  0.7445929629438837  -0.5495483059881815
8.05  0.7580025922521966  -0.5381783795621032
8.06  0.7711764159230051  -0.5264090435492567
8.07  0.7841008818732511  -0.5142461794307076
8.08  0.7967625989160724  -0.50169617678732
8.09  0.809148357447554  -0.48876592881555425
8.1  0.8212451500251664  -0.4754628269393698
8.11  0.8330401917957849  -0.4617947545185924
8.120000000000001  0.8445209407309048  -0.44777007965619275
8.13  0.855675117626468  -0.43339764710904893
8.14  0.8664907258246699  -0.41868676930892584
8.15  0.8769560706151429  -0.4036472165025874
8.16  0.8870597782731138  -0.3882892060221666
8.17  0.8967908146923982  -0.37262339069912853
8.18  0.9061385035715555  -0.3566608464373885
8.19  0.9150925441120482  -0.34041305896335733
8.2  0.9236430281879597  -0.3238919097728931
8.21  0.9317804569476307  -0.30710966129731787
8.22  0.9394957568085123  -0.29007894131281126
8.23  0.9467802948076326  -0.2728127266196054
8.24  0.9536258932712576  -0.25532432601946947
8.25  0.9600248437686765  -0.23762736262198225
8.26  0.9659699203164904  -0.2197357555120313
8.27  0.9714543918013692  -0.20166370081284657
8.28  0.9764720335909299  -0.18342565218066217
8.290000000000001  0.9810171383042076  -0.16503630076878983
8.3  0.985084525715096  -0.14651055470048732
8.31  0.9886695517641537  -0.12786351809148708
8.32  0.9917681166562865  -0.10911046966442653
8.33  0.9943766720240022  -0.09026684099867244
8.34  0.9964922271382188  -0.07134819446015661
8.35  0.9981123541509476  -0.052370200856831986
8.36  0.9992351923565794  -0.03334861686621322
8.370000000000001  0.9998594514609629  -0.01429926228217671
8.38  0.9999844138499674  0.00476200287123727
8.39  0.9996099358517552  0.02381930131086161
8.4  0.9987364479895467  0.042856761501851436
8.41  0.9973649542242389  0.061858540653004834
8.42  0.9954970301888004  0.08080884765145221
8.43  0.9931348204189453  0.09969196588840228
8.44  0.9902810345871251  0.1184922759279751
8.45  0.9869389427494029  0.13719427797164457
8.46  0.9831123696172628  0.15578261407145322
8.47  0.9788056878688226  0.17424209004594396
8.48  0.9740238105163208  0.19255769705367898
8.49  0.9687721823490357  0.21071463278027372
8.5  0.9630567704730496  0.2286983221960641
8.51  0.9568840539714133  0.24649443784283714
8.52  0.9502610127103384  0.26408891960948677
8.53  0.9431951153189966  0.28146799395799826
8.540000000000001  0.9356943063723911  0.29861819256281014
8.55  0.927766992808492  0.31552637032834
8.56  0.9194220296124833  0.33217972275129254
8.57  0.9106687048024859  0.34856580259626996
8.58  0.901516723752507  0.36467253585518405
8.59  0.8919761928896488  0.3804882369630054
8.6  0.8820576028037467  0.39600162324447674
8.61  0.8717718108086198  0.41120182856854853
8.620000000000001  0.8611300229949898  0.426078416189465
8.63  0.8501437758158977  0.4406213907556211
8.64  0.8388249172460345  0.4548212094695223
8.65  0.8271855875569204  0.4686687923843967
8.66  0.8152381997502153  0.48215553182523146
8.67  0.8029954196916743  0.49527330092421107
8.68  0.7904701459883869  0.5080144612627384
8.69  0.7776754896519179  0.5203718696143856
8.700000000000001  0.7646247535898515  0.5323388837852727
8.71  0.751331411967998  0.5439093675504694
8.72  0.7378090894851755  0.5550776946870934
8.73  0.7240715406020364  0.5658387521067845
8.74  0.710132628764852  0.5761879420922025
8.75  0.6960063056645343  0.586121183644109
8.76  0.6817065905704389  0.5956349129474275
8.77  0.667247549777688  0.6047260829664659
8.78  0.6526432762058572  0.6133921621811901
8.790000000000001  0.6379078691859117  0.6216311324780828
8.8  0.6230554144712582  0.6294414862106825
8.81  0.6080999645076824  0.636822222446392
8.82  0.5930555189958113  0.6437728424175587
8.83  0.577936005778547  0.6502933441961682
8.84  0.5627552620846853  0.6563842166127466
8.85  0.547527016158664  0.6620464324412499
8.86  0.5322648693050794  0.6672814408728216
8.870000000000001  0.5169822783752774  0.6720911593023184
8.88  0.5016925387219672  0.6764779644524587
8.89  0.48640876764643287  0.6804446828613081
8.9  0.4711438883615168  0.6839945807596247
8.91  0.4559106144921569  0.6871313533652965
8.92  0.44072143513383444  0.6898591136227599
8.93  0.4255886004878834  0.6921823804158708
8.94  0.41052410809118434  0.6941060662832021
8.950000000000001  0.39553968965635433  0.6956354646651929
8.96  0.380646798537127  0.6967762367129531
8.97  0.3658565978322105  0.6975343976888444
8.98  0.3511799491395101  0.6979163029892146
8.99  0.33662740197121493  0.6979286338198585
9.0  0.3222091838388681  0.6975783825549279
9.01  0.30793519101617584  0.6968728378100867
9.02  0.29381497998596395  0.6958195692607523
9.03  0.2798577595763514  0.6944264122362434
9.040000000000001  0.2660723837898984  0.6927014521205819
9.05  0.2524673453281842  0.69065300859059
9.06  0.23905076981299095  0.6882896197217568
9.07  0.22583041070400758  0.6856200259921443
9.08  0.2128136449117257  0.6826531542143509
9.09  0.20000746910298106  0.6793981014252632
9.1  0.18741849669539096  0.6758641187629851
9.11  0.1750529555357621  0.6720605953599655
9.120000000000001  0.16291668625638644  0.6679970422809293
9.13  0.1510151413020084  0.6636830765337627
9.14  0.13935338461913682  0.6591284051810147
9.15  0.1279360919982897  0.6543428095791477
9.16  0.11676755205869507  0.6493361297721045
9.17  0.10585166786393635  0.6441182490651551
9.18  0.09519195915601948  0.6386990788043556
9.19  0.08479156519435387  0.6330885433862651
9.200000000000001  0.07465324818518286  0.627296565521876
9.21  0.0647793972860733  0.621333051777949
9.22  0.055172033169173344  0.6152078784181841
9.23  0.04583281312608353  0.6089308775658355
9.24  0.036763036696349845  0.6025118237085374
9.25  0.027963651800788216  0.5959604205652285
9.26  0.019435261360083545  0.5892862883341564
9.27  0.011178130378379048  0.5824989513399903
9.28  0.0031921934708799005  0.5756078260971134
9.290000000000001  -0.004522937186153298  0.5686222098051478
9.3  -0.01196796350525503  0.5615512692917456
9.31  -0.019143892760248072  0.5544040304166151
9.32  -0.026052028504696813  0.5471893679496651
9.33  -0.03269396116011144  0.539915995935046
9.34  -0.03907155829811683  0.5325924585517275
9.35  -0.04518695464117276  0.5252271214801015
9.36  -0.05104254180675327  0.5178281637829282
9.370000000000001  -0.05664095782015898  0.5104035703077477
9.38  -0.061985076421347575  0.5029611246166782
9.39  -0.06707799619132089  0.4955084024483074
9.4  -0.07192302952370407  0.48805276571514916
9.41  -0.07652369146718602  0.48060135703891743
9.42  -0.08088368846446656  0.4731610948246209
9.43  -0.08500690701326952  0.46573866887325277
9.44  -0.08889740227483017  0.4583405365316165
9.450000000000001  -0.09255938665505548  0.4509729193766003
9.46  -0.0959972183832786  0.4436418004299949
9.47  -0.09921539011319147  0.43635292189875224
9.48  -0.10221851757013743  0.4291117834343909
9.49  -0.10501132826848192  0.4219236409040963
9.5  -0.10759865032225205  0.4147935056649226
9.51  -0.1099854013716493  0.4077261443313931
9.52  -0.11217657764739411  0.40072607902572277
9.53  -0.1141772431941527  0.3937975880988437
9.540000000000001  -0.11599251927354062  0.3869447073094197
9.55  -0.11762757396637734  0.38017123144707576
9.56  -0.11908761199300366  0.3734807163851673
9.57  -0.12037786476955702  0.3668764815475545
9.58  -0.12150358071713785  0.3603616127730467
9.59  -0.12247001583979918  0.3539389655604412
9.6  -0.1232824245862469  0.34761116867639175
9.61  -0.12394605100906293  0.3413806281077298
9.620000000000001  -0.12446612023415334  0.33524953133929836
9.63  -0.12484783025198998  0.32921985193788017
9.64  -0.12509634404105516  0.3232933544223762
9.65  -0.12521678203272374  0.3174715994000493
9.66  -0.12521421492562873  0.311755948948369
9.67  -0.12509365685635918  0.30614757222179345
9.68  -0.1248600589321371  0.30064745126269454
9.69  -0.12451830312992303  0.2952563869955743
9.700000000000001  -0.12407319656520431  0.28997500538374077
9.71  -0.12352946613253993  0.2848037637276968
9.72  -0.12289175351876816  0.27974295708465957
9.73  -0.12216461058864002  0.27479272478885214
9.74  -0.12135249514151757  0.26995305705251277
9.75  -0.12045976703669126  0.2652238016279251
9.76  -0.11949068468381002  0.2606046705112037
9.77  -0.11844940189390143  0.2560952466690524
9.78  -0.11733996508548512  0.2516949907702597
9.790000000000001  -0.11616631083935054  0.2474032479042935
9.8  -0.1149322637946904  0.24321925427000488
9.81  -0.11364153487845215  0.23914214381814772
9.82  -0.11229771985899617  0.23517095483215603
9.83  -0.11090429821443193  0.23130463643239782
9.84  -0.10946463230534641  0.2275420549899334
9.85  -0.10798196684104114  0.2238820004366434
9.86  -0.10645942862786038  0.22032319245945492
9.870000000000001  -0.10490002658772064  0.21686428656727708
9.88  -0.10330665203454313  0.21350388002015405
9.89  -0.10168207919594632  0.21024051761105308
9.9  -0.10002896596727369  0.20707269729161681
9.91  -0.09834985488481413  0.2039988756341276
9.92  -0.09664717430491486  0.20101747312284082
9.93  -0.09492323977559121  0.19812687926875105
9.94  -0.09318025558720085  0.19532545754274683
9.950000000000001  -0.0914203164887689  0.19261155012298908
9.96  -0.08964540955662767  0.18998348245320518
9.97  -0.08785741620216164  0.18743956760942954
9.98  -0.08605811430562507  0.1849781104735272
9.99  -0.08424918046322766  0.18259741171262456
10.0  -0.08243219233495032  0.18029577156431517
10.01  -0.08060863108086498  0.1780714934282281
10.02  -0.07877988387408029  0.17592288726522623
10.03  -0.07694724647881757  0.17384827280614196
10.040000000000001  -0.07511192588253518  0.17184598257256345
10.05  -0.07327504297146108  0.16991436471274418
10.06  -0.07143763523935776  0.16805178565623274
10.07  -0.06960065951983123  0.1662566325912967
10.08  -0.06776499473299798  0.16452731576965182
10.09  -0.0659314446378415  0.16286227064340345
10.1  -0.06410074058211843  0.161259959839458
10.11  -0.06227354424220987  0.15971887497697432
10.120000000000001  -0.06045045034585317  0.15823753833369372
10.13  -0.0586319893712328  0.156814504367218
10.14  -0.056818630216448986  0.1554483610974943
10.15  -0.05501078283392067  0.15413773135691913
10.16  -0.0532088008248122  0.15288127391459116
10.17  -0.05141298398909503  0.15167768448132113
10.18  -0.0496235808273721  0.15052569660205897
10.19  -0.04784079099109255  0.14942408244241237
10.200000000000001  -0.04606476767827437  0.1483716534759186
10.21  -0.044295619972326665  0.14736726107869144
10.22  -0.042533415122020884  0.1464097970379962
10.23  -0.040778180761102026  0.14549819398121652
10.24  -0.03902990706645363  0.14463142573156174
10.25  -0.03728854885413636  0.14380850759673056
10.26  -0.03555402761300497  0.1430284965965937
10.27  -0.03382623347597554  0.14229049163579002
10.28  -0.03210502712936266  0.1415936336269443
10.290000000000001  -0.030390241661033036  0.1409371055700191
10.3  -0.02868168434843107  0.14032013259310228
10.31  -0.026979138387820352  0.13974198195971183
10.32  -0.025282364566355627  0.13920196304747093
10.33  -0.023591102878849978  0.1386994273027692
10.34  -0.021905074091336452  0.13823376817578287
10.35  -0.02022398125373719  0.13780442103997775
10.36  -0.01854751116415215  0.13741086309996672
10.370000000000001  -0.0168753357874604  0.13705261329133497
10.38  -0.015207113631092634  0.1367292321757887
10.39  -0.013542491080983134  0.13644032183472063
10.4  -0.011881103700844277  0.13618552576402224
10.41  -0.010222577498027963  0.13596452877270826
10.42  -0.008566530159344395  0.13577705688765676
10.43  -0.006912572260303562  0.13562287726649816
10.44  -0.005260308451324872  0.13550179812042631
10.450000000000001  -0.003609338624529881  0.1354136686484358
10.46  -0.001959259064790029  0.1353583789842265
10.47  -0.00030966358874701924  0.13533586015675106
10.48  0.0013398553244425432  0.135346084065115
10.49  0.0029897054068621642  0.13538906346827756
10.5  0.004640293476302417  0.13546485198973296
10.51  0.00629202430764926  0.13557354413709147
10.52  0.007945299497412357  0.13571527533621194
10.53  0.009600516317631133  0.135890221979275
10.540000000000001  0.011258066555427097  0.1360986014859207
10.55  0.012918335334511638  0.13634067237630973
10.56  0.014581699915012078  0.1366167343547022
10.57  0.016248528468042575  0.13692712840188223
10.58  0.017919178821523257  0.13727223687449328
10.59  0.019593997173840035  0.13765248360908072
10.6  0.02127331677203906  0.1380683340283759
10.61  0.02295745655136593  0.13852029524709084
10.620000000000001  0.02464671973308856  0.1390089161742278
10.63  0.026341392377687733  0.1395347876086476
10.64  0.028041741890657723  0.14009854232437952
10.65  0.029748015478335423  0.14070085514189692
10.66  0.03146043855136819  0.14134244298133042
10.67  0.033179213073638456  0.14202406489333713
10.68  0.0349045158546909  0.14274652206310207
10.69  0.036636496783950666  0.1435106577827058
10.700000000000001  0.03837527700528568  0.14431735738686222
10.71  0.04012094703074637  0.14516754814680619
10.72  0.041873564792618403  0.14606219911689644
10.73  0.04363315363324346  0.1470023209282975
10.74  0.045399700232403535  0.14798896552391436
10.75  0.047173152472423714  0.14902322582857905
10.76  0.048953417241526784  0.15010623534832768
10.77  0.05074035817637156  0.15123916769246792
10.78  0.05253379334512265  0.15242323601201335
10.790000000000001  0.05433349287283454  0.15365969234796248
10.8  0.05613917651138463  0.15494982688282333
10.81  0.05795051115665817  0.15629496708873436
10.82  0.05976710831617097  0.15769647676550763
10.83  0.061588521530813733  0.15915575496192635
10.84  0.06341424375491155  0.16067423477366427
10.85  0.06524370469931164  0.16225338201126446
10.86  0.0670762681427425  0.16389469373171628
10.870000000000001  0.06891122921722304  0.16559969662731044
10.88  0.07074781167383973  0.16736994526562637
10.89  0.07258516513575344  0.16920702017472278
10.9  0.07442236234583695  0.17111252576785463
10.91  0.07625839641688362  0.17308808810233828
10.92  0.07809217809285814  0.17513535246751927
10.93  0.07992253303018222  0.17725598079718038
10.94  0.08174819910855703  0.17945164890214443
10.950000000000001  0.08356782378131773  0.18172404351929264
10.96  0.08537996147578751  0.1840748591737234
10.97  0.08718307105455186  0.18650579485132343
10.98  0.0889755133489951  0.18901855047961208
10.99  0.09075554877683888  0.19161482321534604
11.0  0.0925213350557817  0.1942963035380378
11.01  0.09427092502566468  0.19706467114924558
11.02  0.09600226459187378  0.19992159067822712
11.03  0.09771319080293053  0.20286870719532213
11.040000000000001  0.0994014300754195  0.2059076415352269
11.05  0.10106459657954825  0.20903998543315014
11.06  0.10270019079872941  0.2122672964776927
11.07  0.10430559827661781  0.21559109288516104
11.08  0.1058780885650182  0.2190128481009166
11.09  0.1074148143860074  0.22253398523425993
11.1  0.10891281102147875  0.22615587133426188
11.11  0.11036899594312405  0.22987981151486722
11.120000000000001  0.1117801686956078  0.23370704293850963
11.13  0.11314301104537022  0.2376387286683923
11.14  0.11445408740710857  0.24167595140048528
11.15  0.11570984555953985  0.24581970708718273
11.16  0.11690661766153593  0.2500708984654339
11.17  0.11804062157914866  0.25443032850300684
11.18  0.11910796253340723  0.2588986937773687
11.19  0.12010463507807514  0.2634765778024501
11.200000000000001  0.12102652541580204  0.2681644443193187
11.21  0.12186941406029655  0.27296263056749287
11.22  0.12262897885128435  0.27787134055429763
11.23  0.12330079832810435  0.28289063834027994
11.24  0.12388035546683779  0.2880204413592663
11.25  0.1243630417848603  0.2932605137921549
11.26  0.12474416181566755  0.2986104600139834
11.27  0.12501893795574515  0.3040697181342007
11.28  0.12518251568414548  0.30963755365039525
11.290000000000001  0.12522996915429682  0.3153130532359854
11.3  0.12515630715641213  0.321095118682565
11.31  0.12495647944768724  0.32698246101771355
11.32  0.12462538344628948  0.3329735948191222
11.33  0.12415787128393951  0.3390668327458613
11.34  0.12354875721068873  0.34526028030751005
11.35  0.12279282534429488  0.35155183089169556
11.36  0.12188483775540711  0.3579391610703413
11.370000000000001  0.12081954287858926  0.3644197262046029
11.38  0.1195916842380464  0.37099075636808077
11.39  0.11819600947577483  0.37764925260743337
11.4  0.11662727966873676  0.384391983558992
11.41  0.11488027892057258  0.3912154824393743
11.42  0.11294982421230526  0.39811604442744164
11.43  0.11083077549547649  0.40508972445421976
11.44  0.10851804601017326  0.412132335416622
11.450000000000001  0.10600661280947438  0.4192394468299832
11.46  0.10329152747095774  0.42640638393351893
11.47  0.10036792697507818  0.4336282272618922
11.48  0.09723104472944086  0.440899812695083
11.49  0.09387622171727218  0.44821573199773646
11.5  0.09029891774771828  0.45557033385809587
11.51  0.08649472278499454  0.462957725435538
11.52  0.08245936833285772  0.47037177442458966
11.53  0.0781887388503866  0.4778061116421631
11.540000000000001  0.0736788831746301  0.48525413414355545
11.55  0.06892602592532111  0.4927090088715764
11.56  0.06392657886655449  0.5001636768419432
11.57  0.05867715220009129  0.5076108578668673
11.58  0.05317456576478008  0.5150430558175244
11.59  0.04741586011647519  0.5224525644248609
11.6  0.04139830746278337  0.5298314736169578
11.61  0.03511942242698473  0.5371716763899336
11.620000000000001  0.028576972615545627  0.5444648762081458
11.63  0.02176898896377426  0.5517025949282232
11.64  0.014693775834358814  0.558876181240255
11.65  0.0073499208437742825  0.5659768196182664
11.66  -0.0002636956081551123  0.5729955397709318
11.67  -0.0081478911298984  0.579923226582311
11.68  -0.01630317247502061  0.5867506305312602
11.69  -0.024729727047645873  0.5934683785770416
11.700000000000001  -0.03342741479958041  0.6000669854975699
11.71  -0.042395760541546305  0.6065368656656613
11.72  -0.05163394669038438  0.6128683452476035
11.73  -0.061140806473450195  0.6190516748073635
11.74  -0.07091481761075213  0.6250770422987562
11.75  -0.08095409649466548  0.6309345864269439
11.76  -0.09125639288630565  0.6366144103597223
11.77  -0.10181908514685517  0.6421065957681472
11.78  -0.11263917602131777  0.6474012171752049
11.790000000000001  -0.12371328899131898  0.6524883565904078
11.8  -0.13503766521268382  0.657358118407395
11.81  -0.14660816105260946  0.6620006445408727
11.82  -0.1584202462403005  0.666406129778501
11.83  -0.17046900264396442  0.6705648373226492
11.84  -0.18274912368606167  0.6744671144962863
11.85  -0.1952549144076774  0.6781034085866675
11.86  -0.20798029219183023  0.6814642827998845
11.870000000000001  -0.22091878815445518  0.6845404322988191
11.88  -0.23406354921069694  0.6873227002965229
11.89  -0.24740734082302307  0.6898020941765866
11.9  -0.2609425504365223  0.6919698016116315
11.91  -0.2746611916055789  0.6938172066506615
11.92  -0.2885549088149248  0.6953359057456754
11.93  -0.3026149829968592  0.6965177236876182
11.94  -0.31683233774518715  0.6973547294214969
11.950000000000001  -0.33119754622517894  0.6978392517102519
11.96  -0.345700838777578  0.6979638946168055
11.97  -0.36033211121338937  0.697721552773571
11.98  -0.37508093379487434  0.6971054264086244
11.99  -0.389936560896849  0.6961090360977011
12.0  -0.40488794134103573  0.6947262372111966
12.01  -0.4199237293948646  0.6929512340254155
12.02  -0.4350322964247438  0.6907785934674324
12.030000000000001  -0.4502017431924339  0.6882032584631103
12.040000000000001  -0.46541991278176803  0.6852205608580456
12.05  -0.4806744041415478  0.6818262338815186
12.06  -0.49595258622904226  0.6780164241238664
12.07  -0.5112416127370916  0.6737877029981341
12.08  -0.5265284373864046  0.6691370776573289
12.09  -0.5417998297632184  0.6640620013391692
12.1  -0.5570423916810745  0.6585603831108354
12.11  -0.5722425740440569  0.6526305969869274
12.120000000000001  -0.5873866941874424  0.6462714903946023
12.13  -0.6024609536703291  0.6394823919607041
12.14  -0.6174514564934428  0.6322631185966207
12.15  -0.6323442277139808  0.6246139818575928
12.16  -0.6471252324280344  0.6165357935542768
12.17  -0.6617803950898502  0.6080298705955073
12.18  -0.6762956191359385  0.5990980390424441
12.19  -0.690656806880837  0.5897426373555836
12.200000000000001  -0.7048498796501733  0.5799665188175105
12.21  -0.7188607981155677  0.5697730531157225
12.22  -0.7326755827948652  0.5591661270713976
12.23  -0.7462803346802055  0.5481501445015923
12.24  -0.7596612559555171  0.5367300252040371
12.25  -0.7728046707641889  0.5249112030554544
12.26  -0.7856970459868996  0.5126996232161408
12.27  -0.7983250119889265  0.5001017384354484
12.280000000000001  -0.8106753832956554  0.48712450445472816
12.290000000000001  -0.8227351791545378  0.47377537450631535
12.3  -0.834491643941351  0.4600622929091663
12.31  -0.8459322673683396  0.4459936877638632
12.32  -0.8570448044516473  0.43157846275182454
12.33  -0.8678172951953984  0.41682598804572457
12.34  -0.8782380839498569  0.40174609034031805
12.35  -0.8882958384012611  0.3863490420150629
12.36  -0.897979568151283  0.37064554944216155
12.370000000000001  -0.9072786428444588  0.35464674045585487
12.38  -0.9161828098025394  0.3383641510010189
12.39  -0.9246822111254027  0.321809710981317
12.4  -0.9327674002189857  0.30499572932933733
12.41  -0.9404293577116891  0.28793487832329284
12.42  -0.9476595067217666  0.2706401771769687
12.43  -0.9544497274394564  0.2531249749316619
12.44  -0.9607923709889573  0.23540293268085374
12.450000000000001  -0.9666802725368147  0.21748800516029532
12.46  -0.9721067636148913  0.1993944217380402
12.47  -0.9770656836277951  0.18113666684073199
12.48  -0.9815513905164658  0.16272945985414108
12.49  -0.9855587705515472  0.1441877345375186
12.5  -0.9890832472321982  0.12552661799281584
12.51  -0.9921207892681227  0.1067614092311719
12.52  -0.9946679176247955  0.08790755738030892
12.530000000000001  -0.9967217116141527  0.06898063957758466
12.540000000000001  -0.9982798140153671  0.04999633859442508
12.55  -0.999340435212742  0.0309704202386979
12.56  -0.99990235634022  0.011918710582281236
12.57  -0.9999649314245173  -0.007142926938370414
12.58  -0.9995280885214252  -0.026198614500461542
12.59  -0.998592329842384  -0.04523248290344342
12.6  -0.9971587308710081  -0.06422869455941
12.61  -0.9952289384718132  -0.08317146641681422
12.620000000000001  -0.9928051679959595  -0.10204509276922752
12.63  -0.9898901993913741  -0.12083396790122632
12.64  -0.9864873723271235  -0.13952260852399978
12.65  -0.9826005803443965  -0.15809567595393093
12.66  -0.9782342640488721  -0.1765379979882051
12.67  -0.9733934033616252  -0.19483459043244
12.68  -0.9680835088480226  -0.2129706782364066
12.69  -0.9623106121462881  -0.230931716195117
12.700000000000001  -0.9560812555195604  -0.2487034091738813
12.71  -0.9494024805573121  -0.26627173181738306
12.72  -0.9422818160539658  -0.2836229477043751
12.73  -0.9347272650943771  -0.30074362791125725
12.74  -0.9267472913776003  -0.31762066894954866
12.75  -0.91835080481198  -0.33424131004410174
12.76  -0.9095471464161037  -0.350593149720827
12.77  -0.9003460725615462  -0.36666416167467464
12.780000000000001  -0.89075773859458  -0.3824427098906702
12.790000000000001  -0.8807926818751532  -0.39791756299289227
12.8  -0.87046180427244  -0.4130779077984233
12.81  -0.8597763541571232  -0.4279133620554707
12.82  -0.8487479079313109  -0.44241398634705675
12.83  -0.8373883511375869  -0.4565702951438847
12.84  -0.825709859189172  -0.4703732669922094
12.85  -0.8137248777635115  -0.48381435382475746
12.86  -0.801446102901839  -0.49688548938495647
12.870000000000001  -0.7888864608573427  -0.5095790967569191
12.88  -0.776059087734555  -0.5218880949958066
12.89  -0.7629773089624372  -0.5338059048553265
12.9  -0.7496546186433842  -0.5453264536112296
12.91  -0.7361046588200103  -0.5564441789817252
12.92  -0.7223411987011215  -0.5671540321477491
12.93  -0.7083781138877143  -0.577451479877971
12.94  -0.6942293656391939  -0.5873325057653348
12.950000000000001  -0.6799089802192554  -0.5967936105837518
12.96  -0.665431028360065  -0.6058318117753521
12.97  -0.6508096048824635  -0.6144446420803883
12.98  -0.6360588085089596  -0.6226301473235244
12.99  -0.6211927219052392  -0.6303868833717985
13.0  -0.6062253919848274  -0.6377139122810276
13.01  -0.591170810510393  -0.6446107976488291
13.02  -0.5760428950239924  -0.6510775991937601
13.030000000000001  -0.560855470137308  -0.6571148665813222
13.040000000000001  -0.5456222492116652  -0.6627236325187558
13.05  -0.5303568164563034  -0.667905405141629
13.06  -0.5150726094720345  -0.6726621597162536
13.07  -0.4997829022660725  -0.6769963296828855
13.08  -0.4845007887624281  -0.6809107970655374
13.09  -0.4692391668308775  -0.6844088822750093
13.1  -0.45401072285609995  -0.687494333332466
13.11  -0.43882791686717487  -0.6901713145415201
13.120000000000001  -0.4237029682462037  -0.6924443946373566
13.13  -0.40864784203340876  -0.694318534441941
13.14  -0.3936742358446374  -0.6957990740547805
13.15  -0.37879356741579634  -0.6968917196090862
13.16  -0.3640169627873228  -0.6976025296234942
13.17  -0.3493552451404078  -0.697937900979748
13.18  -0.33481892429529797  -0.6979045545569402
13.19  -0.32041818688062396  -0.6975095205530439
13.200000000000001  -0.3061628871813411  -0.6967601235245424
13.21  -0.2920625386715237  -0.695663967174998
13.22  -0.27812630623691714  -0.6942289189233675
13.23  -0.26436299909084165  -0.6924630942828132
13.24  -0.2507810643857437  -0.6903748410806192
13.25  -0.23738858152140865  -0.6879727235496745
13.26  -0.22419325714959693  -0.6852655063217563
13.27  -0.21120242087362073  -0.6822621383526049
13.280000000000001  -0.19842302164016115  -0.6789717368084726
13.290000000000001  -0.18586162481943194  -0.675403570943499
13.3  -0.17352440996861565  -0.6715670459968817
13.31  -0.16141716927234795  -0.6674716871383887
13.32  -0.14954530665289387  -0.6631271234903117
13.33  -0.1379138375415519  -0.6585430722534522
13.34  -0.1265273893017392  -0.653729322964207
13.35  -0.11539020229315207  -0.6486957219092476
13.36  -0.10450613156536132  -0.6434521567236782
13.370000000000001  -0.09387864916819492  -0.6380085411979212
13.38  -0.08351084706527954  -0.6323748003178951
13.39  -0.07340544063616015  -0.6265608555623409
13.4  -0.06356477275149118  -0.6205766104803992
13.41  -0.0539908184049008  -0.6144319365717691
13.42  -0.04468518988426559  -0.6081366594909476
13.43  -0.03564914246430339  -0.6017005455962176
13.44  -0.026883580601595965  -0.5951332888631529
13.450000000000001  -0.018389064612391506  -0.5884444981815073
13.46  -0.010165817812814138  -0.5816436850534
13.47  -0.002213734100421827  -0.5747402517097376
13.48  0.00546761404459093  -0.5677434796608077
13.49  0.012878967160852284  -0.5606625186959387
13.5  0.020021370032799857  -0.5535063763460646
13.51  0.02689616256657408  -0.5462839078219418
13.52  0.03350497033866541  -0.5390038064396505
13.530000000000001  0.039849694841577445  -0.5316745945438855
13.540000000000001  0.04593250345113628  -0.5243046149383735
13.55  0.05175581914039004  -0.5169020228315877
13.56  0.057322309965301445  -0.5094747783047353
13.57  0.06263487834764152  -0.5020306393077864
13.58  0.06769665018063804  -0.4945771551880944
13.59  0.07251096378302105  -0.4871216607549344
13.6  0.07708135872713619  -0.47967127088204786
13.61  0.08141156456676299  -0.47223287564904926
13.620000000000001  0.08550548949018187  -0.4648131360213137
13.63  0.08936720892387673  -0.45741848006672986
13.64  0.09300095411203857  -0.4500550997064807
13.65  0.09641110069675426  -0.4427289479957973
13.66  0.09960215732341732  -0.435445736929428
13.67  0.10257875429548756  -0.4282109357653906
13.68  0.10534563230225563  -0.4210297698594057
13.69  0.10790763124273342  -0.41390722000127894
13.700000000000001  0.11026967916819658  -0.4068480222433958
13.71  0.11243678136525288  -0.39985666821041654
13.72  0.11441400960059621  -0.39293740587822884
13.73  0.116206491547839  -0.3860942408092186
13.74  0.11781940041599515  -0.3793309378299721
13.75  0.11925794479831131  -0.37265102313662357
13.76  0.12052735875922425  -0.36605778681220896
13.77  0.12163289217625586  -0.3595542857395977
13.780000000000001  0.12257980135264755  -0.3531433468928348
13.790000000000001  0.12337333991549136  -0.3468275709890509
13.8  0.12401875001303045  -0.34060933648248676
13.81  0.12452125382369304  -0.3344908038816323
13.82  0.12488604538828332  -0.32847392037000045
13.83  0.12511828277559325  -0.32256042471064883
13.84  0.1252230805905224  -0.31675185241422377
13.85  0.1252055028326022  -0.31104954115003447
13.86  0.12507055611162307  -0.30545463637947123
13.870000000000001  0.12482318322586226  -0.29996809719096534
13.88  0.12446825710721172  -0.29459070231563506
13.89  0.12401057513631178  -0.2893230563027932
13.9  0.12345485382961821  -0.28416559583458767
13.91  0.122805723899165  -0.27911859615921425
13.92  0.12206772568464226  -0.27418217762238023
13.93  0.1212453049562941  -0.26935631227700346
13.94  0.1203428090860534  -0.2646408305515022
13.950000000000001  0.11936448358327928  -0.26003542795746554
13.96  0.11831446899045123  -0.25553967181798815
13.97  0.11719679813320248  -0.2511530079985058
13.98  0.1160153937181526  -0.24687476762257124
13.99  0.1147740662711227  -0.2427041737556649
14.0  0.11347651240749786  -0.238640348040837
14.01  0.11212631342573035  -0.2346823172707187
14.02  0.11072693421427193  -0.23082901988121868
14.030000000000001  0.10928172246156927  -0.22707931235303802
14.040000000000001  0.10779390815817057  -0.2234319755079738
14.05  0.1062666033794624  -0.2198857206878503
14.06  0.10470280233709287  -0.21643919580479923
14.07  0.10310538168673616  -0.2130909912525111
14.08  0.10147710107951609  -0.20983964566898816
14.09  0.09982060394413543  -0.20668365154224394
14.1  0.09813841848654226  -0.20362146065130943
14.11  0.09643295889382107  -0.20065148933581858
14.120000000000001  0.09470652672890285  -0.19777212358834714
14.13  0.09296131250266207  -0.19498172396457256
14.14  0.09119939740999386  -0.19227863030719808
14.15  0.08942275521654774  -0.1896611662804389
14.16  0.08763325428292768  -0.18712764371270244
14.17  0.08583265971335259  -0.18467636674590163
14.18  0.08402263561600304  -0.18230563579061732
14.19  0.08220474746255302  -0.1800137512870709
14.200000000000001  0.0803804645347026  -0.17779901727258235
14.21  0.07855116244587895  -0.17565974475686075
14.22  0.07671812572665998  -0.17359425490711505
14.23  0.07488255046289304  -0.1716008820455687
14.24  0.07304554697592457  -0.16967797646251953
14.25  0.0712081425348255  -0.16782390704860345
14.26  0.0693712840909848  -0.1660370637503923
14.27  0.06753584102595049  -0.16431585985388975
14.280000000000001  0.06570260790391375  -0.16265873410087714
14.290000000000001  0.06387230722076397  -0.16106415264340976
14.3  0.062045592142176434  -0.1595306108420676
14.31  0.06022304922373676  -0.1580566349138317
14.32  0.05840520110664752  -0.15664078343568028
14.33  0.05659250918310338  -0.15528164871018516
14.34  0.05478537622595847  -0.15397785799953756
14.35  0.05298414897784057  -0.1527280746345437
14.36  0.05118912069538917  -0.15153099900520828
14.370000000000001  0.04940053364480749  -0.15038536943956787
14.38  0.04761858154541827  -0.14928996297744948
14.39  0.04584341195840165  -0.14824359604581216
14.4  0.04407512861836358  -0.1472451250422863
14.41  0.04231379370584152  -0.1462934468334543
14.42  0.04055943005929138  -0.14538749917432203
14.43  0.038812023325521666  -0.14452626105531532
14.44  0.03707152404794365  -0.14370875298299876
14.450000000000001  0.03533784969238909  -0.1429340372005593
14.46  0.033610886610612296  -0.14220121785392617
14.47  0.03189049194193764  -0.141509441109213
14.48  0.030176495453839127  -0.1408578952269672
14.49  0.028468701322544143  -0.14024581059850183
14.5  0.026766889855040745  -0.13967245974936462
14.51  0.025070819154134505  -0.13913715731476559
14.52  0.023380226728451085  -0.13863925999155138
14.530000000000001  0.02169483104950999  -0.13817816647106682
14.540000000000001  0.020014333058209807  -0.13775331735699722
14.55  0.01833841762325941  -0.13736419507203
14.56  0.016666754954270217  -0.13701032375691788
14.57  0.014999001972387677  -0.1366912691652666
14.58  0.013334803641487359  -0.13640663855710625
14.59  0.011673794263095462  -0.13615608059404496
14.6  0.010015598738311163  -0.1359392852385375
14.61  0.008359833800114942  -0.13575598365953648
14.620000000000001  0.006706109219537593  -0.13560594814653035
14.63  0.005054028989245902  -0.13548899203370404
14.64  0.0034031924881669194  -0.13540496963569634
14.65  0.001753195630829484  -0.13535377619616107
14.66  0.00010363200514513767  -0.13533534785007317
14.67  -0.001545905997615817  -0.13534966160045922
14.68  -0.0031958260568755465  -0.13539673530996432
14.69  -0.004846534797038105  -0.13547662770740496
14.700000000000001  -0.006498436658227314  -0.1355894384091916
14.71  -0.008151932759693364  -0.13573530795524144
14.72  -0.009807419752129247  -0.13591441785873687
14.73  -0.011465288655169846  -0.13612699066882003
14.74  -0.013125923676389177  -0.13637329004505028
14.75  -0.014789701008165743  -0.13665362084218433
14.76  -0.016456987598851523  -0.1369683292035757
14.77  -0.018128139894758487  -0.13731780266122331
14.780000000000001  -0.019803502549566997  -0.13770247024023455
14.790000000000001  -0.021483407097863783  -0.138122802565203
14.8  -0.023168170589634985  -0.1385793119657367
14.81  -0.024858094182670494  -0.13907255257810888
14.82  -0.026553461689982308  -0.13960312043974285
14.83  -0.02825453807950073  -0.14017165357298014
14.84  -0.02996156792348985  -0.1407788320543257
14.85  -0.03167477379531721  -0.1414253780651089
14.86  -0.03339435461142366  -0.14211205591924939
14.870000000000001  -0.03512048391656799  -0.14283967206357207
14.88  -0.03685330811066732  -0.14360907504587753
14.89  -0.03859294461582006  -0.14442115544574216
14.9  -0.040339479982381396  -0.14527684576280073
14.91  -0.0420929679332657  -0.14617712025705135
14.92  -0.04385342734597286  -0.14712299473552157
14.93  -0.04562084017217688  -0.1481155262794471
14.94  -0.04739514929507896  -0.14915581290594068
14.950000000000001  -0.049176256325106416  -0.1502449931579727
14.96  -0.050964019334940575  -0.15138424561634545
14.97  -0.05275825053527457  -0.1525747883272245
14.98  -0.054558713893139946  -0.15381787813869474
14.99  -0.0563651226950935  -0.15511480993973312
15.0  -0.05817713705802718  -0.15646691579494526
