t   Re(c(t))    Im(c(t))
0.0  1.0  0.0
0.01  0.6999073560004168  0.705012359402486
0.02  -0.006819437927902664  0.9739764194268082
0.03  -0.6729453255255652  0.6598328027043214
0.04  -0.899976152669759  -0.01069098898461126
0.05  -0.5920951157523408  -0.6075216052161112
0.06  0.009877032836858583  -0.7891314387766919
0.07  0.5178136769004275  -0.5069633333699265
0.08  0.6568099408709894  0.004475949693131834
0.09  0.4151614335708616  0.4159413855365866
0.1  0.0037875633798020282  0.5190676023614054
0.11  -0.314214231654193  0.3258288025994444
0.12  -0.3895312116670693  0.012413088917257951
0.13  -0.2454088248947326  -0.22260821531422717
0.14  -0.01913879786086144  -0.2775040476438618
0.15  0.1472960158269745  -0.17746726704083635
0.16  0.18750456996794887  -0.022656815490680184
0.17  0.12313885645977041  0.09043716454459375
0.18  0.022809280907107956  0.11994514813985387
0.19  -0.05095988360500895  0.08183307051781971
0.2  -0.07241564332967641  0.02032996327871375
0.21  -0.051929181069295054  -0.0258237403531552
0.22  -0.01636705770547073  -0.041057635706787665
0.23  0.011270250174681157  -0.03133397710700223
0.24  0.021688698063147445  -0.012032563438430227
0.25  0.017878888748477637  0.003749401963642528
0.26  0.008124930409839363  0.010537498481825372
0.27  -0.00042395230749305013  0.009577244805133995
0.28  -0.004601994610673027  0.00505054993619119
0.29  -0.0047688607007377905  0.0006897460838981754
0.3  -0.0028878751288757085  -0.0017226756709979537
0.31  -0.0008145294714708832  -0.002175135081069052
0.32  0.00048340789117343397  -0.001512766506856135
0.33  0.0008866970729753621  -0.0006080218471636507
0.34  0.0007197930813684618  3.7478437057462266e-05
0.35000000000000003  0.0003667638464636636  0.0003074471494473506
0.36  7.333893622902475e-05  0.0003061270424497607
0.37  -7.896778210215866e-05  0.000189340820336565
0.38  -0.00011272297005829168  6.961803750925103e-05
0.39  -8.464752899553742e-05  -5.182642395204496e-06
0.4  -4.226542713610844e-05  -3.331037240759463e-05
0.41000000000000003  -1.0175324928915486e-05  -3.2292925706075076e-05
0.42  5.930001507913758e-06  -2.027617953779134e-05
0.43  9.958090084846023e-06  -8.471594498654124e-06
0.44  7.957069627974497e-06  -1.0570542707064728e-06
0.45  4.440417577986772e-06  2.048152077073484e-06
0.46  1.6277575652291766e-06  2.4679517038200123e-06
0.47000000000000003  6.433081624138138e-08  1.773008333953198e-06
0.48  -5.083336747171292e-07  9.267617001159669e-07
0.49  -5.363301989464234e-07  3.2152335747714926e-07
0.5  -3.6732451403134747e-07  7.3296562275344815e-09
0.51  -1.8907472213195928e-07  -1.0112068362325838e-07
0.52  -6.789230182915181e-08  -1.0414743284621608e-07
0.53  -6.070274541098569e-09  -7.137039797905365e-08
0.54  1.592737416192258e-08  -3.779558790965518e-08
0.55  1.789219521829838e-08  -1.499464397855532e-08
0.56  1.2855167629000076e-08  -3.0414696875185474e-09
0.5700000000000001  7.248041990377818e-09  1.64806951306537e-09
0.58  3.2599256623994103e-09  2.5835373972105116e-09
0.59  1.0349461734013645e-09  2.071138406438411e-09
0.6  4.557226458180852e-11  1.281336183250187e-09
0.61  -2.6395161872166953e-10  6.553067685710623e-10
0.62  -2.757160791344582e-10  2.7212154070886677e-10
0.63  -1.9640903226730844e-10  7.826927506181074e-11
0.64  -1.148666508264673e-10  -1.26030878441763e-12
0.65  -5.74336496764194e-11  -2.37232867898729e-11
0.66  -2.4193020828865154e-11  -2.313266921766255e-11
0.67  -7.745484332036257e-12  -1.6200736759064416e-11
0.68  -8.968282713683886e-13  -9.55352637277418e-12
0.6900000000000001  1.2603112997666699e-12  -4.9500716026162905e-12
0.7000000000000001  1.4909191936585131e-12  -2.2620409668647208e-12
0.71  1.1275327893578438e-12  -8.824867919754455e-13
0.72  7.085168389486811e-13  -2.583148972501446e-13
0.73  3.954930567068308e-13  -1.7685332365235625e-14
0.74  2.0068200573541958e-13  5.135475378281785e-14
0.75  9.292185076947809e-14  5.5152063471730975e-14
0.76  3.877228399451434e-14  4.072042182612354e-14
0.77  1.3990371361405244e-14  2.5677984044624985e-14
0.78  3.7700745303403226e-15  1.480222194816226e-14
0.79  7.27716498175568e-17  8.080688895794992e-15
0.8  -1.037885055676561e-15  4.264123776298511e-15
0.81  -1.2342557531570289e-15  2.1203525046865613e-15
0.8200000000000001  -1.1012024625497594e-15  8.694434061594054e-16
0.8300000000000001  -8.115036420619414e-16  1.0763959168393053e-16
0.84  -3.9395570139447547e-16  -3.16933979061889e-16
0.85  5.004677228141667e-17  -3.9968028886582013e-16
0.86  3.6871547481840045e-16  -2.0539125955577965e-16
0.87  4.409667075930323e-16  1.429412144207144e-16
0.88  2.463307335886913e-16  4.3047163056395323e-16
0.89  -1.2385925618476746e-16  4.956104970874498e-16
0.9  -4.250072516142993e-16  2.8102520310955073e-16
0.91  -4.865682509672437e-16  -9.020562074822783e-17
0.92  -2.7512714328831133e-16  -3.882311139193428e-16
0.93  7.979727989856539e-17  -4.288236432545887e-16
0.9400000000000001  3.420874694703519e-16  -2.15105711010479e-16
0.9500000000000001  3.49373308077896e-16  8.60422844248498e-17
0.96  1.428327942345994e-16  2.64371857764251e-16
0.97  -7.28583859319466e-17  2.3037127764793666e-16
0.98  -1.7000290053622662e-16  7.580741595786298e-17
0.99  -1.2212453251022487e-16  -6.175615565876101e-17
1.0  3.4694473084708755e-18  -1.1310397050578424e-16
1.01  8.534839565367063e-17  -2.914335420572041e-17
1.02  5.3429484187864056e-17  8.326672713663011e-17
1.03  -6.522560070423612e-17  1.0529771544595591e-16
1.04  -1.4432898969143967e-16  1.5265567334894916e-17
1.05  -1.1991275411051637e-16  -1.26287867752918e-16
1.06  3.608225910457126e-17  -1.9220735874307356e-16
1.07  1.8735015427284742e-16  -1.1661678102541855e-16
1.08  2.3314686797286194e-16  8.187895740959621e-17
1.09  1.1353770818038194e-16  2.3939185885750354e-16
1.1  -1.1587943108576643e-16  2.6090245042891103e-16
1.11  -2.886578219224632e-16  7.818190048908952e-17
1.12  -2.6298380467867165e-16  -1.7139051184234366e-16
1.1300000000000001  -6.600578045956943e-17  -3.2265822750329584e-16
1.1400000000000001  2.2204531505978815e-16  -2.6818757394974364e-16
1.1500000000000001  3.7817079833844377e-16  8.674939247681913e-18
1.16  2.0400502580084582e-16  2.7547662319111375e-16
1.17  -7.389723041603687e-17  3.6568446133595605e-16
1.18  -3.2681984532433866e-16  2.1910425607327223e-16
1.19  -3.5700522853667873e-16  -1.15517196645154e-16
1.2  -1.6253086546611833e-16  -3.6183700303960514e-16
1.21  1.7727368199638801e-16  -3.5366706032948794e-16
1.22  4.044965326893221e-16  -1.021954397926376e-16
1.23  3.285494623874618e-16  2.1971068646347224e-16
1.24  3.95314773856568e-17  3.396034650946224e-16
1.25  -2.2050454242574302e-16  2.0847267522887214e-16
1.26  -2.3006582642933187e-16  6.60716733575819e-18
1.27  -1.1025501783343574e-16  -1.3246470556507694e-16
1.28  -1.2913893357172751e-17  -1.010470173211872e-16
1.29  -2.4743514628550155e-17  -1.6531822468833347e-17
1.3  -9.858203743057232e-17  -6.437896878843532e-17
1.31  -2.825573738946702e-17  -2.2092657072757543e-16
1.32  2.3940825686063607e-16  -2.1985973237342513e-16
1.33  4.3383636198771987e-16  9.580571536206179e-17
1.34  2.2334524562412075e-16  4.836979650394914e-16
1.35  -2.8390638534265956e-16  4.971310843881673e-16
1.36  -6.08623354799091e-16  6.304201528920754e-17
1.37  -4.2280962388144644e-16  -4.813678435650002e-16
1.3800000000000001  1.662469008403457e-16  -6.202007558740176e-16
1.3900000000000001  5.721786820385245e-16  -2.0492142807651582e-16
1.4000000000000001  4.4063012045202258e-16  3.4138597804784886e-16
1.41  -5.216701879705824e-17  4.948373189142753e-16
1.42  -4.03368006860465e-16  1.7868970707356655e-16
1.43  -3.042509601346246e-16  -2.3910078493441e-16
1.44  7.464876568708899e-17  -3.4359692922738516e-16
1.45  3.1779361350282293e-16  -8.187725687276699e-17
1.46  2.148724243302937e-16  2.3782743021973595e-16
1.47  -8.107473241089143e-17  3.1916265077839155e-16
1.48  -3.0661164493126785e-16  1.3176134360937832e-16
1.49  -3.039486205442588e-16  -1.5576370627208772e-16
1.5  -9.980626934587976e-17  -3.3842483097058315e-16
1.51  1.7478619239321488e-16  -3.1094030888489484e-16
1.52  3.5532787204764826e-16  -9.190082388750965e-17
1.53  3.227988269411485e-16  1.9824971608846665e-16
1.54  8.80190145270486e-17  3.754685060437214e-16
1.55  -2.1097227402233671e-16  3.211828196377436e-16
1.56  -3.76508984666862e-16  6.776827569516497e-17
1.57  -2.9931330783726424e-16  -2.279624022940008e-16
1.58  -3.4170920866627124e-17  -3.56499677337926e-16
1.59  2.3054717238506443e-16  -2.428943063916101e-16
1.6  3.074977718546603e-16  8.980470830693563e-18
1.61  1.8460305788040914e-16  2.1330323510368136e-16
1.62  -3.842557833516693e-17  2.477885134404002e-16
1.6300000000000001  -1.78015611986194e-16  1.1429514567319237e-16
1.6400000000000001  -1.6437638291557854e-16  -5.828555328855185e-17
1.6500000000000001  -3.829860073402177e-17  -1.367597906677542e-16
1.6600000000000001  7.628493063825186e-17  -7.746800519458937e-17
1.67  8.046135235693587e-17  2.783326075533529e-17
1.68  -3.1723946496771007e-19  7.128136434979441e-17
1.69  -6.670925143133084e-17  2.0555706567653725e-17
1.7  -6.072778056027437e-17  -6.56859284368817e-17
1.71  3.4495975810146274e-17  -1.0312855425235111e-16
1.72  1.2057671658485898e-16  -4.529297295373632e-17
1.73  1.227012637759174e-16  7.92989120717176e-17
1.74  1.5775423338414216e-17  1.6257131047576458e-16
1.75  -1.2648309019818303e-16  1.2710955191425102e-16
1.76  -1.9936441188636174e-16  -1.2999209761132285e-17
1.77  -1.370619015249193e-16  -1.6305569965897567e-16
1.78  3.677941842569637e-17  -2.1635282413989686e-16
1.79  1.8960109118366929e-16  -1.2579411239211348e-16
1.8  2.1846056334504545e-16  5.3774857446950605e-17
1.81  1.0928014949111297e-16  2.0222037681772642e-16
1.82  -8.001872086862782e-17  2.2760719736574113e-16
1.83  -2.1684405700074724e-16  9.100480460412265e-17
1.84  -2.069863281083919e-16  -1.0615601910000192e-16
1.85  -5.847651891285717e-17  -2.2607989420823967e-16
1.86  1.316316338677451e-16  -2.0407131194484682e-16
1.87  2.4735374113841497e-16  -3.995579337311276e-17
1.8800000000000001  2.1046459586864224e-16  1.6046000153495209e-16
1.8900000000000001  3.028286953203451e-17  2.7199453022090973e-16
1.9000000000000001  -1.876841896357111e-16  2.211151959338672e-16
1.9100000000000001  -2.9927029704192965e-16  1.6930276305033856e-17
1.92  -2.3131430461734504e-16  -2.0304090299413234e-16
1.93  -2.896789201262673e-17  -3.159068585970044e-16
1.94  2.0436990372076962e-16  -2.6050391850825636e-16
1.95  3.332805133180564e-16  -4.932276333078795e-17
1.96  2.796658006473673e-16  1.9806529885159285e-16
1.97  6.834104939933312e-17  3.3950843136011937e-16
1.98  -1.76545084899993e-16  3.0287418597037165e-16
1.99  -3.361779550589824e-16  1.004325504236326e-16
2.0  -3.0385297805201104e-16  -1.46144086805477e-16
2.0100000000000002  -1.126146080702924e-16  -3.041798957845453e-16
2.02  1.2522132488046403e-16  -2.826203388554541e-16
2.0300000000000002  2.6444309220339116e-16  -1.0596951305373563e-16
2.04  2.4064598634388397e-16  9.823792832027548e-17
2.05  8.552428358172847e-17  2.0452764490934975e-16
2.06  -7.233225962348186e-17  1.6545240546779532e-16
2.07  -1.3748163335222517e-16  5.183423961901312e-17
2.08  -9.991769898935443e-17  -4.5385018365182446e-17
2.09  -2.478072414767966e-17  -6.805449009310049e-17
2.1  1.7639361803016457e-17  -3.612870078066057e-17
2.11  -1.6449330151943644e-19  -2.2397614834381697e-18
2.12  -3.080270153930508e-17  -1.7633629730882095e-17
2.13  -1.3510356761484592e-17  -6.47345433487202e-17
2.14  6.019913930251746e-17  -7.55483392915436e-17
2.15  1.1836747469345427e-16  -9.044793763437445e-18
2.16  1.01245397126173e-16  9.550346592556123e-17
2.17  -3.205437098429431e-19  1.59954978216916e-16
2.18  -1.313472205216357e-16  1.23712195868194e-16
2.19  -1.9757863102393485e-16  -8.025290919349907e-18
2.2  -1.4596854591700177e-16  -1.595726283869391e-16
2.21  2.1360602722780636e-18  -2.279140023511903e-16
2.22  1.7261885909664717e-16  -1.7157037727624155e-16
2.23  2.5250164019769427e-16  -1.347846243385069e-17
2.24  2.045346789010533e-16  1.6869488489568897e-16
2.25  4.6664444728464645e-17  2.732395475566877e-16
2.2600000000000002  -1.5217865219158456e-16  2.418400246983039e-16
2.27  -2.958750742295756e-16  8.098984860443723e-17
2.2800000000000002  -2.8548498867730267e-16  -1.4615518518436554e-16
2.29  -1.1436543176795456e-16  -3.0658449680560097e-16
2.3000000000000003  1.3353502413795657e-16  -3.2034698851945907e-16
2.31  3.367885943597488e-16  -1.422210622286507e-16
2.32  3.498386899451292e-16  1.2926991743912604e-16
2.33  1.6409438550705203e-16  3.5591705594088506e-16
2.34  -1.3536761305215476e-16  3.8072508164356786e-16
2.35  -3.653060797905915e-16  1.7704501772886758e-16
2.36  -3.934312526383911e-16  -1.5082201403393913e-16
2.37  -1.8247594357602937e-16  -4.0074948975593053e-16
2.38  1.6258850329909718e-16  -4.08414651277775e-16
2.39  4.2642269390139384e-16  -1.7239778654770953e-16
2.4  4.387952805153919e-16  2.0261337302541547e-16
2.41  1.6337986372822071e-16  4.694285730445267e-16
2.42  -2.3148660589449245e-16  4.557255665797657e-16
2.43  -4.941793606057968e-16  1.4186459665022115e-16
2.44  -4.3751103742046433e-16  -2.882090183306628e-16
2.45  -1.0419678923363843e-16  -5.280512125290045e-16
2.46  3.120893698263658e-16  -4.4396346620804146e-16
2.47  5.33976161455458e-16  -6.17944372718407e-17
2.48  3.9735780889572846e-16  3.301954012524306e-16
2.49  3.795659085896313e-17  4.996537680505326e-16
2.5  -3.3038753001801786e-16  3.686808109862804e-16
2.5100000000000002  -4.784104832205223e-16  2.103288669484694e-17
2.52  -3.2591898376470655e-16  -3.081253031550539e-16
2.5300000000000002  -8.62512216527999e-18  -4.3698424952547544e-16
2.54  2.745503272240147e-16  -2.9790216156883196e-16
2.5500000000000003  3.545536877679121e-16  -1.4313796526636444e-17
2.56  2.2054050019600333e-16  2.0566468428435066e-16
2.57  9.761771409497217e-18  2.5161434282861704e-16
2.58  -1.31297988497327e-16  1.506046053086233e-16
2.59  -1.436983508328974e-16  2.252908576212332e-17
2.6  -8.092304138625613e-17  -4.135544866411352e-17
2.61  -4.535050397012356e-17  -3.09090090493446e-17
2.62  -5.3192227999904004e-17  -2.7276718339132877e-17
2.63  -7.821793863897596e-17  -8.096576013167267e-17
2.64  -2.735575314995654e-17  -1.658030337935416e-16
2.65  1.1203882917361168e-16  -1.8583974600212474e-16
2.66  2.5559738013006293e-16  -6.368632512322719e-17
2.67  2.4518449146977433e-16  1.556891237339152e-16
2.68  5.0503853583261013e-17  2.9085976124727237e-16
2.69  -1.7851060755859186e-16  2.2485272134506903e-16
2.7  -2.445671649340619e-16  3.373366036221728e-17
2.71  -1.615231143899763e-16  -9.830588425888349e-17
2.72  -6.68061352960491e-17  -1.011214081223572e-16
2.73  -6.364356855692094e-17  -9.47982419398104e-17
2.74  -5.724613955002357e-17  -1.9091505800728532e-16
2.75  1.1022707002152486e-16  -2.9102998649172194e-16
2.7600000000000002  3.8218293499945164e-16  -1.6037651009820198e-16
2.77  4.530510280793898e-16  2.0566189586495357e-16
2.7800000000000002  1.6291691774369198e-16  5.346036582320241e-16
2.79  -3.184777600314513e-16  4.956274289153467e-16
2.8000000000000003  -5.642485559328976e-16  7.169597356423615e-17
2.81  -3.7992867048911495e-16  -3.5393833719665916e-16
2.82  7.771361899434437e-18  -4.386561459041496e-16
2.83  2.4650404544064944e-16  -2.0774483432150975e-16
2.84  1.9504455468104204e-16  -1.2074408946676532e-17
2.85  9.768502031193387e-17  -5.935601551151957e-18
2.86  1.6079938001881062e-16  -5.104689049664748e-17
2.87  3.0823256306024444e-16  8.699201698842182e-17
2.88  2.3885205656817216e-16  3.866858773814941e-16
2.89  -1.382958039294107e-16  5.389519572100242e-16
2.9  -5.71212021262172e-16  3.1256826408572804e-16
2.91  -6.812840503544601e-16  -2.150053752548362e-16
2.92  -3.527432558371439e-16  -6.898597242967426e-16
2.93  2.475355104037733e-16  -7.579927950353644e-16
2.94  7.231820426595413e-16  -3.5247983507840507e-16
2.95  7.529404991384592e-16  2.672260267537048e-16
2.96  3.417379675815374e-16  6.967566902920459e-16
2.97  -2.1271975790390376e-16  6.987682498595568e-16
2.98  -6.037511667154567e-16  3.457751740745204e-16
2.99  -6.353113200967699e-16  -1.5427597744350235e-16
3.0  -3.4179297872343677e-16  -5.010890078095748e-16
3.0100000000000002  8.004368262934818e-17  -5.662955275736193e-16
3.02  4.07692420274244e-16  -3.4522461410232355e-16
3.0300000000000002  5.029929308884768e-16  1.515981442678861e-17
3.04  3.2285603788927456e-16  3.2769595142640273e-16
3.0500000000000003  7.118232856848228e-18  4.292651299231838e-16
3.06  -2.7339180902034466e-16  2.7466910573362166e-16
3.0700000000000003  -3.491049758303817e-16  -1.3275365205327953e-17
3.08  -2.0063114909153749e-16  -2.316389525197826e-16
3.09  5.866000634842023e-17  -2.716026019106412e-16
3.1  2.3661605474985433e-16  -1.1144101574917773e-16
3.11  2.2393102695466453e-16  1.2783954975074343e-16
3.12  3.105739673525398e-17  2.686767730943161e-16
3.13  -1.9977531331192236e-16  1.9256460169670104e-16
3.14  -2.916519822709284e-16  -2.823150920392088e-17
3.15  -1.8234996111877144e-16  -2.548904845095527e-16
3.16  7.67005773169251e-17  -3.330009065767207e-16
3.17  3.1038525308173006e-16  -1.7423876536196658e-16
3.18  3.516366247359416e-16  1.0225560039278676e-16
3.19  1.7611718356106713e-16  3.26814588433743e-16
3.2  -1.2444354766493815e-16  3.5907122531527626e-16
3.21  -3.5604838594255407e-16  1.614723544915676e-16
3.22  -3.624287811701845e-16  -1.6132213739166264e-16
3.23  -1.5221792975867243e-16  -3.8723765582984113e-16
3.24  1.9105548318137655e-16  -4.0629103388578047e-16
3.25  4.214188358172767e-16  -1.7721005715303096e-16
3.2600000000000002  4.578924618587992e-16  1.7111129921096835e-16
3.27  2.2582772751234644e-16  5.024780347401042e-16
3.2800000000000002  -2.0787093837842604e-16  5.589858281108344e-16
3.29  -5.647108392935375e-16  2.428148314007492e-16
3.3000000000000003  -5.801697939608936e-16  -2.4438262911414274e-16
3.31  -2.0086130908298983e-16  -6.280023478155627e-16
3.3200000000000003  3.7195970671033365e-16  -5.860966272561441e-16
3.33  7.855111379892931e-16  -1.2774352336047322e-16
3.34  6.90651574088696e-16  5.321017062854795e-16
3.35  2.2533190167818626e-16  9.223657307079445e-16
3.36  -1.8807574055193498e-16  8.414617440095565e-16
3.37  -8.63129655362944e-17  6.59740765170025e-16
3.38  6.516496683389808e-16  1.21027954160019e-15
3.39  1.417946073888094e-15  3.426468280802345e-15
3.4  8.388353448394863e-16  8.28374781627205e-15
3.41  -3.493978794440144e-15  1.6485850617287925e-14
3.42  -1.5804984469987233e-14  2.8530535749223665e-14
3.43  -4.4209984735763105e-14  4.3654727877581816e-14
3.44  -1.0389066524495636e-13  5.636016579049463e-14
3.45  -2.2018724496611958e-13  4.7081525182924055e-14
3.46  -4.276201108094159e-13  -3.609676563135851e-14
3.47  -7.556877673822735e-13  -3.0985223729064456e-13
3.48  -1.1815027190163373e-12  -1.0036267059585058e-12
3.49  -1.51191120262348e-12  -2.512804317999849e-12
3.5  -1.1362816839685711e-12  -5.40932494778371e-12
3.5100000000000002  1.4181151170440816e-12  -1.0281623552245116e-11
3.52  9.147595138311445e-12  -1.7123812767376858e-11
3.5300000000000002  2.726109485469561e-11  -2.3772263035590897e-11
3.54  6.316597465304457e-11  -2.2676579137643812e-11
3.5500000000000003  1.239132970307432e-10  4.617902127446353e-12
3.56  2.0746563828093945e-10  9.480040591328711e-11
3.5700000000000003  2.8206812214592617e-10  3.080606729137011e-10
3.58  2.4751712154236235e-10  7.199108834920675e-10
3.59  -1.2201056049508167e-10  1.3753579866527922e-09
3.6  -1.23274189349614e-09  2.16552566768635e-09
3.61  -3.6542680807290205e-09  2.5807234870251336e-09
3.62  -7.877671840405686e-09  1.3291018466581155e-09
3.63  -1.3596089656421723e-08  -4.056089643628893e-09
3.64  -1.822504131222208e-08  -1.719327430642471e-08
3.65  -1.462411700659525e-08  -4.148509241816134e-08
3.66  1.116043189222567e-08  -7.594563151792802e-08
3.67  7.949285315419141e-08  -1.067887828442254e-07
3.68  2.0874600474099225e-07  -9.517320062527489e-08
3.69  3.913783812944656e-07  3.3119732702614176e-08
3.7  5.491490445113435e-07  3.802549596805023e-07
3.71  4.753753996215188e-07  1.023041921992654e-06
3.72  -1.965499155051723e-07  1.8815404571091766e-06
3.73  -1.9109932731736867e-06  2.5034799904676514e-06
3.74  -4.866872090793035e-06  1.8439548583646498e-06
3.75  -8.359428022892639e-06  -1.7220154284269146e-06
3.7600000000000002  -9.901601192582546e-06  -9.737966632297514e-06
3.77  -4.702080747329614e-06  -2.1919007631176007e-05
3.7800000000000002  1.329639834879462e-05  -3.333825989818755e-05
3.79  4.7283450142418174e-05  -3.18078614976876e-05
3.8000000000000003  8.969864586605237e-05  1.3593667838980035e-06
3.81  0.00011307172984003131  8.254106018591794e-05
3.8200000000000003  6.746114461350018e-05  0.00020574944222065533
3.83  -0.00010263220768607178  0.0003156000235143368
3.84  -0.00041091569599038856  0.00029175592326221043
3.85  -0.0007577622794466868  -2.209433812423538e-05
3.86  -0.0008759603932826425  -0.0007129574529598408
3.87  -0.00037386233612461846  -0.0016237836801432635
3.88  0.0010415079887486605  -0.0021997654113089585
3.89  0.0031640693107363505  -0.0015405562415770103
3.9  0.004904494336238763  0.0011444071134932236
3.91  0.0043306671821106224  0.00566679142953752
3.92  -0.00042945573445929506  0.009984048561511222
3.93  -0.009389498078999657  0.010183726213615588
3.94  -0.018858730615713817  0.002234798789334646
3.95  -0.021308930197761474  -0.014453640307477611
3.96  -0.008709681560102293  -0.0334028657294767
3.97  0.0207303990834436  -0.04078833142722591
3.98  0.05589309676037355  -0.021674149708410074
3.99  0.07249517188460923  0.027774775730602483
4.0  0.04448029271483634  0.08884252600117512
4.01  -0.03487782657204025  0.12070738407231803
4.0200000000000005  -0.13468490058041724  0.08065171102086789
4.03  -0.18932257938570757  -0.041280869992845526
4.04  -0.1329762374879829  -0.19527660480313005
4.05  0.046518935514873905  -0.28067281494306856
4.0600000000000005  0.271207973352101  -0.20230483411545067
4.07  0.39410436433924423  0.05075460734033907
4.08  0.28637789762430405  0.36098358098062977
4.09  -0.054889237807586616  0.5246985459605783
4.1  -0.4602547392693496  0.37916348658103083
4.11  -0.6626749996256096  -0.060273908220225894
4.12  -0.4711816044350481  -0.5614308560695713
4.13  0.06802288387107801  -0.7940082128536743
4.14  0.6540626662898523  -0.5510213015398562
4.15  0.9025009111543346  0.07819349784769064
4.16  0.6077830211349529  0.7262620314118866
4.17  -0.0892778463633001  0.9730224320140576
4.18  -0.7670578563189456  0.6337070429007063
4.19  -0.9950445579840154  -0.09839110006694914
4.2  -0.6260555090993379  -0.7691051521244123
4.21  0.10221114457567693  -0.9653053338949917
4.22  0.7308268809620366  -0.5875602471713569
4.23  0.8886322045406188  0.09829485725553372
4.24  0.5253378036975801  0.6571272109113474
4.25  -0.08614282444538007  0.7766227963393135
4.26  -0.5583159826098383  0.44879329373199434
4.2700000000000005  -0.6446969864916875  -0.06748823138979826
4.28  -0.367355249064067  -0.44759682986636196
4.29  0.04569053746891625  -0.5085870572343278
4.3  0.33802115647352615  -0.2887756900529942
4.3100000000000005  0.38137953678776504  0.02456392401468866
4.32  0.21832834797859954  0.23992351569597417
4.33  -0.007197881609642637  0.27181772725268716
4.34  -0.15952389357511934  0.15881389326791828
4.3500000000000005  -0.18399319594726846  0.004762698942496608
4.36  -0.11104412197233818  -0.09883857798110585
4.37  -0.011208148122443357  -0.11809135238795575
4.38  0.056573698609806544  -0.0744689703303674
4.39  0.07166075593835072  -0.013157918292178973
4.4  0.04773712360857743  0.029461556064886752
4.41  0.012146995908031283  0.04092574672321663
4.42  -0.013545510490043922  0.029119847631879747
4.43  -0.021839906053598698  0.009677302376394576
4.44  -0.01680846840131066  -0.005114607964366361
4.45  -0.00688486602904142  -0.010766751709374179
4.46  0.0012044174671965169  -0.009115744873248136
4.47  0.004808755127075359  -0.004439696584115441
4.48  0.004601597974598775  -0.00026786816580866014
4.49  0.002609963760960757  0.0018731495434968694
4.5  0.0006007934671550364  0.0021331613490955326
4.51  -0.0005784381455584833  0.0013985115605987517
4.5200000000000005  -0.000888498299773593  0.0005076530680838937
4.53  -0.0006791280948257851  -9.091242440709206e-05
4.54  -0.0003237661574683179  -0.00031885465652461666
4.55  -4.6380944699883635e-05  -0.0002949213176245533
4.5600000000000005  8.858657960691269e-05  -0.00017297577092802963
4.57  0.0001114267317477071  -5.7455799636028235e-05
4.58  7.940553156335567e-05  1.0973579687142965e-05
4.59  3.7432896248456096e-05  3.435943670759764e-05
4.6000000000000005  7.315462788649863e-06  3.1086134086246236e-05
4.61  -6.967474679391711e-06  1.8646095451053773e-05
4.62  -9.922986924937317e-06  7.279099317436012e-06
4.63  -7.534219472981122e-06  4.610802819316612e-07
4.64  -4.027113429387467e-06  -2.210706219009026e-06
4.65  -1.3649855110178107e-06  -2.415905981786003e-06
4.66  5.2251110461802586e-08  -1.6628736424951705e-06
4.67  5.329583823833126e-07  -8.346717219375258e-07
4.68  5.206579675129733e-07  -2.6748905587884246e-07
4.69  3.432837229958366e-07  1.5244352988101616e-08
4.7  1.703723589855169e-07  1.0546951613871203e-07
4.71  5.7242033622720376e-08  1.0099397343889955e-07
4.72  1.5992917676808939e-09  6.681257576860583e-08
4.73  -1.692787697750095e-08  3.428806844459065e-08
4.74  -1.7458851006568744e-08  1.2969207993825117e-08
4.75  -1.2110708140500304e-08  2.1396449595596777e-09
4.76  -6.646129671519092e-09  -1.9101928866796514e-09
4.7700000000000005  -2.893823423163328e-09  -2.565259181463997e-09
4.78  -8.563919468430708e-10  -1.9733423570547638e-09
4.79  2.0511778430279406e-11  -1.1903071040104964e-09
4.8  2.759726710176158e-10  -5.94641244144184e-10
4.8100000000000005  2.6809273672573356e-10  -2.3915272240847275e-10
4.82  1.8539448483345656e-10  -6.349419812623144e-11
4.83  1.062274766414073e-10  6.2796452933444615e-12
4.84  5.208702592504611e-11  2.4433097125381443e-11
4.8500000000000005  2.1385823927716486e-11  2.240743025155867e-11
4.86  6.489396997197418e-12  1.528860840011026e-11
4.87  4.45124319348178e-13  8.859666559418723e-12
4.88  -1.3568353038340143e-12  4.5208183117179116e-12
4.89  -1.4619288418726847e-12  2.0307856524875995e-12
4.9  -1.0728187435637975e-12  7.720987911519206e-13
4.91  -6.624497825291622e-13  2.122460193709763e-13
4.92  -3.6457296600025987e-13  2.0546064849472673e-15
4.93  -1.8223946657292031e-13  -5.4126841897428114e-14
4.94  -8.291804742821526e-14  -5.3186274828753867e-14
4.95  -3.4147858152255966e-14  -3.753846192222526e-14
4.96  -1.2714308772477396e-14  -2.2908541383315132e-14
4.97  -4.338716885765746e-15  -1.3260226250366671e-14
4.98  -1.1625249374271786e-15  -7.983197436445287e-15
4.99  4.4244122254720916e-16  -5.210935849487694e-15
5.0  1.6214460329960403e-15  -3.3202607330209483e-15
5.01  2.2939983246326122e-15  -1.5027042110649853e-15
5.0200000000000005  2.1271179262434437e-15  2.256875242247871e-16
5.03  1.1357234597223935e-15  1.4139731052694558e-15
5.04  -2.0738619155332663e-16  1.6611712005959536e-15
5.05  -1.2703380014579591e-15  1.0012823903336311e-15
5.0600000000000005  -1.551883621608544e-15  -1.5404344466725907e-16
5.07  -1.0009354456382982e-15  -1.1165547653131114e-15
5.08  1.8388068845603006e-17  -1.4217793609113626e-15
5.09  9.2703622556198e-16  -9.683226442915004e-16
5.1000000000000005  1.2444906216649453e-15  -5.4470317148093704e-17
5.11  8.406469964564862e-16  7.591149930826643e-16
5.12  6.036837696000067e-17  1.0097825353584455e-15
5.13  -5.780098622037204e-16  6.558989462555731e-16
5.14  -7.278899705371833e-16  3.816391645469624e-17
5.15  -4.2865017094811155e-16  -4.163336342604756e-16
5.16  2.5673907380568513e-17  -4.853756286181486e-16
5.17  3.0392355287288407e-16  -2.088607065681602e-16
5.18  2.3869795008086597e-16  9.783840395422866e-17
5.19  3.469443120497386e-19  2.0053403368873498e-16
5.2  -1.6341095212017851e-16  3.8163916271302965e-17
5.21  -1.1241008245465876e-16  -1.8596235693043973e-16
5.22  1.304512032541228e-16  -2.3644281025790076e-16
5.23  3.15025779471613e-16  -2.498001885103559e-17
5.24  2.5942788921732543e-16  2.609024093901546e-16
5.25  -3.9551706838232436e-17  3.9482306053686877e-16
5.26  -3.4625082602742403e-16  2.428179134876198e-16
5.2700000000000005  -4.260481208342524e-16  -1.200428747498177e-16
5.28  -1.961105496125414e-16  -4.02455867416461e-16
5.29  1.866561422251084e-16  -4.1633367764360087e-16
5.3  4.4408903435508536e-16  -1.3747692501600774e-16
5.3100000000000005  3.9690443932862143e-16  2.7061667911506393e-16
5.32  3.1571492063926274e-17  4.919672079473487e-16
5.33  -3.705376847634748e-16  3.2682116759623397e-16
5.34  -4.926626016126225e-16  -8.135996656577902e-17
5.3500000000000005  -2.5899582077371096e-16  -4.76704757000118e-16
5.36  2.279406345182559e-16  -4.954421564255625e-16
5.37  5.551095081476702e-16  -1.6333355593870226e-16
5.38  4.822525814770045e-16  3.4970376475988667e-16
5.39  2.4073766848747885e-17  6.400849057012639e-16
5.4  -5.00276940780027e-16  4.601765190946315e-16
5.41  -7.02170276775814e-16  -9.374493510146333e-17
5.42  -3.7216835199965027e-16  -5.971900248328495e-16
5.43  1.8998950415056005e-16  -6.456102438097124e-16
5.44  6.006110856222381e-16  -2.844264192235965e-16
5.45  5.683373055784662e-16  2.617774138199227e-16
5.46  1.3694180709029252e-16  5.508523133759636e-16
5.47  -2.9398286062226914e-16  3.9172280935983077e-16
5.48  -3.8080446968635007e-16  3.2983522313272497e-17
5.49  -2.029315999686464e-16  -1.8252563506263373e-16
5.5  -2.882143796362987e-17  -1.4044434631938463e-16
5.51  -4.309893795336075e-17  -4.328951165954484e-17
5.5200000000000005  -8.875426814962704e-17  -1.5863896379858559e-16
5.53  6.109017416204828e-17  -3.1617495411847004e-16
5.54  3.935229204370371e-16  -2.3722262833782457e-16
5.55  5.222098375818402e-16  1.9560147030281278e-16
5.5600000000000005  1.9423628573665138e-16  5.815198106625746e-16
5.57  -3.735831777609006e-16  5.196265293204518e-16
5.58  -6.376774327490912e-16  -1.418819068992626e-17
5.59  -3.25910984921064e-16  -5.124399934331834e-16
5.6000000000000005  2.5741735371377603e-16  -5.030321206789136e-16
5.61  5.177211900891645e-16  -1.4223382635439376e-17
5.62  2.3446128447237865e-16  4.2319206331359663e-16
5.63  -2.6984104533680714e-16  3.944291913222051e-16
5.64  -5.006919376710749e-16  -5.838990099276134e-17
5.65  -2.2809117340657597e-16  -4.916352350705287e-16
5.66  2.955647309002953e-16  -5.126090289910696e-16
5.67  6.3710355469727e-16  -9.443006339322925e-17
5.68  5.1983365045839e-16  4.516567256921024e-16
5.69  1.3008390533850182e-17  7.226284947409222e-16
5.7  -5.374478253806563e-16  5.158144385537283e-16
5.71  -7.772660048960547e-16  -3.6709681883357585e-17
5.72  -5.078715156054308e-16  -6.146203608872596e-16
5.73  1.1097811742729451e-16  -7.98644344318962e-16
5.74  6.673577766860741e-16  -4.524770459492522e-16
5.75  7.683381577521676e-16  1.9442024467343068e-16
5.76  3.3858553628492776e-16  6.898000326328666e-16
5.7700000000000005  -2.9957864416449027e-16  6.757494174968514e-16
5.78  -6.746458375980515e-16  1.8712470462262698e-16
5.79  -5.332588591905892e-16  -3.9410959763543034e-16
5.8  -4.591651098167311e-18  -6.253447887256185e-16
5.8100000000000005  4.710841595521832e-16  -3.4558027000249727e-16
5.82  5.18438562196184e-16  1.7917647445828076e-16
5.83  1.2561951075045218e-16  5.128893950004403e-16
5.84  -3.5768908536427316e-16  3.766828075552714e-16
5.8500000000000005  -5.243812082241343e-16  -1.0184937836820319e-16
5.86  -2.1144668846602942e-16  -5.108727082199633e-16
5.87  3.1318509645313337e-16  -4.871541341325626e-16
5.88  6.168419486958007e-16  -2.965814223021197e-17
5.89  4.088690542247797e-16  5.176960566047233e-16
5.9  -1.707356216521287e-16  6.754257105707014e-16
5.91  -6.748839053302496e-16  3.011831121274512e-16
5.92  -6.964681019166202e-16  -3.4504323505395684e-16
5.93  -1.8543522689383702e-16  -7.923024950722154e-16
5.94  5.01387016363875e-16  -6.7961012871632125e-16
5.95  8.485770380824371e-16  -5.420538781885288e-17
5.96  5.862742383314366e-16  6.233397649359099e-16
5.97  -8.266733910205232e-17  8.443117201185593e-16
5.98  -6.794975069514685e-16  4.858408167928595e-16
5.99  -7.967631740880822e-16  -1.9287132766975404e-16
6.0  -3.81821604709065e-16  -7.097951021484267e-16
6.01  2.728620528183928e-16  -7.387573589713126e-16
6.0200000000000005  7.119070446198865e-16  -2.8293598164360693e-16
6.03  6.790685464780768e-16  3.3042753382220836e-16
6.04  2.1432933039151778e-16  7.129784752494296e-16
6.05  -3.757369466016366e-16  6.394129460974277e-16
6.0600000000000005  -7.209477439050614e-16  1.599193099771015e-16
6.07  -6.175368197084123e-16  -4.125759623794852e-16
6.08  -1.3325463566615465e-16  -7.334990757848751e-16
6.09  4.377939432644751e-16  -6.132883724317127e-16
6.1000000000000005  7.647902699945855e-16  -1.1913108036991885e-16
6.11  6.332481503070575e-16  4.766488568076461e-16
6.12  1.092373218831125e-16  8.027152462435611e-16
6.13  -4.99239321874725e-16  6.556543072843615e-16
6.140000000000001  -8.290074675938662e-16  1.1116333318197162e-16
6.15  -6.728400909422382e-16  -5.103972540365241e-16
6.16  -1.1105386886433155e-16  -8.449678603244807e-16
6.17  5.224847181404876e-16  -6.775593796045261e-16
6.18  8.455633796421108e-16  -1.135136348446018e-16
6.19  6.641449926229138e-16  5.143844564753231e-16
6.2  9.916087488211797e-17  8.132710998800554e-16
6.21  -4.885297672626949e-16  6.246472876650073e-16
6.22  -7.509032948586895e-16  9.4554484583648e-17
6.23  -5.689228017959913e-16  -4.462861852097512e-16
6.24  -8.520046921717256e-17  -6.707593860914792e-16
6.25  3.8130088829999823e-16  -5.029528373812295e-16
6.26  5.866597445286106e-16  -9.090111390820714e-17
6.2700000000000005  4.520855618236172e-16  3.1562271781646994e-16
6.28  1.0237590369927264e-16  4.983047126514306e-16
6.29  -2.3911255167556515e-16  4.0705506228804634e-16
6.3  -4.146324218691545e-16  1.2599284071595745e-16
6.3100000000000005  -3.6115850110742306e-16  -1.6921292505354693e-16
6.32  -1.4019450426803874e-16  -3.298910166681434e-16
6.33  1.0127245537187625e-16  -3.01592322000484e-16
6.34  2.3978683547487284e-16  -1.54577835092905e-16
6.3500000000000005  2.4830219046582346e-16  2.3165736529251947e-17
6.36  1.6777225111979392e-16  1.4159468460544907e-16
6.37  6.020399628294789e-17  1.851600369811321e-16
6.38  -3.4810511298144864e-17  1.717300203354655e-16
6.390000000000001  -1.0473060425492874e-16  1.3302424197289359e-16
6.4  -1.5638547292188396e-16  6.807594300195143e-17
6.41  -1.8999008433072305e-16  -1.9511194841976458e-17
6.42  -1.8198441958779944e-16  -1.4800403005195727e-16
6.43  -7.25448968149162e-17  -2.737541720840997e-16
6.44  1.4650327111082676e-16  -3.025918726726797e-16
6.45  3.700922187385278e-16  -1.4947439925603106e-16
6.46  4.3205909916732806e-16  1.533680297809368e-16
6.47  2.279789843923707e-16  4.590424407781116e-16
6.48  -1.7750699526257252e-16  5.374364705058606e-16
6.49  -5.424062393079067e-16  2.8267962577958485e-16
6.5  -6.097716473083484e-16  -2.109900668510572e-16
6.51  -2.858171829985255e-16  -6.052022010934749e-16
6.5200000000000005  2.427694937884956e-16  -6.575991799322629e-16
6.53  6.550827544444025e-16  -2.9881970785902647e-16
6.54  6.823628977267745e-16  2.510150361178818e-16
6.55  3.032864074103172e-16  6.607011289167909e-16
6.5600000000000005  -2.661753050877317e-16  6.780632293020371e-16
6.57  -6.784938453520282e-16  2.9309400527269133e-16
6.58  -6.776834462521929e-16  -2.7480392414516107e-16
6.59  -2.756285495673702e-16  -6.664588828561633e-16
6.6000000000000005  2.811963619478819e-16  -6.639786782595421e-16
6.61  6.5945403545993e-16  -2.512154120081804e-16
6.62  6.139121203242315e-16  2.8536444565475377e-16
6.63  1.8697269737421775e-16  6.368559765044767e-16
6.640000000000001  -3.33967873083688e-16  5.475085734519075e-16
6.65  -5.993635463885787e-16  1.0564539523787126e-16
6.66  -4.491773067845822e-16  -3.7654426044902813e-16
6.67  8.663251025489427e-18  -5.669876610246219e-16
6.68  4.312439075605579e-16  -3.2217225254159344e-16
6.69  5.025355686599169e-16  1.5253713246207951e-16
6.7  1.6632916182801427e-16  4.796900762497177e-16
6.71  -3.1331238747240167e-16  3.9568456692099643e-16
6.72  -5.170713221745574e-16  -4.364182565204761e-17
6.73  -2.6053515007993545e-16  -4.741017251150014e-16
6.74  2.6324159762184664e-16  -5.257204674408058e-16
6.75  6.315481251748695e-16  -9.677922175819017e-17
6.76  4.999640392666154e-16  4.8061518245729e-16
6.7700000000000005  -1.0062808520233499e-16  7.558850434446011e-16
6.78  -7.28691029577889e-16  4.303734396723925e-16
6.79  -8.648304903370477e-16  -3.2980245066779823e-16
6.8  -3.2684976341354157e-16  -9.5505188960445e-16
6.8100000000000005  5.550033193739557e-16  -9.436140054211257e-16
6.82  1.1545604757139794e-15  -1.9177744749411805e-16
6.83  9.516207578665696e-16  7.854659679349177e-16
6.84  4.9096807145923956e-17  1.2761977957717064e-15
6.8500000000000005  -9.24135276567677e-16  8.935444950252478e-16
6.86  -1.2762930478608277e-15  -9.663669078801744e-17
6.87  -7.720912929458929e-16  -9.73171405726585e-16
6.88  1.6710359190188723e-16  -1.1793562208633998e-15
6.890000000000001  8.816865252876561e-16  -6.657564399447687e-16
6.9  9.85912045045957e-16  1.250259586654106e-16
6.91  5.80138410652025e-16  6.5241454945453015e-16
6.92  6.124969261510736e-17  7.614395363882994e-16
6.93  -3.333790178960806e-16  6.207096720204202e-16
6.94  -6.130382954206444e-16  3.4969272156162774e-16
6.95  -7.352915647828072e-16  -5.624044509583139e-17
6.96  -5.935757288204829e-16  -5.314719774486253e-16
6.97  -1.219212983513164e-16  -8.355139768675441e-16
6.98  4.777012466681324e-16  -7.335728919967976e-16
6.99  8.145468695606787e-16  -2.321857209725158e-16
7.0  7.321686579907276e-16  3.167540083812719e-16
7.01  3.5956737749548897e-16  6.245954099479068e-16
7.0200000000000005  -2.5539761961873068e-17  6.808936244274535e-16
7.03  -3.622983100779416e-16  5.946959468695028e-16
7.04  -6.907250514800669e-16  3.7769742546624783e-16
7.05  -9.30384065262145e-16  -9.032229117903319e-17
7.0600000000000005  -8.005930446673869e-16  -7.694886407294006e-16
7.07  -1.0960110036410191e-16  -1.2958456121462372e-15
7.08  9.030733018972307e-16  -1.1630315347203196e-15
7.09  1.6072752417704972e-15  -2.337878722678863e-16
7.1000000000000005  1.4160333883838035e-15  1.0146353614720264e-15
7.11  3.258586305310553e-16  1.7937128234096962e-15
7.12  -1.04789650902711e-15  1.5385914051769892e-15
7.13  -1.8402247249752756e-15  3.819185766055019e-16
7.140000000000001  -1.5787788919002162e-15  -9.895309471269889e-16
7.15  -4.4243833396660617e-16  -1.7726492750961028e-15
7.16  8.749315395045724e-16  -1.5392766881099163e-15
7.17  1.6367918136845776e-15  -5.00594792946141e-16
7.18  1.4689904361346823e-15  7.342472621593807e-16
7.19  5.370035831302068e-16  1.4716799277765698e-15
7.2  -5.88793941929771e-16  1.3581753743891775e-15
7.21  -1.2929837002716317e-15  5.30473375164885e-16
7.22  -1.2072689108538437e-15  -4.885979170337286e-16
7.23  -4.725169598779042e-16  -1.1276456510063446e-15
7.24  4.4186329252993416e-16  -1.0454123195278142e-15
7.25  9.852543572883169e-16  -3.662559298332388e-16
7.26  8.761871735712374e-16  4.377622384889745e-16
7.2700000000000005  2.325202315060161e-16  8.780317748475576e-16
7.28  -4.768924311698767e-16  7.1374622657493e-16
7.29  -8.008471785890939e-16  8.435970603670243e-17
7.3  -5.544753224769145e-16  -5.492222973456824e-16
7.3100000000000005  6.64582871366202e-17  -7.611830205749202e-16
7.32  6.371341229403502e-16  -4.365118493608391e-16
7.33  7.605369036907415e-16  2.178911453831523e-16
7.34  3.543605069215865e-16  7.654331378678023e-16
7.3500000000000005  -3.7473964680256745e-16  8.193198840112139e-16
7.36  -9.165000840251403e-16  3.1369551316254955e-16
7.37  -9.080964043727135e-16  -4.80568759351603e-16
7.38  -2.8775205709595734e-16  -1.0528567584986085e-15
7.390000000000001  5.962858442900228e-16  -1.0057929487787869e-15
7.4  1.2159011602944996e-15  -3.0006615156971144e-16
7.41  1.1049424364989396e-15  6.888496643323309e-16
7.42  2.935416921153873e-16  1.3277256978074727e-15
7.43  -7.768482358935399e-16  1.1895207783806953e-15
7.44  -1.4502932055977489e-15  2.968338514821405e-16
7.45  -1.269030971698677e-15  -8.50971980644216e-16
7.46  -2.856662663982558e-16  -1.5335768707934946e-15
7.47  9.597108839826325e-16  -1.2895456101939251e-15
7.48  1.6489437521256581e-15  -2.0254048688150916e-16
7.49  1.286123618068037e-15  1.1150332492204746e-15
7.5  2.4236320394995937e-17  1.7359728976615222e-15
7.51  -1.3771823671513538e-15  1.227432509495827e-15
7.5200000000000005  -1.939388041795894e-15  -2.3980704177945015e-16
7.53  -1.183477070356967e-15  -1.6257732766870262e-15
7.54  2.66434415288629e-16  -1.9689446509538886e-15
7.55  1.3098618902586438e-15  -1.1765770185973714e-15
7.5600000000000005  9.963441885131609e-16  -8.78233897582493e-17
7.57  -5.895027843837011e-16  -2.0064100155135582e-16
7.58  -2.2292518213220498e-15  -3.0099021643016864e-15
7.59  -1.7607460087125898e-15  -9.16088390955477e-15
7.6000000000000005  3.70296992507011e-15  -1.8694732342854736e-14
7.61  1.8421945641891646e-14  -3.146421559537948e-14
7.62  5.055100696237547e-14  -4.623602732371921e-14
7.63  1.1585326542120047e-13  -5.6729956276196734e-14
7.640000000000001  2.408939408102183e-13  -4.126627878153534e-14
7.65  4.612735932275234e-13  5.754112562908173e-14
7.66  8.041759526237489e-13  3.676534132379036e-13
7.67  1.2342041671335248e-12  1.137010409146004e-12
7.68  1.5228346214904943e-12  2.784719739298537e-12
7.69  9.80360884201682e-13  5.899588186667073e-12
7.7  -2.0168498245227646e-12  1.1042729479677386e-11
7.71  -1.0708121199731807e-11  1.8050397087513872e-11
7.72  -3.0606017980240407e-11  2.4304901351673713e-11
7.73  -6.929554241536173e-11  2.124492149777105e-11
7.74  -1.3335078778026562e-10  -1.144501310053293e-11
7.75  -2.1846685266335185e-10  -1.1322613040937118e-10
7.76  -2.868772783146189e-10  -3.4712439835569155e-10
7.7700000000000005  -2.2609724973813365e-10  -7.884909178680967e-10
7.78  2.097686605741561e-10  -1.4719686048538956e-09
7.79  1.4510092182621491e-09  -2.255053897850961e-09
7.8  4.077609795918658e-09  -2.553464712661982e-09
7.8100000000000005  8.533384304076777e-09  -9.473291746727136e-10
7.82  1.4325799683835077e-08  5.191457930126351e-09
7.83  1.843858114148741e-08  1.9570791009947813e-08
7.84  1.298424570731189e-08  4.534883630295515e-08
7.8500000000000005  -1.691429139350404e-08  8.049654279999295e-08
7.86  -9.207316922894322e-08  1.0881562065816094e-07
7.87  -2.293375297135813e-07  8.744870209687924e-08
7.88  -4.152117987484508e-07  -6.234273604242547e-08
7.890000000000001  -5.585780115707469e-07  -4.4378330121698033e-07
7.9  -4.332258341940374e-07  -1.1231588275398363e-06
7.91  3.452860386757599e-07  -1.9871742390869992e-06
7.92  2.214703700006491e-06  -2.5198658286440236e-06
7.930000000000001  5.30402220430206e-06  -1.5945030997782705e-06
7.94  8.734557811705177e-06  2.4585287128248007e-06
7.95  9.742095161060527e-06  1.1075237733265743e-05
7.96  3.2715253892593395e-06  2.3559765174947285e-05
7.97  -1.668030240727333e-05  3.419126672122066e-05
7.98  -5.2459400183978844e-05  2.9810915207217314e-05
7.99  -9.448474960835648e-05  -8.67750670072219e-06
8.0  -0.00011235696013128616  -9.618445929793657e-05
8.01  -5.396401746948559e-05  -0.0002220402738038875
8.02  0.00013422821109372723  -0.0003230471432838337
8.03  0.000455899873281457  -0.0002714656574221324
8.040000000000001  0.0007923562009076832  8.786202460825202e-05
8.05  0.0008554554696669019  0.000821867915354659
8.06  0.0002494337014143576  0.0017300922559055128
8.07  -0.0012807202165693288  0.0022050668143507013
8.08  -0.0034355372858457336  0.0013255948151456717
8.09  -0.005004123238271082  -0.0016302501373513
8.1  -0.0039916861911359095  -0.006282549204682838
8.11  0.001353416303039072  -0.010327123547110094
8.120000000000001  0.01066756059211592  -0.009698487697598238
8.13  0.019730389542180145  -0.0005742286820651901
8.14  0.020686466512822813  0.01692060106571542
8.15  0.005868738766034515  0.03529397087506879
8.16  -0.025202058708487348  0.04009140540359163
8.17  -0.05957168870035319  0.017020330711137874
8.18  -0.071853597408693  -0.03543290297749466
8.19  -0.037147708692315776  -0.09540178633667314
8.2  0.04731591667184297  -0.12030455515418799
8.21  0.14553055486001465  -0.06950577218292557
8.22  0.1893376225541852  0.060479430395392386
8.23  0.11660908853537544  0.2120135022296169
8.24  -0.07470545497123926  0.2811728569362747
8.25  -0.2954004784413371  0.17909526386335253
8.26  -0.39490727938792164  -0.0901150851492995
8.27  -0.2546542141882038  -0.3938029762803672
8.28  0.10713555725544917  -0.5252586047019653
8.290000000000001  0.5020830174780204  -0.33749237783814356
8.3  0.6620637953388709  0.12613286470691015
8.31  0.4187621533833273  0.6115419154148497
8.32  -0.1467789019651042  0.7910496855637148
8.33  -0.7105165757847309  0.48809908445110806
8.34  -0.8960634369635557  -0.16745252532916524
8.35  -0.5359439324511087  -0.7861012663275804
8.36  0.18508998480967365  -0.9623906562402684
8.370000000000001  0.8267914943393747  -0.5559039626194763
8.38  0.9802314684495788  0.1957663076514184
8.39  0.5462872976782854  0.8253504090312824
8.4  -0.19592073898989837  0.9471645673957649
8.41  -0.7809075583247399  0.5102459698358618
8.42  -0.8687042181650094  -0.18373776551691312
8.43  -0.45455351820669254  -0.6994465325085568
8.44  0.16002929273142846  -0.7567626554903764
8.45  0.5924189464555326  -0.3875987342406207
8.46  0.6266244435826076  0.12816938493159036
8.47  0.3174005636234893  0.47396129297919914
8.48  -0.09309887400533698  0.4935218631817245
8.49  -0.35770389729250607  0.2502654704559834
8.5  -0.3698709213105478  -0.059858614156333846
8.51  -0.19029148585586717  -0.2542033815686371
8.52  0.03227555866810403  -0.2637843040187346
8.53  0.16963910834436768  -0.13954260119046738
8.540000000000001  0.17890988925387258  0.012261523342677686
8.55  0.09854981320109207  0.10584787684816144
8.56  0.00016193158028412482  0.1152264689418904
8.57  -0.06131854144051971  0.06684366035327975
8.58  -0.0702802352091008  0.006311591893476143
8.59  -0.0433726614263314  -0.03258571867031417
8.6  -0.00810134236833919  -0.04042132546452986
8.61  0.015533739909228085  -0.02679216288379114
8.620000000000001  0.021777929519372564  -0.007405661505368
8.63  0.015664629505071796  0.006328734061888383
8.64  0.005679201086066033  0.010879116947256393
8.65  -0.0019104632844102036  0.008608383781856549
8.66  -0.00495440944500803  0.0038395567333161214
8.67  -0.0044070121171259765  -0.00012008429253268922
8.68  -0.002333093265403877  -0.0019933755651576723
8.69  -0.0004010884874638687  -0.002075816255809415
8.700000000000001  0.00065942625018603  -0.0012823831001263386
8.71  0.0008822026260056472  -0.0004123425108873272
8.72  0.0006364058148402061  0.0001383168046804363
8.73  0.00028220120029043977  0.00032630278617103717
8.74  2.1765380750931457e-05  0.0002822622866684079
8.75  -9.642719554615737e-05  0.00015679836495842046
8.76  -0.00010929554910072137  4.6083327348765694e-05
8.77  -7.404050548846954e-05  -1.604277126896134e-05
8.78  -3.2808654524435486e-05  -3.499570708882238e-05
8.790000000000001  -4.712967948459698e-06  -2.974676761731479e-05
8.8  7.827038482393843e-06  -1.704175761861994e-05
8.81  9.807223759145806e-06  -6.1624389658154414e-06
8.82  7.097005001671739e-06  6.879470609427729e-08
8.83  3.629001599814077e-06  2.3351720529824624e-06
8.84  1.122483583879813e-06  2.3497972637726366e-06
8.85  -1.5410709593589172e-07  1.552286899631026e-06
8.86  -5.500743222006805e-07  7.470441838132794e-07
8.870000000000001  -5.026263052723689e-07  2.1802363171638183e-07
8.88  -3.194595617227181e-07  -3.481972741265632e-08
8.89  -1.526728148525808e-07  -1.083889890125811e-07
8.9  -4.7508146511828636e-08  -9.742187618080878e-08
8.91  2.2965236895315655e-09  -6.230823253790957e-08
8.92  1.76575748193214e-08  -3.0967677485099074e-08
8.93  1.694214407290534e-08  -1.1110556413242677e-08
8.94  1.1369372445238501e-08  -1.3427813459233884e-09
8.950000000000001  6.073110002825094e-09  2.1210982253591638e-09
8.96  2.5550678139224515e-09  2.5289564561416233e-09
8.97  6.958577126892819e-10  1.8734140247791966e-09
8.98  -7.71589012734525e-11  1.102591960788768e-09
8.99  -2.841081605219065e-10  5.378482377353666e-10
9.0  -2.5944099299457513e-10  2.0899624045278564e-10
9.01  -1.7450418922371203e-10  5.03413480172632e-11
9.02  -9.800551386066059e-11  -1.0524177883330933e-11
9.03  -4.711216564437515e-11  -2.4849065426851837e-11
9.040000000000001  -1.8823445645070604e-11  -2.1614301494443655e-11
9.05  -5.367988996016205e-12  -1.4392433425602924e-11
9.06  -5.685148532497214e-14  -8.20013154601007e-12
9.07  1.4285074859121671e-12  -4.12061790938667e-12
9.08  1.4259829428375782e-12  -1.8185352529398459e-12
9.09  1.0180458906439153e-12  -6.724397948187918e-13
9.1  6.182397475906769e-13  -1.7157386622557188e-13
9.11  3.355537771471481e-13  1.114715958427926e-14
9.120000000000001  1.6523943671686866e-13  5.597553670577641e-14
9.13  7.387025019456288e-14  5.10269777820306e-14
9.14  3.0084268409780744e-14  3.4508658951213754e-14
9.15  1.1693597479212847e-14  2.0437297687525335e-14
9.16  4.895042704513031e-15  1.201504173931098e-14
9.17  2.057078465901509e-15  8.061606937561002e-15
9.18  -1.242062008789526e-16  6.157921395024269e-15
9.19  -2.222354245074362e-15  4.3135633953658e-15
9.200000000000001  -3.5006719745225145e-15  1.8277913904635487e-15
9.21  -3.2761987567311277e-15  -8.159271869267747e-16
9.22  -1.6096499133592313e-15  -2.6019117416182655e-15
9.23  6.378144540303567e-16  -2.815456201510284e-15
9.24  2.3252233471992662e-15  -1.549455008742311e-15
9.25  2.6638413697097e-15  4.2570114100529316e-16
9.26  1.6108642197906012e-15  2.030949193544205e-15
9.27  -1.6271706204843336e-16  2.4636542805828165e-15
9.28  -1.6901410826441764e-15  1.6011497683271513e-15
9.290000000000001  -2.1533989869030674e-15  1.630640067690197e-17
9.3  -1.440514374448978e-15  -1.323247067470083e-15
9.31  -1.0477729794529214e-16  -1.7447848721294178e-15
9.32  1.0276501871771131e-15  -1.169550567491695e-15
9.33  1.347186251462356e-15  -7.632783292505474e-17
9.34  8.268559448605729e-16  7.785438960452565e-16
9.35  -2.4286128594356486e-17  9.377915111540632e-16
9.36  -5.856426453619872e-16  4.58617519024405e-16
9.370000000000001  -5.745404150140897e-16  -1.6341095134224683e-16
9.38  -1.0651202101329362e-16  -4.565792187362707e-16
9.39  3.3688329976845795e-16  -2.4008572886415813e-16
9.4  3.5318970100959827e-16  2.289834991515475e-16
9.41  -6.036837466851628e-17  4.791306245762936e-16
9.42  -5.110495319813466e-16  2.5535129651538736e-16
9.43  -5.745404081475395e-16  -3.0322966209645846e-16
9.44  -1.2351229906657704e-16  -7.223388525828215e-16
9.450000000000001  4.982126039740656e-16  -5.936223679624148e-16
9.46  8.305856379272656e-16  -6.938782246502353e-19
9.47  5.471318492209296e-16  6.487866029959932e-16
9.48  -1.6583945339484614e-16  8.579942787498031e-16
9.49  -7.653598104001776e-16  4.1824192802929714e-16
9.5  -7.906866496438597e-16  -3.1641336192465967e-16
9.51  -2.281156330540965e-16  -8.132379621841276e-16
9.52  5.238872819437023e-16  -6.425407753066324e-16
9.53  8.430767991098783e-16  6.036993545878316e-17
9.540000000000001  4.624789448763957e-16  7.487096250499659e-16
9.55  -3.580448609828361e-16  8.288564155550677e-16
9.56  -9.353609684269324e-16  1.8604829639925704e-16
9.57  -7.639720449449609e-16  -6.914431196219817e-16
9.58  9.809307682200035e-17  -1.089029504002889e-15
9.59  9.49220886916178e-16  -6.216766039629388e-16
9.6  1.1518053540523918e-15  3.749470426258959e-16
9.61  4.837767915989091e-16  1.1505702378323079e-15
9.620000000000001  -5.817083510862397e-16  1.1550995691557246e-15
9.63  -1.264693588591182e-15  3.2353750806992024e-16
9.64  -1.077611168982728e-15  -7.095356874933319e-16
9.65  -1.7716087186075943e-16  -1.2262455819129228e-15
9.66  6.923876263502438e-16  -9.10888221888169e-16
9.67  1.0177080709198488e-15  -1.1719262984174438e-16
9.68  6.996032567814081e-16  5.426872135137958e-16
9.69  1.394635679501181e-16  7.201198816459547e-16
9.700000000000001  -2.6955758270246335e-16  5.492403056449697e-16
9.71  -4.317567863669233e-16  2.924757810808264e-16
9.72  -5.2031878686957625e-16  4.430960446725298e-17
9.73  -5.292200586226203e-16  -2.847857416247516e-16
9.74  -2.818433490108075e-16  -6.455879018916655e-16
9.75  2.838703851384197e-16  -7.159583436745035e-16
9.76  7.8084958609375e-16  -2.842778074313492e-16
9.77  7.272195450562237e-16  4.328288322295424e-16
9.78  7.68401428308671e-17  8.353812136195908e-16
9.790000000000001  -6.142466175488189e-16  5.328703277113092e-16
9.8  -7.619029399895547e-16  -2.1044384150162257e-16
9.81  -2.1903620234920056e-16  -7.324459183272534e-16
9.82  5.04243510914966e-16  -5.604938977129818e-16
9.83  7.486948051038219e-16  1.2355728068356548e-16
9.84  3.2607715449120856e-16  7.124037437850541e-16
9.85  -4.0762342452903567e-16  7.16367448025034e-16
9.86  -8.500518159598208e-16  1.191155571644287e-16
9.870000000000001  -6.638907535309561e-16  -6.125068405870867e-16
9.88  4.264945895089936e-17  -9.482565853996444e-16
9.89  7.720790334401307e-16  -6.105802704840476e-16
9.9  9.969211939571259e-16  1.8112836937340714e-16
9.91  5.385760544343607e-16  8.897228614508444e-16
9.92  -3.300778138734047e-16  9.9655620766082e-16
9.93  -9.76512470483206e-16  3.891442304422839e-16
9.94  -9.150886978185474e-16  -5.040788587070217e-16
9.950000000000001  -1.662528202764631e-16  -1.011371139847004e-15
9.96  6.893171249500498e-16  -7.302272821956788e-16
9.97  9.74319463973104e-16  1.142692588602749e-16
9.98  4.657087997588961e-16  8.537554653350662e-16
9.99  -4.350478013730728e-16  8.7009361746029e-16
10.0  -9.862591499347176e-16  1.4315457367565347e-16
10.01  -7.070728325358458e-16  -7.450237075389036e-16
10.02  2.044980097025243e-16  -1.0367873613289128e-15
10.03  9.994079196357091e-16  -4.617733588477697e-16
10.040000000000001  1.0100101075808754e-15  5.471670835144944e-16
10.05  1.8306492853427845e-16  1.18673895329112e-15
10.06  -8.5989752240266e-16  9.012712991626527e-16
10.07  -1.2846586208911964e-15  -1.278241907172626e-16
10.08  -7.208810388426049e-16  -1.110750400883967e-15
10.09  4.223657077931908e-16  -1.2907026967817938e-15
10.1  1.2874281052550108e-15  -4.825651511926221e-16
10.11  1.1877573516089843e-15  6.975977367772733e-16
10.120000000000001  2.1202409944391703e-16  1.3623235706107162e-15
10.13  -8.9688596880856e-16  1.0131436629872538e-15
10.14  -1.333621121297293e-15  -6.21109562533705e-17
10.15  -7.84850831826663e-16  -1.0610650778115598e-15
10.16  3.19625892127567e-16  -1.2519764331755528e-15
10.17  1.1648549983277741e-15  -5.385043695859309e-16
10.18  1.1586439574675383e-15  5.505840965505048e-16
10.19  3.294245181473517e-16  1.231168822442954e-15
10.200000000000001  -7.162665891673019e-16  1.0502102554148068e-15
10.21  -1.2591500517646836e-15  1.4770844107804644e-16
10.22  -9.459641002062616e-16  -8.459023964301478e-16
10.23  -1.0032527454871462e-17  -1.2745512762229406e-15
10.24  9.288900378710127e-16  -8.7410390187172685e-16
10.25  1.2805388895319046e-15  7.461794707410622e-17
10.26  8.472187057594674e-16  9.831206799017347e-16
10.27  -1.136445691296131e-16  1.3031649600296507e-15
10.28  -1.0153737707313584e-15  8.444348744728475e-16
10.290000000000001  -1.3265382074529056e-15  -1.2166091375506596e-16
10.3  -8.657961526020225e-16  -1.0248171203259815e-15
10.31  9.75631180188922e-17  -1.3474832766528568e-15
10.32  1.0221912139124128e-15  -8.934371410209484e-16
10.33  1.3554955775066827e-15  7.964016464902991e-17
10.34  9.098292227725733e-16  1.0075631750571981e-15
10.35  -6.574552175456483e-17  1.3477296333685057e-15
10.36  -1.0054739332803637e-15  8.953304071523802e-16
10.370000000000001  -1.3321879715400405e-15  -8.34970608441681e-17
10.38  -8.680624169704658e-16  -9.984516543072689e-16
10.39  1.1911063073881294e-16  -1.2994793530323842e-15
10.4  9.925531662043791e-16  -7.987834278480853e-16
10.41  1.2319595385580294e-15  1.5986920159821888e-16
10.42  7.16643247602034e-16  9.625115926558734e-16
10.43  -1.7591319357144227e-16  1.141612513808923e-15
10.44  -9.001207944134389e-16  6.513490150831207e-16
10.450000000000001  -1.053689025294397e-15  -1.7244582781225137e-16
10.46  -5.926439310337058e-16  -8.239808085293478e-16
10.47  1.3978587297101906e-16  -9.589336916500104e-16
10.48  7.340182007431476e-16  -5.753444197436525e-16
10.49  8.855385868700294e-16  8.132893853210131e-17
10.5  5.5151374580929465e-16  6.309152086723133e-16
10.51  -2.242826803819524e-17  7.857323627915968e-16
10.52  -5.123021121689956e-16  5.250199503916421e-16
10.53  -6.721259865046017e-16  3.999244548683823e-17
10.540000000000001  -4.810223616509533e-16  -3.795426935474287e-16
10.55  -9.593680764292498e-17  -5.334612770770088e-16
10.56  2.3614827479870613e-16  -4.087098974455238e-16
10.57  3.735982892684418e-16  -1.4262773907937418e-16
10.58  3.170050797160011e-16  8.010798216307031e-17
10.59  1.9347120686599825e-16  1.8381444493183922e-16
10.6  9.5562975497323e-17  2.1013001155539315e-16
10.61  2.7615057525502035e-17  2.456201623970537e-16
10.620000000000001  -1.0458471936505523e-16  2.867085966626974e-16
10.63  -3.097409885891177e-16  2.3490333472670237e-16
10.64  -4.815329517557455e-16  -2.8705127201998547e-18
10.65  -4.355952078322115e-16  -3.7394253118030957e-16
10.66  -8.083938145791271e-17  -6.671349278586299e-16
10.67  4.530045691561514e-16  -6.063803527346749e-16
10.68  8.250512365919717e-16  -1.3259457220899953e-16
10.69  7.26597576663051e-16  5.447714217390258e-16
10.700000000000001  1.3643630489582264e-16  9.677275474480854e-16
10.71  -6.307220897901695e-16  8.204896505267872e-16
10.72  -1.0813121743001946e-15  1.213644549598062e-16
10.73  -8.767926507056485e-16  -7.18816426891533e-16
10.74  -1.0130386997971037e-16  -1.1654087303781582e-15
10.75  7.803652837745801e-16  -8.976915194736532e-16
10.76  1.2092256448765389e-15  -5.61659737463528e-17
10.77  9.024701306033552e-16  8.403765644274952e-16
10.78  2.928020656126096e-17  1.2557450172218585e-15
10.790000000000001  -9.03453482395599e-16  9.129838690227678e-16
10.8  -1.3012382607963112e-15  -3.6685331887172137e-17
10.81  -8.682946681208769e-16  -9.779070191005397e-16
10.82  1.454979357762757e-16  -1.3075216342747843e-15
10.83  1.06254525031152e-15  -7.822992195906558e-16
10.84  1.2729233005604087e-15  2.5563649305887436e-16
10.85  6.510357800415953e-16  1.0940572345364215e-15
10.86  -3.9444883152850517e-16  1.1795832642420565e-15
10.870000000000001  -1.121735473931368e-15  4.616036604453067e-16
10.88  -1.040532680480631e-15  -5.537713268113302e-16
10.89  -2.0064051864860258e-16  -1.1374247596625373e-15
10.9  7.706753948506821e-16  -8.313915359879138e-16
10.91  1.1032680912780133e-15  1.3144399822858887e-16
10.92  5.527756353863603e-16  9.864348828602852e-16
10.93  -4.95066197757598e-16  1.0369078249404135e-15
10.94  -1.1877466943063432e-15  2.156750279073229e-16
10.950000000000001  -9.334627874191164e-16  -8.91146561546096e-16
10.96  1.7068409015104697e-16  -1.3977906310560462e-15
10.97  1.3106095377952662e-15  -7.946753147759329e-16
10.98  1.5690715525467402e-15  5.903641607637781e-16
10.99  5.834253322619254e-16  1.7294831399156178e-15
11.0  -1.0169886906301299e-15  1.680448735847155e-15
11.01  -2.065965314576998e-15  3.4511644317360737e-16
11.02  -1.695886382127882e-15  -1.3997523234156418e-15
11.03  -6.55133850724452e-17  -2.2583149763948853e-15
11.040000000000001  1.6782309354183312e-15  -1.5695535041534045e-15
11.05  2.2888810268671214e-15  2.0578055338460847e-16
11.06  1.3641098318433987e-15  1.7960002414760593e-15
11.07  -3.7615314583923247e-16  2.1324242280936964e-15
11.08  -1.698325603447784e-15  1.1286886486317926e-15
11.09  -1.8312605637968364e-15  -3.8667972202274596e-16
11.1  -9.500327520601697e-16  -1.3842345698550752e-15
11.11  1.8497178966262778e-16  -1.4642616795109231e-15
11.120000000000001  9.31121415833996e-16  -8.853841691954788e-16
11.13  1.1191413179054905e-15  -1.3646159215298892e-16
11.14  8.997209969767034e-16  4.649857169750872e-16
11.15  4.650914896937041e-16  8.317027957157237e-16
11.16  -7.086217575600253e-17  9.210282992037151e-16
11.17  -5.56522006949388e-16  7.09030405084368e-16
11.18  -8.388820502402407e-16  2.8682307635163544e-16
11.19  -8.75999919905384e-16  -2.0192195495715896e-16
11.200000000000001  -6.65645563445979e-16  -6.510871552687712e-16
11.21  -2.48038683650318e-16  -9.97737956555345e-16
11.22  4.12108540705327e-16  -1.1082500392604169e-15
11.23  1.1651015313992514e-15  -7.574762531287095e-16
11.24  1.6159808469921013e-15  1.7694239382043654e-16
11.25  1.26224208774652e-15  1.3774697914629111e-15
11.26  2.6585919652773207e-18  2.1096301401192047e-15
11.27  -1.5874913111165546e-15  1.6880418797333768e-15
11.28  -2.484946728434955e-15  1.2222298013764563e-16
11.290000000000001  -1.9816328394869695e-15  -1.7496356465884444e-15
11.3  -2.0376051911500327e-16  -2.7416745328724423e-15
11.31  1.8039501165321513e-15  -2.161992793298251e-15
11.32  2.8222646922097652e-15  -2.9729312442627623e-16
11.33  2.2370226445218605e-15  1.727301816409165e-15
11.34  4.2323366198678673e-16  2.7619513714292136e-15
11.35  -1.5636949871449521e-15  2.2583834034915007e-15
11.36  -2.619811608727277e-15  5.56604723157599e-16
11.370000000000001  -2.213171452460636e-15  -1.3625219739646023e-15
11.38  -6.463668588851542e-16  -2.431867614851881e-15
11.39  1.1678630052498885e-15  -2.1185650360641605e-15
11.4  2.2267832967059197e-15  -6.913471192405738e-16
11.41  1.9887984976180532e-15  1.0246830341385256e-15
11.42  6.476484366127942e-16  2.0289490430926244e-15
11.43  -9.449772412259959e-16  1.7994789039180426e-15
11.44  -1.8417633400794256e-15  5.491852074182159e-16
11.450000000000001  -1.5767206679382503e-15  -9.07632046874389e-16
11.46  -3.873933555671695e-16  -1.68533452568242e-15
11.47  9.464029712896839e-16  -1.3407855422253926e-15
11.48  1.5560830802077923e-15  -1.7173353433157857e-16
11.49  1.0947081396827785e-15  1.0329001436451453e-15
11.5  -8.166541920825818e-17  1.4593263747787952e-15
11.51  -1.1614841739086799e-15  8.647308137472822e-16
11.52  -1.4107490381377194e-15  -3.3474399465594213e-16
11.53  -6.487079868206603e-16  -1.322439290984009e-15
11.540000000000001  6.243998101788768e-16  -1.3957383032138582e-15
11.55  1.5157238696222392e-15  -4.57080295947796e-16
11.56  1.4025679058975448e-15  8.766086095878842e-16
11.57  3.0516955364027267e-16  1.7129817209773158e-15
11.58  -1.1252734103300425e-15  1.442185291783834e-15
11.59  -1.890352973952952e-15  1.8104015447865916e-16
11.6  -1.5103149694081094e-15  -1.2977271008391845e-15
11.61  -1.0909697274751426e-16  -2.0547838494109366e-15
11.620000000000001  1.4444961440807333e-15  -1.550728627373072e-15
11.63  2.1695944935649498e-15  -5.400855928201332e-17
11.64  1.6128556197229768e-15  1.5759268131809977e-15
11.65  -4.6448113977044395e-17  2.2908267292496513e-15
11.66  -1.7338154002150426e-15  1.5969230886826048e-15
11.67  -2.391312662585744e-15  -1.8561872477869698e-16
11.68  -1.4949611974787287e-15  -1.9701208362547026e-15
11.69  4.702809449301842e-16  -2.5114513873994194e-15
11.700000000000001  2.2891908161133386e-15  -1.3447276322692961e-15
11.71  2.6457488270060633e-15  8.590340019873263e-16
11.72  1.2131968374716746e-15  2.6258167052071915e-15
11.73  -1.0714727497248052e-15  2.715169675846075e-15
11.74  -2.421738761196344e-15  1.0447038944275793e-15
11.75  -1.6448352731938454e-15  -8.341251984084426e-16
11.76  9.550608983585104e-16  -7.986064960190403e-16
11.77  3.3525004365537794e-15  2.856277895174722e-15
11.78  2.71520119738399e-15  1.0423331348440865e-14
11.790000000000001  -4.244736539272366e-15  2.1321232017668257e-14
11.8  -2.1695471564544883e-14  3.459938059159892e-14
11.81  -5.774112353047538e-14  4.856780094497292e-14
11.82  -1.287910492289245e-13  5.6335331351973906e-14
11.83  -2.62867686658157e-13  3.392076528802829e-14
11.84  -4.965135331850008e-13  -8.22314074385904e-14
11.85  -8.538753900222226e-13  -4.3223062945176355e-13
11.86  -1.285092219877795e-12  -1.283424688805737e-12
11.870000000000001  -1.5221307708016445e-12  -3.079100039219808e-12
11.88  -7.885550733231826e-13  -6.422105838428789e-12
11.89  2.7010372340387386e-12  -1.183588849066642e-11
11.9  1.2440215570858596e-11  -1.8972774703539418e-11
11.91  3.4244359172514e-11  -2.4707296669663227e-11
11.92  7.583294697501617e-11  -1.937612690544723e-11
11.93  1.431568018159439e-10  1.931756732941141e-11
11.94  2.2929989391143235e-10  1.3369097538660939e-10
11.950000000000001  2.898416944759073e-10  3.8946359973090194e-10
11.96  1.99073363039499e-10  8.610528002772609e-10
11.97  -3.098611739001079e-10  1.570673282974937e-09
11.98  -1.6909791831833255e-09  2.338084534648185e-09
11.99  -4.530548199395101e-09  2.4981080098898462e-09
12.0  -9.213027080988996e-09  4.964593967138599e-10
12.01  -1.503552426912997e-08  -6.455586785224176e-09
12.02  -1.8512260127222427e-08  -2.2131997054674188e-08
12.030000000000001  -1.0972039337971979e-08  -4.937614528448922e-08
12.040000000000001  2.3376521458830403e-08  -8.497529191349023e-08
12.05  1.0565733636674343e-07  -1.1011631989171074e-07
12.06  2.507841414543584e-07  -7.776024645874089e-08
12.07  4.3855928844477577e-07  9.521260997532144e-08
12.08  5.640375023234173e-07  5.121735913873853e-07
12.09  3.809986143813233e-07  1.226669562350603e-06
12.1  -5.113739807128427e-07  2.088461812797173e-06
12.11  -2.5386920155494502e-06  2.5143176716556578e-06
12.120000000000001  -5.748969977652661e-06  1.2961591553510576e-06
12.13  -9.075102505002432e-06  -3.2687652009105595e-06
12.14  -9.4677106222595e-06  -1.2479306807706093e-05
12.15  -1.6266755759547688e-06  -2.5181748836929573e-05
12.16  2.0326131343851443e-05  -3.4819167328413034e-05
12.17  5.7760645819665286e-05  -2.7278608129392003e-05
12.18  9.892545944943327e-05  1.6791776162242868e-05
12.19  0.00011045992923653648  0.00011049546770062864
12.200000000000001  3.838269665688531e-05  0.00023803438699939694
12.21  -0.00016806644226656248  0.0003281632307817863
12.22  -0.0005013499589948302  0.00024627450745023
12.23  -0.0008228573321146703  -0.00015982127996356686
12.24  -0.0008243650323450178  -0.000934056485945292
12.25  -0.00010987454962630713  -0.0018301199934937743
12.26  0.0015309259908159142  -0.002189060832354306
12.27  0.00369902778066306  -0.0010768291567243642
12.280000000000001  0.005063343960898183  0.0021451894388538595
12.290000000000001  0.0035824077556788876  0.0068914198251046905
12.3  -0.0023445703835115457  0.01059732250655486
12.31  -0.01194702427295454  0.009075655819279261
12.32  -0.020475976242541685  -0.0012270239940980036
12.33  -0.019808667488426888  -0.019411439332662574
12.34  -0.0027557584751964227  -0.03697419159336322
12.35  0.02974335282364204  -0.03894312217535458
12.36  0.06290687031454306  -0.011875812325552314
12.370000000000001  0.07044993833374168  0.04323862259194605
12.38  0.028984969294591198  0.10141412526866381
12.39  -0.060015791275744315  0.11867137321579307
12.4  -0.15552309730959504  0.057039005027536
12.41  -0.18745380238547116  -0.08008250502779879
12.42  -0.09826356892530118  -0.2274497279376433
12.43  0.1034414024503684  -0.27887489696795714
12.44  0.31766430688370995  -0.15309652936064094
12.450000000000001  0.39178148271410795  0.13012401948945732
12.46  0.21923268361860743  0.42385920256419835
12.47  -0.16001914826818375  0.5205741365193406
12.48  -0.5401129438718049  0.29121728562139454
12.49  -0.6548120918575897  -0.19244365255161433
12.5  -0.3609683892799858  -0.6566745447087446
12.51  0.225588260437086  -0.7801332023332778
12.52  0.7607806602254156  -0.4193049866963712
12.530000000000001  0.8806156323728619  0.2561641053928683
12.540000000000001  0.4581099239700137  0.838667696623034
12.55  -0.27962306359084893  0.9421323173019552
12.56  -0.8784704395899713  0.4723898892706587
12.57  -0.955719824331021  -0.2911210682194545
12.58  -0.46144817592767606  -0.873199655051161
12.59  0.2869966359279054  -0.9198097480770662
12.6  0.8227559741706933  -0.42873705326964046
12.61  0.8405155961050904  0.2661745070388424
12.620000000000001  0.3805348703889285  0.7341721353564146
12.63  -0.23083161522310236  0.7299036788778213
12.64  -0.6199270615365156  0.32407368456378
12.65  -0.6029357970241985  -0.18596635945441187
12.66  -0.2658674473733754  -0.4949269924557793
12.67  0.13802777396800536  -0.4741763074769117
12.68  0.37321427936543383  -0.21073860153722182
12.69  0.35525323516140545  0.0931832441656886
12.700000000000001  0.1616193163151501  0.26543404068685844
12.71  -0.055901560124225036  0.2535907928170451
12.72  -0.17764373268657344  0.11987490743562013
12.73  -0.1723860035285705  -0.02829206804296256
12.74  -0.08580101579207665  -0.1114717080550878
12.75  0.010252562739226402  -0.11143668259039573
12.76  0.065200257041935  -0.05904760028713492
12.77  0.06832701268791357  0.00016271249935178868
12.780000000000001  0.038889597766572616  0.03519966361420963
12.790000000000001  0.004257331948506116  0.039574812523518216
12.8  -0.017236215423346496  0.024381483338481055
12.81  -0.02151913203489715  0.005233291371740615
12.82  -0.014463944812643398  -0.007391727987585053
12.83  -0.0045167063491452055  -0.010882776434621764
12.84  0.0025414672708511162  -0.00806372496069784
12.85  0.005042725526296675  -0.0032549013396158235
12.86  0.0041893019092861476  0.00047339933102582415
12.870000000000001  0.002059765425961774  0.00208492062683592
12.88  0.00021599508879594222  0.0020050398370497035
12.89  -0.0007269360851705209  0.0011656352546054974
12.9  -0.0008686454906330307  0.00032248582468301926
12.91  -0.0005922214880562563  -0.00017984750013303326
12.92  -0.0002423059150814179  -0.00033012080557546494
12.93  5.234600417666769e-07  -0.0002684143871904068
12.94  0.00010260449408733518  -0.00014093579996808867
12.950000000000001  0.0001064377285744979  -3.5519119073127575e-05
12.96  6.861405557566491e-05  2.042306238311288e-05
12.97  2.8411043136271007e-05  3.5259148599811264e-05
12.98  2.3620600722685376e-06  2.8301671493174628e-05
12.99  -8.521423273025533e-06  1.547444133837934e-05
13.0  -9.621194275356502e-06  5.1226519704955856e-06
13.01  -6.650959168157285e-06  -5.35716684564938e-07
13.02  -3.247741906911746e-06  -2.4250213693670367e-06
13.030000000000001  -8.998998613974144e-07  -2.271907500898604e-06
13.040000000000001  2.421674740071822e-07  -1.4422607384691201e-06
13.05  5.604699402193477e-07  -6.640776221734273e-07
13.06  4.826875273080886e-07  -1.7297452491781345e-07
13.07  2.9602761559624493e-07  5.1612429776554115e-08
13.08  1.3599682427696373e-07  1.1003897273410834e-07
13.09  3.8653200661563364e-08  9.351601578874713e-08
13.1  -5.660336061408949e-09  5.788819837405923e-08
13.11  -1.814647810419179e-08  2.783725766165174e-08
13.120000000000001  -1.6357609955268416e-08  9.411714917975049e-09
13.13  -1.0636886677538316e-08  6.432178556708274e-10
13.14  -5.529751460984361e-09  -2.2860718064225685e-09
13.15  -2.242659139254852e-09  -2.4774231671340075e-09
13.16  -5.521421640481295e-10  -1.7724697168319816e-09
13.17  1.252358464327863e-10  -1.0184398259623084e-09
13.18  2.888437784093201e-10  -4.848395172320219e-10
13.19  2.4997818502681123e-10  -1.8149355811639125e-10
13.200000000000001  1.6380795279241634e-10  -3.868255828501366e-11
13.21  9.020590411787377e-11  1.4072533763287435e-11
13.22  4.249415238091747e-11  2.5010766287886233e-11
13.23  1.649010509033582e-11  2.0769354291960698e-11
13.24  4.370255806546154e-12  1.3516759239662335e-11
13.25  -2.7427634816112815e-13  7.574951863681401e-12
13.26  -1.4784434093639825e-12  3.748270227185713e-12
13.27  -1.3844014476460658e-12  1.6240467737987933e-12
13.280000000000001  -9.635977779587362e-13  5.825492865874098e-13
13.290000000000001  -5.757815231544066e-13  1.3572320350929707e-13
13.3  -3.0815122589039647e-13  -2.2120326403919104e-14
13.31  -1.4944850912357254e-13  -5.68265920430917e-14
13.32  -6.57467136289105e-14  -4.847337808921879e-14
13.33  -2.6736078628797854e-14  -3.147622136892352e-14
13.34  -1.1128424570740502e-14  -1.8229341647301192e-14
13.35  -5.592575014204363e-15  -1.115045555888351e-14
13.36  -2.816583771770916e-15  -8.442725685233352e-15
13.370000000000001  7.381248390216284e-17  -7.200143259392146e-15
13.38  3.065776799095665e-15  -5.220650300954804e-15
13.39  4.8488990600522886e-15  -1.9496557146508547e-15
13.4  4.405850684287112e-15  1.6325482632430405e-15
13.41  1.911318325831227e-15  3.9732106493786265e-15
13.42  -1.3398787288019893e-15  4.0301095793897084e-15
13.43  -3.61880664323559e-15  1.951910855168888e-15
13.44  -3.8555963977056024e-15  -1.0011089179873666e-15
13.450000000000001  -2.061892323544473e-15  -3.202364588784037e-15
13.46  6.258882301329661e-16  -3.559652572705237e-15
13.47  2.7153626569460504e-15  -2.0410756418350814e-15
13.48  3.126665593099268e-15  3.757411048934802e-16
13.49  1.8266638202017386e-15  2.2454260672982806e-15
13.5  -2.525757381055042e-16  2.6109323036838854e-15
13.51  -1.8283985436883773e-15  1.4880457976806473e-15
13.52  -2.0539125955765897e-15  -2.615963001956017e-16
13.530000000000001  -1.0292114383364747e-15  -1.461331056190803e-15
13.540000000000001  3.677613768314409e-16  -1.4595963327299912e-15
13.55  1.1456113833973847e-15  -5.057803135311214e-16
13.56  8.937295345759211e-16  5.311723282443764e-16
13.57  1.908195779403864e-17  8.833211938192196e-16
13.58  -7.042977320345754e-16  3.851086114449493e-16
13.59  -6.536438071444042e-16  -4.447830995814028e-16
13.6  6.800115779517903e-17  -8.350958818790463e-16
13.61  8.066464119931017e-16  -4.2743586539214473e-16
13.620000000000001  8.978928635554217e-16  4.461708763996862e-16
13.63  1.8665623269494195e-16  1.0658141005867645e-15
13.64  -7.792378086353188e-16  8.446368544367049e-16
13.65  -1.1868978425608066e-15  -1.1796120857738848e-16
13.66  -6.574602668254464e-16  -1.0463852258723308e-15
13.67  4.1494573696179397e-16  -1.1997348080292269e-15
13.68  1.2420618091640906e-15  -3.7886371432821466e-16
13.69  1.0567932110422826e-15  7.646658896345173e-16
13.700000000000001  1.804058978633491e-17  1.336430526099242e-15
13.71  -1.0984277408492147e-15  8.224315293662669e-16
13.72  -1.3232483139869179e-15  -4.3056005816627175e-16
13.73  -4.3593773519961253e-16  -1.3961086708920774e-15
13.74  8.829721581298378e-16  -1.2444965972356023e-15
13.75  1.6271687887653228e-15  -3.852165968497548e-17
13.76  1.0869779860159534e-15  1.365902365173478e-15
13.77  -4.1372482749299015e-16  1.8460608944122435e-15
13.780000000000001  -1.7693953995743951e-15  9.238626552200416e-16
13.790000000000001  -1.936762002378343e-15  -7.54161089447808e-16
13.8  -7.250333088326652e-16  -2.000241099637594e-15
13.81  9.91122661173714e-16  -1.896867766909858e-15
13.82  2.037371564825258e-15  -5.198129071301984e-16
13.83  1.7240169350689556e-15  1.1101130767848771e-15
13.84  3.9813936407949296e-16  1.886813833693757e-15
13.85  -9.891395465610581e-16  1.490325206980111e-15
13.86  -1.5845821293803695e-15  3.529469517432522e-16
13.870000000000001  -1.2714142939276319e-15  -7.189041152351651e-16
13.88  -4.507792102342328e-16  -1.204814579171128e-15
13.89  2.979435039788092e-16  -1.0801596870257237e-15
13.9  8.323776085409319e-16  -6.811644618141889e-16
13.91  1.0740461935058338e-15  -8.685633380849558e-17
13.92  9.493254238063298e-16  6.070077242783133e-16
13.93  3.34405469831512e-16  1.1572606691164652e-15
13.94  -6.020518472517449e-16  1.1046391785461947e-15
13.950000000000001  -1.2412382391982396e-15  3.115482438937938e-16
13.96  -1.0414980840207434e-15  -7.277044392270231e-16
13.97  -8.411503107262851e-17  -1.2167221935009787e-15
13.98  8.735034417171887e-16  -7.500988804647388e-16
13.99  1.0367400542927508e-15  2.694401986094664e-16
14.0  3.1409567222644424e-16  9.44988861709862e-16
14.01  -6.107031472367225e-16  7.128774454182612e-16
14.02  -9.031773235856873e-16  -1.5207971409128837e-16
14.030000000000001  -3.6583090551383945e-16  -8.634588692180061e-16
14.040000000000001  5.332957326715307e-16  -8.193842548785317e-16
14.05  1.0249605539956606e-15  -6.627703686538612e-17
14.06  7.326832365904102e-16  8.067122909749874e-16
14.07  -1.5702718467126524e-16  1.1352033892567214e-15
14.08  -1.0021281374589813e-15  6.601138314448971e-16
14.09  -1.1900318492722155e-15  -3.175821879227794e-16
14.1  -5.641759791443504e-16  -1.1217377788604091e-15
14.11  4.756418202827724e-16  -1.1758318373049375e-15
14.120000000000001  1.2062349265424737e-15  -3.997078240824282e-16
14.13  1.0631858990682002e-15  6.545923027783394e-16
14.14  1.6539037931273007e-16  1.1975358771887856e-15
14.15  -8.087026330649382e-16  8.371863548680596e-16
14.16  -1.1026923479410649e-15  -1.322973537226345e-16
14.17  -5.117454451376364e-16  -9.266169460210114e-16
14.18  4.624997909051892e-16  -9.163799769504291e-16
14.19  9.995415562197925e-16  -1.1873776573879123e-16
14.200000000000001  6.512337913727102e-16  7.800960823739267e-16
14.21  -3.031371825925188e-16  1.0018915045300349e-15
14.22  -1.060323887632618e-15  3.2733785197021507e-16
14.23  -9.319799751679503e-16  -7.189260681859106e-16
14.24  2.841387413424734e-17  -1.2594860249670118e-15
14.25  1.0913924511564201e-15  -7.836392749957455e-16
14.26  1.3697662435767585e-15  4.061500543372382e-16
14.27  5.622972273254274e-16  1.3931343230968814e-15
14.280000000000001  -7.542403957007442e-16  1.3687985729214079e-15
14.290000000000001  -1.588621139285902e-15  2.905469054422705e-16
14.3  -1.253877169719743e-15  -1.0647191697534838e-15
14.31  3.052776261697274e-17  -1.6660796181606167e-15
14.32  1.3124039938332714e-15  -1.0426830093651765e-15
14.33  1.6420493802584108e-15  3.5713308566391824e-16
14.34  7.612560726554928e-16  1.4940485470608306e-15
14.35  -6.632121956630424e-16  1.5380453212681086e-15
14.36  -1.6016390910001136e-15  4.666285330897312e-16
14.370000000000001  -1.3730646225355554e-15  -9.251452651838065e-16
14.38  -1.6896114225142961e-16  -1.6287739760734856e-15
14.39  1.1184906650445147e-15  -1.1713661692537416e-15
14.4  1.6047220368592495e-15  7.708919825751069e-17
14.41  9.867490787216782e-16  1.2424574300434983e-15
14.42  -2.7571511153953726e-16  1.5530096903673741e-15
14.43  -1.3278107715812555e-15  8.343888737692499e-16
14.44  -1.5097691097814808e-15  -4.0579983565712916e-16
14.450000000000001  -7.32868029644045e-16  -1.3648842799893417e-15
14.46  4.659653506771668e-16  -1.4736234797402936e-15
14.47  1.3761403129472248e-15  -6.998487774773496e-16
14.48  1.4655005620463602e-15  4.792100497822834e-16
14.49  7.061054489556588e-16  1.3727768511328062e-15
14.5  -4.66261526410585e-16  1.4781261653792955e-15
14.51  -1.3757434493318081e-15  7.294144426727773e-16
14.52  -1.507442899718106e-15  -4.458824800734291e-16
14.530000000000001  -7.632702871725539e-16  -1.3805093467769133e-15
14.540000000000001  4.3483914181201447e-16  -1.527234305763484e-15
14.55  1.392364437363237e-15  -7.811191637070122e-16
14.56  1.542153938055953e-15  4.3715749082977986e-16
14.57  7.811197209751925e-16  1.3974009447518169e-15
14.58  -4.384443537783047e-16  1.5334284135233276e-15
14.59  -1.3804348892346662e-15  7.509619586593624e-16
14.6  -1.4818380387808273e-15  -4.454856915723526e-16
14.61  -7.128680956325388e-16  -1.3422275398421065e-15
14.620000000000001  4.3106863479099256e-16  -1.4195130918488329e-15
14.63  1.2630846023948087e-15  -6.888283408380264e-16
14.64  1.3384599941489611e-15  3.7065549644035166e-16
14.65  6.815433946790858e-16  1.1508089330267304e-15
14.66  -2.8397690290004014e-16  1.2586143810768434e-15
14.67  -1.0200109078586118e-15  6.997915736081629e-16
14.68  -1.184368545931349e-15  -1.6664595930217206e-16
14.69  -7.327711368124773e-16  -8.848097324997729e-16
14.700000000000001  5.826028270763792e-17  -1.1030723736378989e-15
14.71  7.466173220557401e-16  -7.472701478511547e-16
14.72  1.005512778337634e-15  -4.4017540773904396e-17
14.73  7.273088305521997e-16  6.114179917636055e-16
14.74  1.1773960518497954e-16  8.866138148032002e-16
14.75  -4.761239380051586e-16  6.830601166494482e-16
14.76  -7.46018058968337e-16  1.7303138330899926e-16
14.77  -6.134397944269641e-16  -3.325342178083619e-16
14.780000000000001  -2.31427398065833e-16  -5.795740225659899e-16
14.790000000000001  1.673166944366768e-16  -5.322430302851179e-16
14.8  3.997146594355924e-16  -2.9593528721731174e-16
14.81  4.491817495307342e-16  -2.915211227131882e-17
14.82  3.9050336582646943e-16  1.9341342787052634e-16
14.83  2.519027490939028e-16  3.750857622303933e-16
14.84  9.654527059875166e-18  5.022804382550447e-16
14.85  -3.3198158414329093e-16  4.75550699668123e-16
14.86  -6.591478250016144e-16  1.8506541259025097e-16
14.870000000000001  -7.049508607068313e-16  -3.4376264622971065e-16
14.88  -3.353943333550423e-16  -8.250435586032216e-16
14.89  3.5160223721815743e-16  -9.290845067123854e-16
14.9  9.921215037345343e-16  -4.756944259288515e-16
14.91  1.1457853090236348e-15  3.7135987230677957e-16
14.92  6.05720537094498e-16  1.1605205903499936e-15
14.93  -4.2411923202890476e-16  1.332440321043207e-15
14.94  -1.3076797400508184e-15  6.736510056591343e-16
14.950000000000001  -1.4489513513124298e-15  -4.611409547675426e-16
14.96  -7.206932447295523e-16  -1.3948535253668952e-15
14.97  5.155361823332629e-16  -1.5350617608961973e-15
14.98  1.4760694210018246e-15  -7.276327113457321e-16
14.99  1.5680932271558263e-15  5.516340402584794e-16
15.0  6.94339471306783e-16  1.5340333845341236e-15
