t   Re(c(t))    Im(c(t))
0.0  1.0  0.0
0.01  0.6999073560004168  0.7050123594024861
0.02  -0.006819437927902747  0.9739764194268082
0.03  -0.6729453255255654  0.6598328027043214
0.04  -0.899976152669759  -0.010690988984611375
0.05  -0.592095115752341  -0.6075216052161114
0.06  0.009877032836858762  -0.789131438776692
0.07  0.5178136769004277  -0.5069633333699263
0.08  0.6568099408709895  0.004475949693132077
0.09  0.41516143357086144  0.4159413855365869
0.1  0.003787563379801671  0.5190676023614055
0.11  -0.3142142316541933  0.3258288025994443
0.12  -0.3895312116670694  0.012413088917257604
0.13  -0.24540882489473242  -0.22260821531422745
0.14  -0.019138797860861093  -0.27750404764386183
0.15  0.1472960158269748  -0.1774672670408361
0.16  0.18750456996794898  -0.02265681549067985
0.17  0.12313885645977024  0.09043716454459404
0.18  0.022809280907107654  0.11994514813985396
0.19  -0.05095988360500921  0.0818330705178196
0.2  -0.07241564332967651  0.020329963278713545
0.21  -0.051929181069295005  -0.02582374035315539
0.22  -0.016367057705470606  -0.04105763570678776
0.23  0.011270250174681322  -0.031333977107002246
0.24  0.02168869806314759  -0.012032563438430151
0.25  0.017878888748477713  0.0037494019636426985
0.26  0.008124930409839309  0.010537498481825556
0.27  -0.00042395230749322013  0.009577244805134097
0.28  -0.004601994610673253  0.0050505499361911356
0.29  -0.0047688607007379145  0.000689746083897953
0.3  -0.002887875128875641  -0.00172267567099823
0.31  -0.0008145294714706112  -0.0021751350810692207
0.32  0.00048340789117376037  -0.001512766506856048
0.33  0.0008866970729755418  -0.0006080218471633339
0.34  0.0007197930813683698  3.7478437057818996e-05
0.35000000000000003  0.0003667638464633409  0.0003074471494475306
0.36  7.333893622866992e-05  0.00030612704244965426
0.37  -7.896778210233083e-05  0.0001893408203362451
0.38  -0.00011272297005817902  6.961803750891287e-05
0.39  -8.464752899522287e-05  -5.182642395366342e-06
0.4  -4.22654271357959e-05  -3.331037240749541e-05
0.41000000000000003  -1.0175324928771589e-05  -3.229292570581047e-05
0.42  5.930001507820953e-06  -2.0276179537539983e-05
0.43  9.958090084618478e-06  -8.471594498574225e-06
0.44  7.95706962779061e-06  -1.0570542708086024e-06
0.45  4.440417577950585e-06  2.0481520768713216e-06
0.46  1.6277575653524968e-06  2.4679517036733545e-06
0.47000000000000003  6.433081642074753e-08  1.7730083339578245e-06
0.48  -5.083336746227751e-07  9.267617002490949e-07
0.49  -5.363301989798626e-07  3.2152335763543695e-07
0.5  -3.673245141794084e-07  7.3296563168228235e-09
0.51  -1.8907472229463672e-07  -1.0112068366848249e-07
0.52  -6.789230189218977e-08  -1.0414743300254898e-07
0.53  -6.0702744639239144e-09  -7.1370398145629e-08
0.54  1.5927374320096726e-08  -3.7795587969475776e-08
0.55  1.7892195369745064e-08  -1.4994643909390863e-08
0.56  1.2855167688114659e-08  -3.0414695217039393e-09
0.5700000000000001  7.248041914288683e-09  1.648069696670743e-09
0.58  3.259925488654762e-09  2.58353748968596e-09
0.59  1.0349459869640593e-09  2.071138377428883e-09
0.6  4.5572125732848635e-11  1.2813360579880348e-09
0.61  -2.63951652289561e-10  6.553065863014287e-10
0.62  -2.757159956151696e-10  2.72121354076013e-10
0.63  -1.964088469549446e-10  7.826918797547205e-11
0.64  -1.1486645738850948e-10  -1.2602701681230604e-12
0.65  -5.7433506477485017e-11  -2.3723143177458012e-11
0.66  -2.4192993875074268e-11  -2.3132448753465782e-11
0.67  -7.745609746737552e-12  -1.620054764464696e-11
0.68  -8.9706346512095e-13  -9.553457019210354e-12
0.6900000000000001  1.2600860510300871e-12  -4.950183632989268e-12
0.7000000000000001  1.4908182972962525e-12  -2.2622600508750793e-12
0.71  1.1275668448802329e-12  -8.827073388464845e-13
0.72  7.086814867986685e-13  -2.5849238436528356e-13
0.73  3.957391750036705e-13  -1.7704462104663027e-14
0.74  2.0089067162478228e-13  5.148440884072153e-14
0.75  9.301571220812645e-14  5.539198003367849e-14
0.76  3.8669768476761775e-14  4.098914172573732e-14
0.77  1.3716413328691606e-14  2.5809475950315166e-14
0.78  3.4809615024585834e-15  1.472105478507955e-14
0.79  -8.933338198579573e-17  7.821737781639426e-15
0.8  -9.725739729984128e-16  3.973767027839353e-15
0.81  -9.909711354695379e-16  1.9423444931043265e-15
0.8200000000000001  -8.36155981102829e-16  8.964328301144311e-16
0.8300000000000001  -6.282167244753544e-16  3.0200482225525595e-16
0.84  -3.7075583480030903e-16  -4.166902714808093e-17
0.85  -9.901999648240521e-17  -1.8704166624941996e-16
0.86  1.281363903941307e-16  -1.0571474066194324e-16
0.87  1.8955856274479693e-16  3.878234944929984e-17
0.88  9.71463947455751e-17  1.7934555005018731e-16
0.89  -6.956310427327424e-17  1.9617519372085444e-16
0.9  -1.8159263610724721e-16  8.848577470615838e-17
0.91  -1.4065077346079318e-16  -6.911171723696784e-17
0.92  -3.1374735494786117e-17  -1.4150349333041434e-16
0.93  8.02811950744714e-17  -1.3175110224862772e-16
0.9400000000000001  1.32943807937345e-16  -1.9121392181955798e-17
0.9500000000000001  8.711225370699838e-17  9.795927617810258e-17
0.96  -3.140073372936824e-17  1.0523460791264032e-16
0.97  -1.2217602457619747e-16  2.1810929418505983e-17
0.98  -9.917347119751871e-17  -8.870318607036815e-17
0.99  8.166905656744387e-19  -1.85073194198333e-16
1.0  1.8064577684087637e-16  -1.2634730201420667e-16
1.01  2.590233105097557e-16  6.155631902110356e-17
1.02  1.3603850660785493e-16  2.565408131663464e-16
1.03  -1.0367361395403413e-16  3.059519382650887e-16
1.04  -3.1478613821853557e-16  1.4609252924773767e-16
1.05  -3.363561768464393e-16  -1.18879613069826e-16
1.06  -1.4586156535296643e-16  -3.3955439010780456e-16
1.07  1.4321149059365367e-16  -3.3432227741130813e-16
1.08  3.2327797090516486e-16  -1.2044730091874509e-16
1.09  2.747878159376768e-16  1.4930224339572436e-16
1.1  7.856595228986644e-17  2.8667883886172654e-16
1.11  -1.4038203351556866e-16  2.268292197086032e-16
1.12  -2.308556959695726e-16  2.787504435260766e-17
1.1300000000000001  -1.3440867629092301e-16  -1.471856621830313e-16
1.1400000000000001  5.266656850884437e-17  -1.5542074522809058e-16
1.1500000000000001  1.409267297424209e-16  -9.464341090260093e-18
1.16  6.868678390613566e-17  1.3006087484144993e-16
1.17  -1.047245624840673e-16  1.286255652801398e-16
1.18  -2.0537307145711968e-16  -4.120974662362208e-17
1.19  -1.0714963959728231e-16  -2.4221012381508627e-16
1.2  1.4619603839404361e-16  -2.7655510400049247e-16
1.21  3.41717229048582e-16  -7.874904287824648e-17
1.22  3.1894130241711253e-16  2.254885028750559e-16
1.23  4.481083095532469e-17  4.115503534252048e-16
1.24  -2.906366586604692e-16  3.113978103647337e-16
1.25  -4.187048466256032e-16  -2.6631772890962095e-17
1.26  -2.5032635146184237e-16  -3.2803358450529376e-16
1.27  9.30488432830383e-17  -3.671346043432173e-16
1.28  2.981455298805902e-16  -1.3346054763404887e-16
1.29  2.097368098482088e-16  1.4321758135264252e-16
1.3  -3.0538501798575634e-17  1.7158475975313222e-16
1.31  -1.1889837599224935e-16  -1.3979812201858148e-17
1.32  4.2898889388585535e-17  -1.3246059199118447e-16
1.33  2.0498981067644338e-16  2.7216530836066327e-17
1.34  1.1429666097530768e-16  2.812506258097776e-16
1.35  -2.398718963002186e-16  3.1345990214090685e-16
1.36  -4.761986527542062e-16  -2.7211776510770726e-17
1.37  -2.745211159157443e-16  -4.594015862989216e-16
1.3800000000000001  2.3728032458730345e-16  -5.343882050292497e-16
1.3900000000000001  5.851558092796222e-16  -1.12594104356371e-16
1.4000000000000001  4.0126760571819834e-16  4.1922414342281893e-16
1.41  -1.1745653335878926e-16  5.48693127318014e-16
1.42  -4.762409157323434e-16  1.7941833980803387e-16
1.43  -3.7595517379792343e-16  -2.8632675155976266e-16
1.44  4.7802141301625835e-17  -4.4271714903121653e-16
1.45  3.646327584488927e-16  -1.78364621200649e-16
1.46  3.2728807980181604e-16  2.06087723905488e-16
1.47  6.207654024670149e-18  3.7654730778059414e-16
1.48  -3.0562957260502e-16  2.353163122611539e-16
1.49  -3.890795787788356e-16  -1.0113940565825213e-16
1.5  -1.8835738261981347e-16  -3.837890138770222e-16
1.51  1.6554973413868357e-16  -4.1944389784386265e-16
1.52  4.551859906315157e-16  -1.7746674254749292e-16
1.53  4.872201358740919e-16  2.2754810412631906e-16
1.54  1.9015157025711066e-16  5.4549988651211285e-16
1.55  -2.8904137244973833e-16  5.390030239804938e-16
1.56  -6.083570196245357e-16  1.6501597599973945e-16
1.57  -5.440750883518119e-16  -3.3881557079931865e-16
1.58  -1.2536000771627248e-16  -6.245093128262968e-16
1.59  3.4134558661084304e-16  -4.976011897358014e-16
1.6  5.649056748996961e-16  -8.674055212614133e-17
1.61  4.1509166420511836e-16  3.375206955592951e-16
1.62  3.199667298716333e-17  4.897026862049234e-16
1.6300000000000001  -2.986752236820807e-16  3.191657242560869e-16
1.6400000000000001  -3.8781098894706604e-16  2.1328243521219446e-18
1.6500000000000001  -2.3733324823720295e-16  -2.385878701002538e-16
1.6600000000000001  6.022528867632103e-18  -2.860244420053876e-16
1.67  1.5792675681810104e-16  -1.6295543047682024e-16
1.68  1.7222818008192054e-16  -1.5717607456070067e-17
1.69  1.0596935166836216e-16  7.35665002243994e-17
1.7  2.4162031257111417e-17  8.439097575208903e-17
1.71  3.066329700068996e-18  7.204900037761139e-17
1.72  -9.837609269704422e-18  7.613897919106874e-17
1.73  -5.4592601716478484e-17  9.026889277227204e-17
1.74  -1.3299851203893566e-16  4.795553777460413e-17
1.75  -1.6609810968624176e-16  -5.731346560511929e-17
1.76  -1.0659893647235985e-16  -1.7051298909178758e-16
1.77  6.922070334815067e-17  -2.3049129110403395e-16
1.78  2.571437148354423e-16  -1.3118850314817367e-16
1.79  2.9882085463020773e-16  1.1274453209332098e-16
1.8  1.3820891406240049e-16  3.268539804941025e-16
1.81  -1.5134546141066453e-16  3.56800270823467e-16
1.82  -3.847713278054046e-16  1.537007302888325e-16
1.83  -4.107318506940998e-16  -1.5979343873054884e-16
1.84  -1.7936461610839994e-16  -4.1773982269590354e-16
1.85  1.763523089524399e-16  -4.281222883619689e-16
1.86  4.289467036945749e-16  -1.7939176058628662e-16
1.87  4.2665537142870595e-16  1.7659291028950968e-16
1.8800000000000001  1.963241132043433e-16  4.2413815098861623e-16
1.8900000000000001  -1.6295277798135396e-16  4.2841939772561173e-16
1.9000000000000001  -4.1710587635224795e-16  1.8206825345618485e-16
1.9100000000000001  -4.008336332791354e-16  -1.6740474932422253e-16
1.92  -1.5819430809603793e-16  -3.982973120527485e-16
1.93  1.7136922820260582e-16  -3.7860174406536806e-16
1.94  3.680321786177466e-16  -1.3073577951951003e-16
1.95  3.3264805386458904e-16  1.631309478098627e-16
1.96  1.0925108053624881e-16  3.345951103439744e-16
1.97  -1.5951819999020004e-16  2.957022079016592e-16
1.98  -3.039076774005669e-16  7.56416903985076e-17
1.99  -2.5049166647477724e-16  -1.6020498766683541e-16
2.0  -5.4518748643704765e-17  -2.726965202348488e-16
2.0100000000000002  1.482782861082705e-16  -2.0895764506386882e-16
2.02  2.266018589812985e-16  -3.9367421873157845e-17
2.0300000000000002  1.6930009606528062e-16  1.2072969119684823e-16
2.04  3.477595210037193e-17  1.8169146148168594e-16
2.05  -8.64846214682714e-17  1.3442503926445858e-16
2.06  -1.2756001213084277e-16  3.067462265948469e-17
2.07  -9.373737046261762e-17  -4.4762506914204006e-17
2.08  -4.5074341492255874e-17  -7.309238881787284e-17
2.09  -6.014033601300414e-18  -7.57394382061209e-17
2.1  3.138020240939691e-17  -7.23051141615259e-17
2.11  6.87513718395104e-17  -5.020618302735956e-17
2.12  9.309386490499997e-17  3.1714068070717994e-18
2.13  7.098604270803344e-17  7.112699140411382e-17
2.14  -4.3890193083293184e-20  1.0966821758948593e-16
2.15  -9.534749666503097e-17  7.629779253702094e-17
2.16  -1.290963238807832e-16  -2.3513852478817897e-17
2.17  -6.487572756777847e-17  -1.2203243954964935e-16
2.18  7.087228429553343e-17  -1.347030789999457e-16
2.19  1.5729775129906123e-16  -2.5777176225767848e-17
2.2  1.1562459339975299e-16  1.1928429235447965e-16
2.21  -2.566241787571998e-17  1.7259875547627104e-16
2.22  -1.5960215684937758e-16  9.174240104331608e-17
2.23  -1.779057183920409e-16  -7.948535673808691e-17
2.24  -4.8247405612940603e-17  -1.9674783646007017e-16
2.25  1.3024156396455867e-16  -1.608865883039005e-16
2.2600000000000002  2.1029566284278548e-16  1.975078780497193e-18
2.27  1.3089283203076426e-16  1.70105843339654e-16
2.2800000000000002  -5.472149120569264e-17  2.2413824548273865e-16
2.29  -2.1696531771797588e-16  1.0323474013468649e-16
2.3000000000000003  -2.265962075839497e-16  -1.0224198086216804e-16
2.31  -6.235968297881119e-17  -2.514220447096719e-16
2.32  1.6422185019669928e-16  -2.1541339954695083e-16
2.33  2.8664172985589715e-16  -1.4828193113728633e-17
2.34  2.0553831997247264e-16  2.0840476366979792e-16
2.35  -2.4506405020908854e-17  3.0172302383107296e-16
2.36  -2.4349807322988923e-16  1.7796506685210638e-16
2.37  -2.929917556332178e-16  -6.693631198852805e-17
2.38  -1.4663137261587004e-16  -2.577689471775784e-16
2.39  9.368818130942517e-17  -2.743116893158885e-16
2.4  2.559989558786239e-16  -1.0838256482852035e-16
2.41  2.256664721419611e-16  1.164111981823745e-16
2.42  4.794022719737018e-17  2.277488685166479e-16
2.43  -1.2871318188613035e-16  1.543146752382097e-16
2.44  -1.7909179448869555e-16  -4.063230814053534e-18
2.45  -8.663441582797553e-17  -1.358307092139978e-16
2.46  5.529017757997508e-17  -1.3016693140846294e-16
2.47  1.3185848453815555e-16  -9.212588269649553e-18
2.48  5.743827426524352e-17  1.1289804946659952e-16
2.49  -8.90325042551127e-17  1.0954742735664706e-16
2.5  -1.5507202923908782e-16  -3.4198231001106266e-17
2.5100000000000002  -5.433026346869795e-17  -1.8078370821747686e-16
2.52  1.5067824062260533e-16  -1.7538905893138934e-16
2.5300000000000002  2.723226719874148e-16  2.5922223688394097e-17
2.54  1.6548487010496385e-16  2.707441850844239e-16
2.5500000000000003  -1.2645688496661243e-16  3.4054010284218344e-16
2.56  -3.849289184812843e-16  1.2601918798763533e-16
2.57  -3.8260460543118615e-16  -2.3576701229536833e-16
2.58  -6.073690890683509e-17  -4.903657305465902e-16
2.59  3.628550338687473e-16  -3.86956232691146e-16
2.6  5.61837794139206e-16  2.772175934531572e-17
2.61  3.515768323703253e-16  4.737477555200085e-16
2.62  -1.5179697559328247e-16  6.03219407581463e-16
2.63  -5.98383956065709e-16  2.7432870337245147e-16
2.64  -6.173477254462332e-16  -2.9726086315125853e-16
2.65  -1.6330587405564215e-16  -6.948774927569075e-16
2.66  4.4236583800118733e-16  -5.75374949634265e-16
2.67  7.376754712621582e-16  -2.6089583515117488e-17
2.68  4.985491914085238e-16  5.476728932465677e-16
2.69  -7.734827378527526e-17  7.293368349419652e-16
2.7  -5.692589254460256e-16  4.29791364863989e-16
2.71  -6.737692544239446e-16  -1.0034402001158501e-16
2.72  -4.0575798876399703e-16  -5.014912623081099e-16
2.73  1.7968287174089068e-17  -6.252702642780184e-16
2.74  4.120486906745537e-16  -4.774323577814044e-16
2.75  6.414333617155126e-16  -1.1889593086157656e-16
2.7600000000000002  6.015440280044284e-16  3.4900016910958565e-16
2.77  2.1769513484306905e-16  7.158036078404772e-16
2.7800000000000002  -3.8080631465654307e-16  6.964245982482693e-16
2.79  -7.875837704581445e-16  2.08510270242804e-16
2.8000000000000003  -6.814891479086649e-16  -4.437343171841053e-16
2.81  -1.0864628084448892e-16  -7.580810715424128e-16
2.82  4.441562094019659e-16  -4.937339919381016e-16
2.83  5.46996412450808e-16  2.4908839621719903e-17
2.84  2.237061382264035e-16  3.209097390474645e-16
2.85  -8.253725464174691e-17  1.922033619762414e-16
2.86  -5.287290979037038e-17  -2.786218057538173e-17
2.87  1.4251561928723113e-16  -2.3739993253988116e-17
2.88  1.7258795984432795e-16  2.258515016729936e-16
2.89  -1.2923276613279154e-16  4.0821614974916674e-16
2.9  -4.948438453624384e-16  2.410306661574594e-16
2.91  -5.65506293053698e-16  -2.5464557024527467e-16
2.92  -2.0569532053892236e-16  -6.329660335627533e-16
2.93  3.543170045548349e-16  -5.984445177489532e-16
2.94  6.963122292428559e-16  -1.663969151738649e-16
2.95  5.776672278850077e-16  4.0448012444882963e-16
2.96  1.0260737218621937e-16  6.738577275901881e-16
2.97  -4.100520405715299e-16  5.378275111845527e-16
2.98  -6.043646362063385e-16  7.081731954032858e-17
2.99  -4.918781358285242e-16  -3.965331240357193e-16
3.0  -6.071645484713555e-17  -5.842405154236137e-16
3.0100000000000002  3.511059390109785e-16  -4.537955970654121e-16
3.02  5.892836209342019e-16  4.8616254726701815e-18
3.0300000000000002  3.722701737251755e-16  4.447854391719064e-16
3.04  -8.118608697383458e-17  5.707252404081488e-16
3.0500000000000003  -4.815599086294696e-16  3.254347443855589e-16
3.06  -5.562178203227744e-16  -1.6098202786090168e-16
3.0700000000000003  -2.553515532364278e-16  -5.25274115203359e-16
3.08  2.303711234911063e-16  -5.563257439735596e-16
3.09  5.738464350100303e-16  -2.171873429912189e-16
3.1  5.693361918595417e-16  2.9073967208952e-16
3.11  2.0330956076387573e-16  6.30051575026849e-16
3.12  -3.198830265725003e-16  5.937958500965821e-16
3.13  -6.730727187555619e-16  1.9914625725471958e-16
3.14  -6.241535124048321e-16  -3.580469242349447e-16
3.15  -1.9498292197010799e-16  -7.112366244519961e-16
3.16  3.82333052250061e-16  -6.61363324788248e-16
3.17  7.500944299635676e-16  -1.9428902903508573e-16
3.18  6.83654521292074e-16  4.059252935607725e-16
3.19  2.0296264635759714e-16  7.868705688260693e-16
3.2  -4.232725283230032e-16  7.067263441952604e-16
3.21  -8.06299471736229e-16  1.9307472293160038e-16
3.22  -7.081141229495769e-16  -4.3437475834830466e-16
3.23  -1.8947517169334087e-16  -7.854827898993808e-16
3.24  4.2257863873325643e-16  -6.768891003116069e-16
3.25  7.611966612514278e-16  -1.722580411547219e-16
3.2600000000000002  6.571132526969933e-16  4.194561364967473e-16
3.27  1.5369649997129784e-16  7.566863802243465e-16
3.2800000000000002  -4.340711817755619e-16  6.165207233651601e-16
3.29  -7.435024818033106e-16  9.124645483858166e-17
3.3000000000000003  -5.745404152439495e-16  -5.053249485506561e-16
3.31  -1.3183898417631957e-17  -7.774163257581005e-16
3.3200000000000003  6.151329445806658e-16  -5.412337245043169e-16
3.33  8.874845303089983e-16  1.0234868508152984e-16
3.34  6.135716934536503e-16  7.396860901547857e-16
3.35  2.7235158574407663e-17  9.799452915780858e-16
3.36  -3.7088387916258364e-16  7.497041182303186e-16
3.37  -1.4745149545736236e-16  4.844215306670187e-16
3.38  7.166142679267669e-16  1.0342421363775825e-15
3.39  1.5704451628019736e-15  3.346628529855527e-15
3.4  1.0165479569220151e-15  8.310366284015059e-15
3.41  -3.3454142234220578e-15  1.661309978473456e-14
3.42  -1.5751115689521807e-14  2.871847724905639e-14
3.43  -4.4296684376110296e-14  4.38628734028554e-14
3.44  -1.0411446010882805e-13  5.644547329541902e-14
3.45  -2.2043417438610757e-13  4.6965556443901005e-14
3.46  -4.2772222395848186e-13  -3.6396406721816625e-14
3.47  -7.555364320288581e-13  -3.1015034290815475e-13
3.48  -1.1811652350646191e-12  -1.0037193298728647e-12
3.49  -1.5116300572382009e-12  -2.5125727317948033e-12
3.5  -1.1362986940266493e-12  -5.408963554831559e-12
3.5100000000000002  1.4178413651477764e-12  -1.0281456502142517e-11
3.52  9.147327383399185e-12  -1.7123945664221373e-11
3.5300000000000002  2.7261086920846168e-11  -2.3772581125847125e-11
3.54  6.316623587035442e-11  -2.2676758040796052e-11
3.5500000000000003  1.2391361938271506e-10  4.618017600266367e-12
3.56  2.0746572185897928e-10  9.480072867262e-11
3.5700000000000003  2.82067868801611e-10  3.0806092889308637e-10
3.58  2.4751673020212417e-10  7.199108169840541e-10
3.59  -1.2201074959389269e-10  1.3753576222352848e-09
3.6  -1.2327417054378357e-09  2.1655253057764614e-09
3.61  -3.6542676695380806e-09  2.5807234218556963e-09
3.62  -7.877671538442793e-09  1.3291021293097838e-09
3.63  -1.3596089692979874e-08  -4.056089257910636e-09
3.64  -1.8225041627586982e-08  -1.719327413019292e-08
3.65  -1.4624117331257097e-08  -4.148509256274996e-08
3.66  1.1160431820193829e-08  -7.594563184790127e-08
3.67  7.949285336475735e-08  -1.067887830663583e-07
3.68  2.0874600501910938e-07  -9.517320057952917e-08
3.69  3.9137838138570556e-07  3.311973292598192e-08
3.7  5.491490443992539e-07  3.802549598836292e-07
3.71  4.7537539940925577e-07  1.0230419220017604e-06
3.72  -1.965499156169129e-07  1.8815404569667849e-06
3.73  -1.9109932731097014e-06  2.503479990327226e-06
3.74  -4.8668720906386435e-06  1.8439548583323168e-06
3.75  -8.359428022792006e-06  -1.7220154283358742e-06
3.7600000000000002  -9.90160119259606e-06  -9.737966632205123e-06
3.77  -4.702080747392285e-06  -2.191900763117143e-05
3.7800000000000002  1.329639834879992e-05  -3.333825989823309e-05
3.79  4.728345014249937e-05  -3.180786149768397e-05
3.8000000000000003  8.969864586611141e-05  1.3593667839997826e-06
3.81  0.00011307172983997753  8.254106018607197e-05
3.8200000000000003  6.746114461330458e-05  0.0002057494422207318
3.83  -0.00010263220768630746  0.0003156000235142191
3.84  -0.00041091569599047904  0.0002917559232619101
3.85  -0.0007577622794465153  -2.209433812453629e-05
3.86  -0.0008759603932822706  -0.0007129574529599212
3.87  -0.0003738623361242699  -0.0016237836801430276
3.88  0.0010415079887487343  -0.0021997654113085174
3.89  0.0031640693107360773  -0.001540556241576633
3.9  0.0049044943362382964  0.001144407113493269
3.91  0.004330667182110265  0.005666791429537219
3.92  -0.00042945573445933447  0.009984048561510781
3.93  -0.009389498078999376  0.010183726213615253
3.94  -0.018858730615713408  0.002234798789334587
3.95  -0.021308930197761144  -0.014453640307477394
3.96  -0.008709681560102189  -0.03340286572947635
3.97  0.020730399083443467  -0.040788331427225565
3.98  0.05589309676037322  -0.021674149708409904
3.99  0.0724951718846089  0.027774775730602455
4.0  0.04448029271483611  0.08884252600117486
4.01  -0.03487782657204024  0.12070738407231765
4.0200000000000005  -0.13468490058041702  0.0806517110208676
4.03  -0.18932257938570718  -0.041280869992845484
4.04  -0.13297623748798265  -0.1952766048031298
4.05  0.04651893551487382  -0.28067281494306817
4.0600000000000005  0.2712079733521007  -0.20230483411545044
4.07  0.3941043643392439  0.050754607340338834
4.08  0.286377897624304  0.36098358098062927
4.09  -0.05488923780758623  0.5246985459605781
4.1  -0.460254739269349  0.379163486581031
4.11  -0.6626749996256094  -0.060273908220225485
4.12  -0.4711816044350484  -0.5614308560695709
4.13  0.06802288387107762  -0.7940082128536741
4.14  0.6540626662898522  -0.5510213015398565
4.15  0.9025009111543346  0.07819349784769036
4.16  0.6077830211349533  0.7262620314118867
4.17  -0.08927784636329997  0.9730224320140581
4.18  -0.7670578563189459  0.6337070429007068
4.19  -0.995044557984016  -0.0983911000669492
4.2  -0.6260555090993383  -0.7691051521244128
4.21  0.10221114457567718  -0.9653053338949924
4.22  0.7308268809620374  -0.5875602471713574
4.23  0.8886322045406194  0.09829485725553415
4.24  0.5253378036975803  0.6571272109113484
4.25  -0.08614282444538064  0.7766227963393143
4.26  -0.5583159826098392  0.4487932937319946
4.2700000000000005  -0.6446969864916883  -0.0674882313897989
4.28  -0.36735524906406714  -0.447596829866363
4.29  0.04569053746891691  -0.5085870572343291
4.3  0.3380211564735274  -0.28877569005299436
4.3100000000000005  0.38137953678776615  0.024563924014689365
4.32  0.2183283479785997  0.23992351569597542
4.33  -0.007197881609643349  0.271817727252688
4.34  -0.15952389357512042  0.1588138932679184
4.3500000000000005  -0.1839931959472693  0.0047626989424959555
4.36  -0.11104412197233832  -0.09883857798110683
4.37  -0.011208148122442793  -0.11809135238795648
4.38  0.05657369860980735  -0.0744689703303675
4.39  0.0716607559383513  -0.013157918292178534
4.4  0.047737123608577556  0.02946155606488739
4.41  0.012146995908030998  0.04092574672321716
4.42  -0.013545510490044446  0.02911984763187997
4.43  -0.021839906053599235  0.009677302376394425
4.44  -0.016808468401310953  -0.005114607964366795
4.45  -0.00688486602904136  -0.01076675170937469
4.46  0.0012044174671969024  -0.009115744873248482
4.47  0.004808755127075912  -0.004439696584115441
4.48  0.004601597974599189  -0.000267868165808264
4.49  0.0026099637609607543  0.0018731495434974863
4.5  0.000600793467154593  0.002133161349095987
4.51  -0.0005784381455591429  0.0013985115605987444
4.5200000000000005  -0.0008884982997740443  0.0005076530680834006
4.53  -0.0006791280948257331  -9.091242440776886e-05
4.54  -0.0003237661574677918  -0.00031885465652503896
4.55  -4.638094469923727e-05  -0.00029492131762445535
4.5600000000000005  8.858657960726933e-05  -0.00017297577092749024
4.57  0.00011142673174755083  -5.7455799635437494e-05
4.58  7.940553156285077e-05  1.097357968742888e-05
4.59  3.743289624794331e-05  3.435943670745546e-05
4.6000000000000005  7.315462788405759e-06  3.1086134085823926e-05
4.61  -6.967474679308245e-06  1.8646095450631215e-05
4.62  -9.922986924618705e-06  7.279099317188597e-06
4.63  -7.534219472592768e-06  4.610802819600413e-07
4.64  -4.0271134291341525e-06  -2.2107062187325943e-06
4.65  -1.3649855110114255e-06  -2.415905981405657e-06
4.66  5.225111019268521e-08  -1.6628736422373665e-06
4.67  5.329583820093336e-07  -8.346717219542117e-07
4.68  5.20657967273161e-07  -2.67489056178802e-07
4.69  3.432837230823912e-07  1.5244352621792398e-08
4.7  1.7037235932034542e-07  1.054695160132507e-07
4.71  5.724203389497021e-08  1.0099397363706761e-07
4.72  1.5992917340632218e-09  6.68125761179581e-08
4.73  -1.6927877321642155e-08  3.428806862141882e-08
4.74  -1.74588513669904e-08  1.2969207798200543e-08
4.75  -1.2110708213266041e-08  2.139644545792856e-09
4.76  -6.646129383444157e-09  -1.9101932100144993e-09
4.7700000000000005  -2.8938229857647663e-09  -2.5652591731625275e-09
4.78  -8.563916777136813e-10  -1.9733420276407133e-09
4.79  2.051172738860284e-11  -1.190306717511303e-09
4.8  2.759723764984238e-10  -5.946410314517762e-10
4.8100000000000005  2.680924312582119e-10  -2.39152759013576e-10
4.82  1.8539431890603558e-10  -6.349437966494982e-11
4.83  1.0622746171353725e-10  6.2794701948524205e-12
4.84  5.2087087226898127e-11  2.443297927280356e-11
4.8500000000000005  2.1385905995558365e-11  2.2407378232227136e-11
4.86  6.4894701730226194e-12  1.5288557047277583e-11
4.87  4.4525382686564683e-13  8.8596323021206e-12
4.88  -1.3566743911924274e-12  4.5208585295900104e-12
4.89  -1.4617894251204144e-12  2.030930227595566e-12
4.9  -1.072804170643322e-12  7.723335778161071e-13
4.91  -6.625769047735106e-13  2.1246793697716897e-13
4.92  -3.6484635525661083e-13  2.154114897346065e-15
4.93  -1.8253317279108362e-13  -5.422407923956844e-14
4.94  -8.30934860825923e-14  -5.348371409330184e-14
4.95  -3.4075447947366706e-14  -3.791872572003321e-14
4.96  -1.236612340823667e-14  -2.3179843431269858e-14
4.97  -3.843077354785141e-15  -1.3203328105657343e-14
4.98  -8.309823690249103e-16  -7.583392544481521e-15
4.99  4.043716166353787e-16  -4.70819274118746e-15
5.0  1.2628436085871635e-15  -2.997351047061918e-15
5.01  1.8199406074805215e-15  -1.5024926242017296e-15
5.0200000000000005  1.8073865975501733e-15  -9.160442948027109e-17
5.03  1.1318538654471575e-15  9.541511015069984e-16
5.04  7.200325351531767e-17  1.3202109373776852e-15
5.05  -8.814523201479908e-16  9.368280192411606e-16
5.0600000000000005  -1.255407073378169e-15  3.541874136979279e-17
5.07  -8.834280134475459e-16  -8.177186129551069e-16
5.08  -6.783857309567792e-17  -1.1535594445814648e-15
5.09  7.067033248872406e-16  -8.289373937226465e-16
5.1000000000000005  9.999056899785908e-16  -6.748796001165711e-17
5.11  6.974594256750172e-16  5.880744197255309e-16
5.12  4.4251164430631856e-17  8.346918197171334e-16
5.13  -5.428093198290372e-16  5.167009332505946e-16
5.14  -6.793598736420254e-16  -9.069030324629047e-17
5.15  -2.941298972476011e-16  -5.647156257720598e-16
5.16  3.0290499273675445e-16  -5.212279356730865e-16
5.17  6.118617615116991e-16  -3.4714324305472375e-17
5.18  3.7661526633134513e-16  5.148366433165895e-16
5.19  -2.2869305515828826e-16  6.6486141194371e-16
5.2  -7.303667722493331e-16  2.3128821913512025e-16
5.21  -6.9038905540362545e-16  -4.609207927444472e-16
5.22  -8.290191289729012e-17  -8.842730814419505e-16
5.23  6.640331271333233e-16  -6.564169546705463e-16
5.24  9.694154917993514e-16  1.0018844194215179e-16
5.25  5.649296562854605e-16  8.346130085604245e-16
5.26  -2.8039912872889594e-16  9.84134797351328e-16
5.2700000000000005  -9.410247674366643e-16  4.229164430610396e-16
5.28  -9.2828329107638e-16  -4.464868718738701e-16
5.29  -2.419596624292325e-16  -9.7864064145408e-16
5.3  5.949335654290991e-16  -7.884417697374143e-16
5.3100000000000005  9.561981173431407e-16  -2.207400825960293e-17
5.32  5.683280411151135e-16  7.183413530291601e-16
5.33  -2.1822900524301723e-16  8.546888323543867e-16
5.34  -7.918760545215776e-16  3.142834012693814e-16
5.3500000000000005  -6.880847483748423e-16  -4.537125801581399e-16
5.36  -2.667875344919156e-17  -8.203564327085364e-16
5.37  6.694044357776432e-16  -4.856657737114767e-16
5.38  7.907464111536786e-16  2.9045214901996666e-16
5.39  2.263993367496053e-16  8.218458996953481e-16
5.4  -5.485453539886538e-16  6.924007384216532e-16
5.41  -9.099525856962885e-16  -2.355158321139907e-17
5.42  -5.457217630293306e-16  -7.425754195527202e-16
5.43  2.4064141629405566e-16  -8.82723693324352e-16
5.44  8.044477488045552e-16  -3.631382347022067e-16
5.45  7.498097265334525e-16  3.7007527859969237e-16
5.46  1.7899895819349005e-16  7.325428593973214e-16
5.47  -3.807636748611718e-16  5.355987586990194e-16
5.48  -5.419446648268401e-16  5.0168212862442314e-17
5.49  -3.0893424988368576e-16  -2.761934929644388e-16
5.5  -3.2716431664311695e-17  -2.4401883245948024e-16
5.51  1.0501749162346577e-17  -1.2691795682795978e-16
5.5200000000000005  -2.238661273218536e-17  -1.5712347309366816e-16
5.53  9.342646312003346e-17  -2.8899448384061756e-16
5.54  4.0183869356543783e-16  -2.0415406406913975e-16
5.55  5.221720531172198e-16  2.1252804545629227e-16
5.5600000000000005  1.9483534610756162e-16  6.153715684406465e-16
5.57  -3.9868896709662797e-16  5.599294212712272e-16
5.58  -7.006919441540253e-16  2.0853516592698206e-17
5.59  -4.1410717695461037e-16  -5.447883708031046e-16
5.6000000000000005  2.1520614734136047e-16  -6.013441479499802e-16
5.61  5.654366235272407e-16  -1.3235113782726576e-16
5.62  3.3955636502882123e-16  3.8842397650958344e-16
5.63  -1.7278762031045298e-16  4.444075832668826e-16
5.64  -4.874470892570919e-16  3.153439612031591e-17
5.65  -2.9231656313543526e-16  -4.323716300551518e-16
5.66  2.0517336541979482e-16  -5.4118666547966e-16
5.67  6.057151442121728e-16  -1.7553688555337928e-16
5.68  5.856189155184683e-16  3.952594695396986e-16
5.69  8.892545322508385e-17  7.572140399005483e-16
5.7  -5.457676128199736e-16  6.10971696458816e-16
5.71  -8.79438465182784e-16  6.059362599778697e-18
5.72  -6.390088085260484e-16  -6.714258878361725e-16
5.73  6.044173269840722e-17  -9.717869342716149e-16
5.74  7.624586770053928e-16  -6.222880821739466e-16
5.75  9.717446028428954e-16  1.195112328674219e-16
5.76  5.623999159368947e-16  7.828079816475083e-16
5.7700000000000005  -1.8672133332807376e-16  9.170060971050298e-16
5.78  -7.594951522913228e-16  4.467035407090898e-16
5.79  -7.627834293046597e-16  -2.6032058674711756e-16
5.8  -2.548761097063528e-16  -6.63250848773323e-16
5.8100000000000005  2.937469600805613e-16  -5.368991891014093e-16
5.82  5.031668367637202e-16  -7.518229282887774e-17
5.83  2.8753378987205896e-16  2.973105327429598e-16
5.84  -9.187995774229658e-17  3.245924198219407e-16
5.8500000000000005  -2.7528558028374813e-16  3.7581779152605953e-17
5.86  -1.1707945740076474e-16  -2.2313764847721865e-16
5.87  1.7796303017406545e-16  -2.0890627911725045e-16
5.88  3.1050806800199227e-16  8.043810475083043e-17
5.89  1.013698710447304e-16  3.583214946596705e-16
5.9  -2.8692017701284635e-16  3.3432787671905476e-16
5.91  -5.049848995764986e-16  -5.027397913401839e-17
5.92  -3.0432613696248405e-16  -4.821301092020304e-16
5.93  2.0549827236723543e-16  -6.002018749004196e-16
5.94  6.526894068092202e-16  -2.40570934009515e-16
5.95  6.481446156138729e-16  3.7839545085969546e-16
5.96  1.3627420592378955e-16  7.722334195688545e-16
5.97  -5.283999762969473e-16  6.557652367144313e-16
5.98  -8.648812836134015e-16  3.6639515809974573e-17
5.99  -6.122135576610812e-16  -6.338995347011757e-16
6.0  5.0468220878191345e-17  -9.116364105945962e-16
6.01  7.293610753514793e-16  -6.122971910711396e-16
6.0200000000000005  9.424079777492438e-16  1.316474808309387e-16
6.03  5.470221577834002e-16  7.772244506178268e-16
6.04  -1.836533351023147e-16  9.375983209360052e-16
6.05  -8.098727954785319e-16  5.141952509369071e-16
6.0600000000000005  -9.375121130238813e-16  -2.2311460832264496e-16
6.07  -4.869600298654178e-16  -8.235280339114263e-16
6.08  2.4005951395976012e-16  -9.114220674727959e-16
6.09  8.163429223569466e-16  -4.577121315122081e-16
6.1000000000000005  9.037324319142528e-16  2.765776945722078e-16
6.11  4.1594269734298583e-16  8.348798266688966e-16
6.12  -3.1936556856509816e-16  8.692404424007368e-16
6.13  -8.435357527810994e-16  3.6274315662499083e-16
6.140000000000001  -8.341440802000656e-16  -3.5582620384611013e-16
6.15  -3.057580363466761e-16  -8.383217932398353e-16
6.16  3.9396214534253317e-16  -7.84074423297277e-16
6.17  8.248243999410035e-16  -2.4278248945890124e-16
6.18  7.220935487350733e-16  4.300344370265513e-16
6.19  1.7028793154329866e-16  7.999668748506702e-16
6.2  -4.527664767534342e-16  6.46028613015143e-16
6.21  -7.421510267246813e-16  1.0650672948880442e-16
6.22  -5.567371037838362e-16  -4.4023952735712616e-16
6.23  -6.34288135053295e-17  -6.654172162854183e-16
6.24  4.0828368896536e-16  -4.728315259929863e-16
6.25  5.72759456461801e-16  -4.547617741925566e-17
6.26  4.0112089744905446e-16  3.2646097737284845e-16
6.2700000000000005  6.480454995572878e-17  4.601384949973416e-16
6.28  -2.289625855664009e-16  3.4929796876334816e-16
6.29  -3.6134627369279104e-16  1.0371739546227111e-16
6.3  -3.179734629297922e-16  -1.3066339619672651e-16
6.3100000000000005  -1.6391927782748877e-16  -2.809446163265103e-16
6.32  4.0416078405382455e-17  -3.063956310059996e-16
6.33  2.1465258927714158e-16  -2.1587883025802524e-16
6.34  2.997833115197363e-16  -3.4610420366907874e-17
6.3500000000000005  2.549545210848069e-16  1.6029196859053337e-16
6.36  8.231774978969326e-17  2.906805428796075e-16
6.37  -1.3047928061631864e-16  2.681787181502026e-16
6.38  -2.709156586614386e-16  1.0757479971537999e-16
6.390000000000001  -2.6366113833998197e-16  -1.04026313571578e-16
6.4  -1.0959574028457811e-16  -2.4166514059318265e-16
6.41  7.741614334160354e-17  -2.292396641511111e-16
6.42  1.8821139886839784e-16  -1.0329406229390201e-16
6.43  1.8196200430079766e-16  5.141402277108741e-17
6.44  8.450615019157726e-17  1.3585121076139135e-16
6.45  -1.722827821639359e-17  1.2377402750194376e-16
6.46  -7.014151308552719e-17  6.305587539031461e-17
6.47  -6.324550146661737e-17  4.2117491534098955e-18
6.48  -3.69528154559324e-17  -1.5701061186879222e-17
6.49  -1.9321865424972354e-17  -1.5369336279229756e-17
6.5  -1.7705734971268764e-17  -1.0441844591799243e-17
6.51  -1.99791022864693e-17  -2.4876348386819987e-17
6.5200000000000005  -3.6448164441897046e-18  -3.4242658754675953e-17
6.53  2.1726644922079115e-17  -3.7772566066291134e-17
6.54  4.3920049241555486e-17  -1.6438030858582924e-17
6.55  4.28023097838531e-17  2.5758849571228755e-17
6.5600000000000005  8.426838356827937e-18  5.756235494030436e-17
6.57  -6.33170548506287e-17  3.641078490311099e-17
6.58  -7.294687486284768e-17  -4.196150487183452e-17
6.59  -5.863440297865824e-18  -1.0844264501253248e-16
6.6000000000000005  1.070160000966006e-16  -9.570688336461678e-17
6.61  1.7992006208901235e-16  2.3880666153136623e-17
6.62  1.2656744923307036e-16  1.9717903676092668e-16
6.63  -7.494058574731457e-17  2.6685526026057577e-16
6.640000000000001  -2.811722899936505e-16  1.4182355029065053e-16
6.65  -3.3409636316842685e-16  -1.370936975913792e-16
6.66  -1.2463106815051304e-16  -3.959547245554858e-16
6.67  2.56889481241578e-16  -3.984884153973788e-16
6.68  5.224797125663488e-16  -7.136183288804245e-17
6.69  4.3223127998021294e-16  3.9098431649678696e-16
6.7  -2.5189594423006936e-17  6.393264408456934e-16
6.71  -5.616915233831486e-16  4.2629935015660527e-16
6.72  -7.518290903505084e-16  -1.7655016720827307e-16
6.73  -3.635050415967585e-16  -7.5609446992587785e-16
6.74  3.8216117920517374e-16  -8.331451141187598e-16
6.75  9.466657279706423e-16  -2.5826391005230795e-16
6.76  8.625635536052739e-16  6.0553458421488e-16
6.7700000000000005  9.82171725201351e-17  1.1272224157257532e-15
6.78  -8.628622763493808e-16  8.493712849030454e-16
6.79  -1.2683514932543817e-15  -1.2645727160504791e-16
6.8  -7.488996520529003e-16  -1.0988795887578437e-15
6.8100000000000005  3.7899861461128593e-16  -1.330313343495573e-15
6.82  1.308346556583595e-15  -5.895114688195856e-16
6.83  1.319603037280426e-15  6.446169783836772e-16
6.84  3.5774229411854206e-16  1.4570073791036963e-15
6.8500000000000005  -9.084438741590965e-16  1.217256467025175e-15
6.86  -1.5203544879819466e-15  9.342864229996629e-17
6.87  -1.049632658329217e-15  -1.0852161931920624e-15
6.88  1.2775384020780335e-16  -1.4739841519169829e-15
6.890000000000001  1.1338290386912923e-15  -8.601478118904495e-16
6.9  1.3373151522435799e-15  2.319228557657749e-16
6.91  7.320064265668514e-16  1.0499275526428179e-15
6.92  -1.842620555615489e-16  1.168667423400446e-15
6.93  -8.649939107475137e-16  7.045640043772493e-16
6.94  -1.0547319416552486e-15  -3.084282444504027e-17
6.95  -7.634565024524348e-16  -6.725594350203407e-16
6.96  -1.4653663777838075e-16  -9.734399975715738e-16
6.97  5.062489669085642e-16  -8.143543831791988e-16
6.98  8.711028346582151e-16  -2.651500343173142e-16
6.99  7.502503297008692e-16  3.5338762686635856e-16
7.0  2.959784603938784e-16  6.425335839013228e-16
7.01  -1.3379139721341235e-16  5.404217173082583e-16
7.0200000000000005  -2.9008162716257315e-16  3.0913470122700524e-16
7.03  -2.816380860552595e-16  1.8528009295180513e-16
7.04  -3.7816273575985046e-16  1.7390003334240446e-16
7.05  -6.096504744905007e-16  -3.194017912712805e-17
7.0600000000000005  -6.329361854118024e-16  -5.408971601402154e-16
7.07  -1.6005990574121203e-16  -1.0486076384927585e-15
7.08  6.978960966804305e-16  -1.0249903047061014e-15
7.09  1.3400016161417501e-15  -2.3177760333703425e-16
7.1000000000000005  1.2513062056847471e-15  8.778373499534704e-16
7.11  2.776117151229129e-16  1.6120830358828233e-15
7.12  -9.710581697603243e-16  1.3754100256351393e-15
7.13  -1.6420581107482082e-15  3.1161196370730284e-16
7.140000000000001  -1.4000848176526213e-15  -9.115374254026331e-16
7.15  -3.964615183378995e-16  -1.6470340050371515e-15
7.16  8.447777546380308e-16  -1.4126020066873866e-15
7.17  1.5657502207047502e-15  -4.2296383769115256e-16
7.18  1.4044301562761695e-15  7.726227368048041e-16
7.19  4.60050026711169e-16  1.490634504751387e-15
7.2  -6.879892191693773e-16  1.3398929250093733e-15
7.21  -1.3963637682101801e-15  4.461668065602073e-16
7.22  -1.2389380828112758e-15  -6.404620662733086e-16
7.23  -3.9412819606991887e-16  -1.26428927309249e-15
7.24  6.071538515497926e-16  -1.10744803655957e-15
7.25  1.1466526147487732e-15  -3.1016884219367016e-16
7.26  9.679759414028189e-16  5.568460955405943e-16
7.2700000000000005  2.234325280833758e-16  1.0208846972978775e-15
7.28  -5.703769939341882e-16  8.000544340630806e-16
7.29  -9.056990773342565e-16  8.534837901392483e-17
7.3  -6.210309758164804e-16  -5.908468237472487e-16
7.3100000000000005  7.008284485161344e-17  -8.184425398904592e-16
7.32  6.650929900869468e-16  -4.531097739693421e-16
7.33  7.653600029599517e-16  2.5396351576045836e-16
7.34  2.983724409151294e-16  7.820133423164255e-16
7.3500000000000005  -4.3576253543815055e-16  7.663140951090149e-16
7.36  -9.166278837293678e-16  1.6861512160375556e-16
7.37  -7.827939679848942e-16  -6.127043318881972e-16
7.38  -7.736866672011435e-17  -1.0491607583886058e-15
7.390000000000001  7.514822099650269e-16  -8.264222640343527e-16
7.4  1.1851630788828475e-15  -1.734723481275096e-17
7.41  8.874845303620766e-16  8.847089727143965e-16
7.42  -8.500145005278121e-18  1.3121448372069598e-15
7.43  -9.86710713121886e-16  9.57220414030579e-16
7.44  -1.4266365866365133e-15  -5.082739785403321e-17
7.45  -9.884454366093904e-16  -1.0963452368213028e-15
7.46  1.0286910212468679e-16  -1.5296791611187284e-15
7.47  1.22506171873348e-15  -1.0026701691177316e-15
7.48  1.6268236757705944e-15  2.223915496174952e-16
7.49  9.7907792984145e-16  1.4090291433605322e-15
7.5  -4.1043557441532743e-16  1.7647341921098667e-15
7.51  -1.6889267762095936e-15  9.270362255617704e-16
7.5200000000000005  -1.9458826910884197e-15  -6.550315845273616e-16
7.53  -9.490672137066002e-16  -1.95538030211893e-15
7.54  6.696032617258298e-16  -2.1090768020910038e-15
7.55  1.7166823518244393e-15  -1.0240723199986547e-15
7.5600000000000005  1.255245907214828e-15  3.0921445959227816e-16
7.57  -6.395925455938005e-16  2.6454533008521427e-16
7.58  -2.5900397278283226e-15  -2.634351070619661e-15
7.59  -2.293217699066712e-15  -9.080236562653986e-15
7.6000000000000005  3.2349123380029922e-15  -1.9013783603139436e-14
7.61  1.8270281121336135e-14  -3.204784528032445e-14
7.62  5.0839367438104955e-14  -4.67820227001414e-14
7.63  1.1643680811190753e-13  -5.691315474454072e-14
7.640000000000001  2.414512600273908e-13  -4.098422989873268e-14
7.65  4.614589092788435e-13  5.817048231992959e-14
7.66  8.038444042346435e-13  3.6820295076789187e-13
7.67  1.2335925683726334e-12  1.137104342976979e-12
7.68  1.5223987001600222e-12  2.7843278464084744e-12
7.69  9.803748091119505e-13  5.899041585072375e-12
7.7  -2.016440400071095e-12  1.1042450807907667e-11
7.71  -1.0707703625677245e-11  1.8050580127826343e-11
7.72  -3.0605919968534904e-11  2.4305344369091045e-11
7.73  -6.929584926707033e-11  2.124526075897304e-11
7.74  -1.3335123500227142e-10  -1.1445073794941196e-11
7.75  -2.1846706804717898e-10  -1.1322652806121901e-10
7.76  -2.86877116333073e-10  -3.471248010387951e-10
7.7700000000000005  -2.260968581628553e-10  -7.884910401684265e-10
7.78  2.097689848429632e-10  -1.4719684152120216e-09
7.79  1.4510092964182057e-09  -2.2550535685311737e-09
7.8  4.077609650453285e-09  -2.553464478315809e-09
7.8100000000000005  8.533384084508794e-09  -9.473291085609903e-10
7.82  1.4325799502223903e-08  5.191457843646553e-09
7.83  1.843858105921026e-08  1.957079089663985e-08
7.84  1.2984245676382623e-08  4.5348836206961925e-08
7.8500000000000005  -1.691429139514568e-08  8.04965426752513e-08
7.86  -9.207316917108668e-08  1.0881562054320532e-07
7.87  -2.2933752957679868e-07  8.744870201929378e-08
7.88  -4.1521179857395565e-07  -6.234273601107842e-08
7.890000000000001  -5.585780114286329e-07  -4.437833010694425e-07
7.9  -4.3322583415886934e-07  -1.1231588273034887e-06
7.91  3.452860385293535e-07  -1.987174238876968e-06
7.92  2.2147036997531916e-06  -2.5198658285954107e-06
7.930000000000001  5.304022204094452e-06  -1.594503099928979e-06
7.94  8.73455781166474e-06  2.4585287125775124e-06
7.95  9.742095161181102e-06  1.1075237733069143e-05
7.96  3.2715253894730764e-06  2.3559765174899576e-05
7.97  -1.668030240710959e-05  3.4191266721313525e-05
7.98  -5.24594001839445e-05  2.9810915207369865e-05
7.99  -9.448474960842102e-05  -8.677506700617565e-06
8.0  -0.00011235696013137364  -9.618445929792386e-05
8.01  -5.396401746950719e-05  -0.0002220402738039133
8.02  0.00013422821109375095  -0.00032304714328381935
8.03  0.0004558998732814547  -0.00027146565742206533
8.040000000000001  0.0007923562009075875  8.786202460832337e-05
8.05  0.0008554554696667088  0.0008218679153546252
8.06  0.0002494337014142069  0.0017300922559053073
8.07  -0.0012807202165692811  0.002205066814350389
8.08  -0.0034355372858454027  0.0013255948151454672
8.09  -0.005004123238270649  -0.0016302501373511567
8.1  -0.003991686191135694  -0.006282549204682378
8.11  0.001353416303038868  -0.010327123547109594
8.120000000000001  0.0106675605921154  -0.009698487697598016
8.13  0.019730389542179646  -0.0005742286820654196
8.14  0.02068646651282262  0.0169206010657149
8.15  0.005868738766034743  0.035293970875068345
8.16  -0.02520205870848692  0.04009140540359147
8.17  -0.05957168870035279  0.017020330711138034
8.18  -0.07185359740869283  -0.03543290297749427
8.19  -0.037147708692315866  -0.09540178633667275
8.2  0.047315916671842644  -0.1203045551541878
8.21  0.1455305548600142  -0.06950577218292561
8.22  0.18933762255418488  0.060479430395392046
8.23  0.11660908853537544  0.21201350222961632
8.24  -0.07470545497123884  0.2811728569362742
8.25  -0.2954004784413365  0.17909526386335256
8.26  -0.39490727938792125  -0.09011508514929899
8.27  -0.2546542141882039  -0.39380297628036653
8.28  0.10713555725544857  -0.5252586047019648
8.290000000000001  0.5020830174780196  -0.3374923778381438
8.3  0.6620637953388706  0.12613286470690951
8.31  0.4187621533833277  0.611541915414849
8.32  -0.14677890196510365  0.7910496855637146
8.33  -0.7105165757847306  0.4880990844511084
8.34  -0.8960634369635554  -0.16745252532916496
8.35  -0.535943932451109  -0.7861012663275804
8.36  0.18508998480967365  -0.9623906562402683
8.370000000000001  0.8267914943393745  -0.5559039626194763
8.38  0.9802314684495793  0.19576630765141873
8.39  0.5462872976782854  0.8253504090312828
8.4  -0.19592073898989895  0.9471645673957654
8.41  -0.7809075583247408  0.5102459698358616
8.42  -0.8687042181650102  -0.18373776551691395
8.43  -0.4545535182066922  -0.6994465325085578
8.44  0.1600292927314295  -0.7567626554903768
8.45  0.5924189464555337  -0.3875987342406204
8.46  0.6266244435826084  0.12816938493159147
8.47  0.3174005636234889  0.47396129297920037
8.48  -0.09309887400533823  0.4935218631817251
8.49  -0.3577038972925075  0.25026547045598296
8.5  -0.36987092131054844  -0.05985861415633514
8.51  -0.19029148585586672  -0.2542033815686386
8.52  0.032275558668105324  -0.26378430401873526
8.53  0.16963910834436896  -0.1395426011904669
8.540000000000001  0.1789098892538731  0.012261523342678882
8.55  0.09854981320109157  0.10584787684816255
8.56  0.00016193158028305726  0.11522646894189077
8.57  -0.06131854144052067  0.06684366035327927
8.58  -0.07028023520910112  0.006311591893475222
8.59  -0.043372661426330984  -0.032585718670314956
8.6  -0.008101342368338439  -0.040421325464530075
8.61  0.015533739909228697  -0.026792162883790823
8.620000000000001  0.021777929519372782  -0.007405661505367443
8.63  0.015664629505071647  0.006328734061888892
8.64  0.0056792010860656555  0.010879116947256691
8.65  -0.0019104632844106691  0.00860838378185659
8.66  -0.004954409445008454  0.0038395567333159085
8.67  -0.004407012117126207  -0.00012008429253313092
8.68  -0.0023330932654038027  -0.0019933755651582127
8.69  -0.0004010884874634062  -0.002075816255809812
8.700000000000001  0.0006594262501866982  -0.0012823831001263317
8.71  0.0008822026260061757  -0.0004123425108868448
8.72  0.0006364058148402683  0.00013831680468117164
8.73  0.00028220120028997107  0.000326302786171629
8.74  2.176538075019711e-05  0.00028226228666853144
8.75  -9.642719554679832e-05  0.00015679836495802106
8.76  -0.00010929554910092433  4.6083327348062115e-05
8.77  -7.40405054881805e-05  -1.6042771269603918e-05
8.78  -3.280865452382646e-05  -3.4995707089131434e-05
8.790000000000001  -4.7129679478090955e-06  -2.974676761715496e-05
8.8  7.827038482782e-06  -1.7041757618070257e-05
8.81  9.807223759062355e-06  -6.162438965149362e-06
8.82  7.097005001161439e-06  6.879470653287021e-08
8.83  3.6290015991668107e-06  2.335172052947187e-06
8.84  1.1224835834628032e-06  2.3497972633007423e-06
8.85  -1.5410709587848094e-07  1.5522868990260051e-06
8.86  -5.500743217618992e-07  7.470441834685277e-07
8.870000000000001  -5.026263047624262e-07  2.1802363179295893e-07
8.88  -3.1945956149715013e-07  -3.481972702964767e-08
8.89  -1.5267281499477833e-07  -1.083889886532398e-07
8.9  -4.750814681946948e-08  -9.742187611517317e-08
8.91  2.2965234921997358e-09  -6.23082327152414e-08
8.92  1.765757487139547e-08  -3.096767769481e-08
8.93  1.6942144271772546e-08  -1.111055646920321e-08
8.94  1.136937258293906e-08  -1.3427812050627587e-09
8.950000000000001  6.073109970050228e-09  2.121098427821883e-09
8.96  2.5550676390963405e-09  2.5289565797786824e-09
8.97  6.958574980516356e-10  1.8734139921175268e-09
8.98  -7.715903298606596e-11  1.102591786581527e-09
8.99  -2.841081526696376e-10  5.378480017530739e-10
9.0  -2.59440831393235e-10  2.0899601605043189e-10
9.01  -1.7450387343577027e-10  5.034124928368921e-11
9.02  -9.800514678937627e-11  -1.0524004330021448e-11
9.03  -4.711198517161482e-11  -2.4848647162478206e-11
9.040000000000001  -1.8823621530449946e-11  -2.1613846933335263e-11
9.05  -5.368438387349263e-12  -1.439223936569253e-11
9.06  -5.73302914074294e-14  -8.200298349685108e-12
9.07  1.4282747382262814e-12  -4.121043450235281e-12
9.08  1.4260732231644126e-12  -1.8189767318661586e-12
9.09  1.0183617153990002e-12  -6.726905501493e-13
9.1  6.186182167056376e-13  -1.7160321625740372e-13
9.11  3.3585397586568823e-13  1.1283530632048287e-14
9.120000000000001  1.654431771640024e-13  5.6246428732022776e-14
9.13  7.390784176374869e-14  5.139068727824631e-14
9.14  2.9906808182819054e-14  3.486915059331851e-14
9.15  1.1270298577815775e-14  2.0647076318627898e-14
9.16  4.381884604082246e-15  1.1905875361118711e-14
9.17  1.6943344646909168e-15  7.617769064858897e-15
9.18  -1.0046750800879755e-16  5.524187958834801e-15
9.19  -1.7529151852700677e-15  3.8613191089431295e-15
9.200000000000001  -2.8622995955623553e-15  1.8304059264983408e-15
9.21  -2.8421147183966385e-15  -3.7781861014806224e-16
9.22  -1.5815614792894749e-15  -2.0126079632122765e-15
9.23  2.9080286406817224e-16  -2.402515189619999e-15
9.24  1.8337345846240907e-15  -1.4464187541534846e-15
9.25  2.258534411396837e-15  2.4470233113094944e-16
9.26  1.385245902721119e-15  1.63916249636636e-15
9.27  -1.206672712333218e-16  2.0444752099661004e-15
9.28  -1.4307386707409791e-15  1.2940776306672418e-15
9.290000000000001  -1.7814027658505384e-15  -1.0072316854007442e-16
9.3  -1.088578402230508e-15  -1.2295138579576263e-15
9.31  1.2015116499922827e-16  -1.492167269122918e-15
9.32  1.0789832504452826e-15  -8.450639463098005e-16
9.33  1.2205087767029566e-15  2.365697304494251e-16
9.34  5.251453970323662e-16  1.0075998205616653e-15
9.35  -4.516837916246165e-16  9.316517741821403e-16
9.36  -9.485647815199935e-16  1.515228602138823e-16
9.370000000000001  -6.237581899152213e-16  -6.697754124537566e-16
9.38  2.0763829667807568e-16  -8.930002423697783e-16
9.39  8.806473181029286e-16  -3.5459869397562583e-16
9.4  8.269184283607461e-16  5.677734687975761e-16
9.41  3.486810971565329e-17  1.0708039748724008e-15
9.42  -8.90784806239079e-16  7.286917264461945e-16
9.43  -1.1956202729010179e-15  -2.645760850537435e-16
9.44  -5.725754712302946e-16  -1.1578583176494664e-15
9.450000000000001  5.705741829442951e-16  -1.2170930779799004e-15
9.46  1.3448605487877429e-15  -3.271781085682924e-16
9.47  1.1196243485844765e-15  8.538432888443293e-16
9.48  3.602089069265373e-17  1.4279851387483545e-15
9.49  -1.0939352558075994e-15  9.11379824362271e-16
9.5  -1.3651986592748838e-15  -2.9388460528111183e-16
9.51  -5.940934478423202e-16  -1.2371580790986686e-15
9.52  6.311529821929745e-16  -1.185651687846929e-15
9.53  1.3047285312242584e-15  -1.762675864455669e-16
9.540000000000001  8.865432041004341e-16  9.485254184069754e-16
9.55  -2.820865162378651e-16  1.253684255662125e-15
9.56  -1.2022119061739953e-15  4.85475528573153e-16
9.57  -1.119602220187919e-15  -7.328992200425318e-16
9.58  -5.3791843136851115e-17  -1.3957586778903424e-15
9.59  1.135849003276657e-15  -9.144100630325119e-16
9.6  1.473030543342496e-15  3.476700937624816e-16
9.61  6.726931081167601e-16  1.3932345977371347e-15
9.620000000000001  -6.415281249208827e-16  1.4181871366361003e-15
9.63  -1.4692147752271667e-15  4.261098635996985e-16
9.64  -1.2386728811109376e-15  -7.98899405075859e-16
9.65  -2.141717408553208e-16  -1.352329259447695e-15
9.66  7.578037547590801e-16  -9.735853367478404e-16
9.67  1.0611348814054443e-15  -1.1192884478677123e-16
9.68  6.916360863615434e-16  5.259271129338661e-16
9.69  1.5009623656016603e-16  6.642164317018084e-16
9.700000000000001  -1.739901232008264e-16  4.927499220814303e-16
9.71  -3.1520194780333927e-16  3.30735761267279e-16
9.72  -4.629010934823444e-16  2.0680143477367434e-16
9.73  -6.072543443310172e-16  -9.984248788077593e-17
9.74  -4.592937687528651e-16  -5.880412899198068e-16
9.75  1.1650366188770244e-16  -8.272242901022035e-16
9.76  7.447655492650755e-16  -4.912506879897003e-16
9.77  8.518743796697819e-16  2.664310418322566e-16
9.78  2.903900471875993e-16  8.365564465150622e-16
9.790000000000001  -4.921551098010946e-16  6.834337619580623e-16
9.8  -7.755232699418513e-16  -4.1234880356340664e-17
9.81  -3.268671507939169e-16  -6.704507324409861e-16
9.82  4.218065221495729e-16  -5.959828180668593e-16
9.83  7.699423390737578e-16  7.277034619647281e-17
9.84  3.8321787648199737e-16  7.531112092012485e-16
9.85  -4.2260962115796187e-16  8.436376310412878e-16
9.86  -1.025618266126535e-15  2.1299412805858625e-16
9.870000000000001  -9.132197393475427e-16  -7.151818043326106e-16
9.88  -9.073182135095864e-17  -1.2544845441527985e-15
9.89  9.18660013120037e-16  -9.696980776917051e-16
9.9  1.4167731141982089e-15  1.6030636560054677e-17
9.91  9.852429845614654e-16  1.0862630546779979e-15
9.92  -1.301950049977792e-16  1.4934830273434198e-15
9.93  -1.1823769286735604e-15  9.290575280747187e-16
9.94  -1.4500599599836918e-15  -2.1223315100838504e-16
9.950000000000001  -7.988708567183887e-16  -1.1582660483137567e-15
9.96  2.9015184509358765e-16  -1.2761758029744185e-15
9.97  1.0443846379698171e-15  -5.976583553533207e-16
9.98  1.0136066477168789e-15  3.4269481726103705e-16
9.99  3.620820069679335e-16  8.542651850255364e-16
10.0  -3.5673896786719635e-16  6.856305788293838e-16
10.01  -5.990188593393535e-16  1.0716372257482286e-16
10.02  -3.0730863831602465e-16  -3.2672401758203007e-16
10.03  1.2036392638233842e-16  -2.9867893705749666e-16
10.040000000000001  2.4943945072001595e-16  4.415502115866211e-17
10.05  -5.184427694547713e-18  2.860636572077007e-16
10.06  -3.59783331213404e-16  1.1943234761252923e-16
10.07  -3.8618218791958303e-16  -3.2068221036308084e-16
10.08  4.173176742599479e-17  -6.345965925586897e-16
10.09  6.232877729402524e-16  -4.082238720469536e-16
10.1  8.030582968910156e-16  2.6449718938649205e-16
10.11  3.46965385975424e-16  8.751061183163008e-16
10.120000000000001  -4.813226387118859e-16  8.94135341975642e-16
10.13  -1.0764903422066313e-15  2.1262768997006812e-16
10.14  -9.238089031386187e-16  -7.095238915172097e-16
10.15  -7.648987459369607e-17  -1.2317751156849781e-15
10.16  9.198104078475575e-16  -8.956060958955939e-16
10.17  1.3277328092100154e-15  1.0153272793954965e-16
10.18  8.316999232399639e-16  1.0828833910761385e-15
10.19  -2.467973976864806e-16  1.3637649566929736e-15
10.200000000000001  -1.1866071645130033e-15  7.62319756461873e-16
10.21  -1.385136924596583e-15  -3.544170959434322e-16
10.22  -6.909574670927146e-16  -1.2538704381747578e-15
10.23  4.292483780376406e-16  -1.3675298224304996e-15
10.24  1.2775568755857503e-15  -6.355572721912836e-16
10.25  1.3431682308247456e-15  4.53167468472472e-16
10.26  6.046348080898957e-16  1.2637144704479237e-15
10.27  -4.541511497509076e-16  1.2969447801164781e-15
10.28  -1.2295089248323043e-15  6.042956538845566e-16
10.290000000000001  -1.2762808309750774e-15  -4.2998003917846244e-16
10.3  -5.937836208854815e-16  -1.1871045668938916e-15
10.31  4.1601465606669217e-16  -1.2390067971632244e-15
10.32  1.1574200695648018e-15  -5.759604183725247e-16
10.33  1.1980551418364736e-15  4.076124665155983e-16
10.34  5.346098666571032e-16  1.1252028027195772e-15
10.35  -4.2645080688708334e-16  1.146273958209885e-15
10.36  -1.1014457960540548e-15  4.695572318973748e-16
10.370000000000001  -1.064474737888784e-15  -4.618986255011911e-16
10.38  -3.713322206432886e-16  -1.0523105475225812e-15
10.39  5.025592981770983e-16  -9.430220379074355e-16
10.4  9.775477825976887e-16  -2.5526524793698686e-16
10.41  8.012767795809899e-16  5.133771450532284e-16
10.42  1.5545895590495516e-16  8.684909149557999e-16
10.43  -4.805932453106298e-16  6.500857774619235e-16
10.44  -7.279492115244733e-16  1.0105258404218464e-16
10.450000000000001  -5.248948411358033e-16  -3.976618741567934e-16
10.46  -1.0308283382682841e-16  -5.733839818215816e-16
10.47  2.6365307924637105e-16  -4.353536682924664e-16
10.48  4.2648978074604843e-16  -1.5894417818025942e-16
10.49  4.12229774764684e-16  1.1262880439198744e-16
10.5  2.6912162733515433e-16  3.254090474688249e-16
10.51  3.650443735674232e-17  4.417328586328757e-16
10.52  -2.624309502504636e-16  4.0856565436097883e-16
10.53  -5.141006741205679e-16  1.7126820126985597e-16
10.540000000000001  -5.47746103386306e-16  -2.243202178455887e-16
10.55  -2.7836237088752785e-16  -5.788845498693424e-16
10.56  1.995414275485342e-16  -6.558491643435032e-16
10.57  6.172409784023949e-16  -3.6685356169347456e-16
10.58  7.248468887246267e-16  1.525723508345107e-16
10.59  4.3985711092861323e-16  6.196035571735352e-16
10.6  -8.929388246840014e-17  7.57957155212332e-16
10.61  -5.659915551458518e-16  4.977998204528911e-16
10.620000000000001  -7.308231240999186e-16  -3.4654386848353e-18
10.63  -5.350563176604961e-16  -4.662579522377965e-16
10.64  -1.0126734238278998e-16  -6.686584573172682e-16
10.65  3.392317616174682e-16  -5.543047962177795e-16
10.66  5.841822803700706e-16  -1.956464380445761e-16
10.67  5.444822512176295e-16  2.0554121123160173e-16
10.68  2.919777815126176e-16  4.781674861905958e-16
10.69  -6.7041180238751e-17  5.363432983081552e-16
10.700000000000001  -3.810025873821607e-16  3.6941908450775036e-16
10.71  -5.206670548586247e-16  4.88008845459424e-17
10.72  -4.416021056667459e-16  -3.0384349417183093e-16
10.73  -1.3172000901782496e-16  -5.441835384076589e-16
10.74  2.782716831357769e-16  -5.129586408967087e-16
10.75  5.87283462228101e-16  -1.810735158499518e-16
10.76  5.753919815899204e-16  3.080315947192305e-16
10.77  2.0118197491037955e-16  6.546231235133926e-16
10.78  -3.471896663554247e-16  6.368720006870466e-16
10.790000000000001  -7.328964916876284e-16  2.0351008266442964e-16
10.8  -6.722253834635475e-16  -4.084659827657508e-16
10.81  -1.655336046267282e-16  -7.983956296023427e-16
10.82  4.737379460372672e-16  -7.011733961156935e-16
10.83  8.727664120430228e-16  -1.3858920639758012e-16
10.84  7.17458569869727e-16  5.755084937173288e-16
10.85  5.548140135215927e-17  9.46212423888141e-16
10.86  -6.975652111965325e-16  6.972907400965158e-16
10.870000000000001  -1.0254933954351197e-15  -8.292681345908413e-17
10.88  -6.380326150259068e-16  -8.862866951479799e-16
10.89  2.8852126947976657e-16  -1.1334089335717395e-15
10.9  1.1340348328048294e-15  -5.417763798113875e-16
10.91  1.2213458505359418e-15  5.744379765594744e-16
10.92  3.6076687040690487e-16  1.4178548468208744e-15
10.93  -9.257835299634006e-16  1.273195145839697e-15
10.94  -1.6879506409087414e-15  1.0831295919491996e-16
10.950000000000001  -1.2470474422394196e-15  -1.3171496789930845e-15
10.96  2.2414421058153826e-16  -1.918299759973072e-15
10.97  1.7010053419310777e-15  -1.1300639753483666e-15
10.98  2.054121340381167e-15  6.008186196058469e-16
10.99  8.951472293132953e-16  2.03715435813298e-15
11.0  -1.0127467758265307e-15  2.064249821665275e-15
11.01  -2.291571394866464e-15  5.619216446590058e-16
11.02  -1.939265382654074e-15  -1.4180323001730087e-15
11.03  -1.645275920908796e-16  -2.4247697095687848e-15
11.040000000000001  1.7620740013503505e-15  -1.698485696315724e-15
11.05  2.4258482794965502e-15  2.433617215248455e-16
11.06  1.3734790266648219e-15  1.967896351866634e-15
11.07  -5.642357371388508e-16  2.264614361578407e-15
11.08  -1.983520561816175e-15  1.0467535886803655e-15
11.09  -2.0053898417231176e-15  -7.067518652741411e-16
11.1  -8.345778636095701e-16  -1.807080983193403e-15
11.11  6.220495278306445e-16  -1.7302443735949495e-15
11.120000000000001  1.4985921875607255e-15  -7.618410105968556e-16
11.13  1.4760947617469065e-15  3.94244853454416e-16
11.14  7.876662705215162e-16  1.135883105028102e-15
11.15  -9.93857712670405e-17  1.2448426752855456e-15
11.16  -7.7748639817381175e-16  8.231679421274864e-16
11.17  -9.94935208800034e-16  1.6349201490465744e-16
11.18  -7.819377451243198e-16  -3.85678356233802e-16
11.19  -3.891580528306928e-16  -6.260227025151754e-16
11.200000000000001  -6.999839995227529e-17  -6.149863500046314e-16
11.21  1.0612193522902142e-16  -5.728627626937749e-16
11.22  3.5479645809064157e-16  -5.981362047371844e-16
11.23  7.803261873919101e-16  -4.510007679964206e-16
11.24  1.1714165066382103e-15  1.1769150671625125e-16
11.25  1.0242552188271653e-15  1.046135454203095e-15
11.26  6.314309861049636e-17  1.7042738666612469e-15
11.27  -1.3029836176311504e-15  1.4552622680260467e-15
11.28  -2.1328192603285148e-15  1.6448365889179493e-16
11.290000000000001  -1.7632867553339703e-15  -1.483311497950198e-15
11.3  -2.510590480661785e-16  -2.393012928724597e-15
11.31  1.5636886430989586e-15  -1.94690001282326e-15
11.32  2.4662014182470468e-15  -3.172044855887226e-16
11.33  2.030903237418207e-15  1.4867690484084144e-15
11.34  3.9610719403380864e-16  2.5294842407704886e-15
11.35  -1.4862821533717581e-15  2.0953643934263974e-15
11.36  -2.483941006828093e-15  4.770849686513977e-16
11.370000000000001  -2.1151470121394162e-15  -1.408226896474059e-15
11.38  -5.311738787505405e-16  -2.438835270472633e-15
11.39  1.3294899557235691e-15  -2.051823977889715e-15
11.4  2.317979036398578e-15  -5.058415993901722e-16
11.41  1.9154802983241988e-15  1.254207064398603e-15
11.42  4.0592436463064063e-16  2.176992256305914e-15
11.43  -1.2195112034912027e-15  1.715295095764048e-15
11.44  -2.0062080737159568e-15  2.7686212755374464e-16
11.450000000000001  -1.4883929693263956e-15  -1.1882854527784058e-15
11.46  -9.36752029236694e-17  -1.806540965474422e-15
11.47  1.2347760907431423e-15  -1.2115308454341315e-15
11.48  1.6365380810240938e-15  1.4571678660705653e-16
11.49  8.93035618753768e-16  1.300348724764526e-15
11.5  -4.0800697687054165e-16  1.4887396906923604e-15
11.51  -1.3943707387535624e-15  6.16867669947744e-16
11.52  -1.3907278156862372e-15  -6.876443848324362e-16
11.53  -3.6914915852674635e-16  -1.5504958422149597e-15
11.540000000000001  9.763023706718356e-16  -1.3340023526453783e-15
11.55  1.7284784705546153e-15  -1.6445178527439059e-16
11.56  1.3468122011830106e-15  1.2233269954242398e-15
11.57  4.5102807497238474e-18  1.904032487344809e-15
11.58  -1.4523104942488378e-15  1.3551659795078305e-15
11.59  -2.0795865030905213e-15  -1.238592561353519e-16
11.6  -1.4054729602848299e-15  -1.6438239658043555e-15
11.61  2.0695251065905752e-16  -2.2343238370378566e-15
11.620000000000001  1.805500193784198e-15  -1.4436368766956138e-15
11.63  2.3619994848836693e-15  3.002372656116928e-16
11.64  1.4557799410381388e-15  1.97550309444544e-15
11.65  -4.3749726064005e-16  2.4695523404035805e-15
11.66  -2.150796901688433e-15  1.41588130109587e-15
11.67  -2.564268242188168e-15  -6.106226635415029e-16
11.68  -1.3253287356456067e-15  -2.3685046979231033e-15
11.69  9.110767695817548e-16  -2.6622801185800215e-15
11.700000000000001  2.7155361292914903e-15  -1.1476930517065386e-15
11.71  2.8165404036805833e-15  1.3052059433227315e-15
11.72  1.0311196341202068e-15  3.0805219486366557e-15
11.73  -1.4828416272632121e-15  2.9264785039704234e-15
11.74  -2.8681917951764077e-15  9.207939315527532e-16
11.75  -1.8932772016785382e-15  -1.226969914557482e-15
11.76  1.0180224718784905e-15  -1.2583684094711992e-15
11.77  3.71809787819001e-15  2.521594044681867e-15
11.78  3.186426816845901e-15  1.0406953077081741e-14
11.790000000000001  -3.859933206399357e-15  2.1618037221448712e-14
11.8  -2.1609797284939845e-14  3.508495577397601e-14
11.81  -5.803049013541932e-14  4.902146397145201e-14
11.82  -1.2930915019304494e-13  5.648554540771161e-14
11.83  -2.633455302783455e-13  3.36661254429767e-14
11.84  -4.966554511404138e-13  -8.275515689382096e-14
11.85  -8.536104115219876e-13  -4.326297133039322e-13
11.86  -1.2846489497175836e-12  -1.2834881595036317e-12
11.870000000000001  -1.5218465376776193e-12  -3.0788172141957283e-12
11.88  -7.886146596858276e-13  -6.4217717081482846e-12
11.89  2.700764178270587e-12  -1.1835806900534208e-11
11.9  1.244005269889631e-11  -1.8972980651843498e-11
11.91  3.4244500898145125e-11  -2.470753827227279e-11
11.92  7.583328166804737e-11  -1.9376093524786644e-11
11.93  1.4315698322955872e-10  1.9317937137094956e-11
11.94  2.292996794175939e-10  1.3369138930673444e-10
11.950000000000001  2.898411830855319e-10  3.8946368959708044e-10
11.96  1.9907294146470635e-10  8.610524393319608e-10
11.97  -3.098611602329535e-10  1.5706727064801473e-09
11.98  -1.6909787381533954e-09  2.338084199686452e-09
11.99  -4.530547697764731e-09  2.498108164425417e-09
12.0  -9.213026924345669e-09  4.964598505300538e-10
12.01  -1.503552453548107e-08  -6.4555864404803156e-09
12.02  -1.8512260529721105e-08  -2.2131997090774418e-08
12.030000000000001  -1.097203949458267e-08  -4.937614561063495e-08
12.040000000000001  2.3376521667960866e-08  -8.497529220465733e-08
12.05  1.056573367297798e-07  -1.1011631986818788e-07
12.06  2.5078414165645785e-07  -7.776024614058324e-08
12.07  4.385592882899872e-07  9.52126103456047e-08
12.08  5.640375019299801e-07  5.121735914850509e-07
12.09  3.8099861405706957e-07  1.2266695621102748e-06
12.1  -5.113739807291115e-07  2.0884618124323086e-06
12.11  -2.538692015314516e-06  2.514317671436367e-06
12.120000000000001  -5.7489699773879015e-06  1.2961591553683345e-06
12.13  -9.07510250488762e-06  -3.2687652007454965e-06
12.14  -9.467710622294152e-06  -1.2479306807564387e-05
12.15  -1.6266755760344088e-06  -2.5181748836871558e-05
12.16  2.032613134381675e-05  -3.481916732842056e-05
12.17  5.776064581965428e-05  -2.7278608129373968e-05
12.18  9.892545944939013e-05  1.679177616228933e-05
12.19  0.00011045992923642661  0.00011049546770063312
12.200000000000001  3.838269665678643e-05  0.00023803438699930395
12.21  -0.00016806644226655885  0.00032816323078162967
12.22  -0.0005013499589946902  0.00024627450745009843
12.23  -0.0008228573321144503  -0.000159821279963579
12.24  -0.0008243650323448114  -0.0009340564859451367
12.25  -0.00010987454962625015  -0.0018301199934934835
12.26  0.001530925990815721  -0.0021890608323540182
12.27  0.003699027780662674  -0.0010768291567242899
12.280000000000001  0.005063343960897814  0.002145189438853583
12.290000000000001  0.003582407755678817  0.006891419825104193
12.3  -0.0023445703835112243  0.010597322506554428
12.31  -0.011947024272953966  0.009075655819279197
12.32  -0.020475976242541244  -0.0012270239940976565
12.33  -0.01980866748842683  -0.019411439332662015
12.34  -0.0027557584751967457  -0.03697419159336279
12.35  0.029743352823641534  -0.03894312217535449
12.36  0.06290687031454263  -0.011875812325552577
12.370000000000001  0.07044993833374152  0.043238622591945594
12.38  0.02898496929459138  0.10141412526866334
12.39  -0.06001579127574387  0.11867137321579282
12.4  -0.15552309730959454  0.05703900502753611
12.41  -0.18745380238547082  -0.08008250502779832
12.42  -0.09826356892530129  -0.22744972793764273
12.43  0.10344140245036791  -0.2788748969679568
12.44  0.31766430688370934  -0.15309652936064114
12.450000000000001  0.3917814827141076  0.13012401948945668
12.46  0.2192326836186078  0.42385920256419785
12.47  -0.1600191482681831  0.5205741365193406
12.48  -0.5401129438718044  0.29121728562139504
12.49  -0.6548120918575898  -0.19244365255161366
12.5  -0.3609683892799865  -0.6566745447087446
12.51  0.22558826043708555  -0.7801332023332783
12.52  0.7607806602254158  -0.419304986696372
12.530000000000001  0.8806156323728631  0.2561641053928681
12.540000000000001  0.4581099239700147  0.8386676966230348
12.55  -0.279623063590849  0.9421323173019562
12.56  -0.8784704395899724  0.47238988927065934
12.57  -0.9557198243310219  -0.29112106821945505
12.58  -0.4614481759276765  -0.8731996550511627
12.59  0.2869966359279063  -0.9198097480770676
12.6  0.8227559741706951  -0.42873705326964073
12.61  0.8405155961050919  0.26617450703884343
12.620000000000001  0.38053487038892864  0.7341721353564163
12.63  -0.2308316152231035  0.7299036788778227
12.64  -0.6199270615365173  0.32407368456377994
12.65  -0.6029357970241996  -0.1859663594544132
12.66  -0.2658674473733752  -0.49492699245578103
12.67  0.13802777396800678  -0.4741763074769127
12.68  0.37321427936543566  -0.21073860153722146
12.69  0.35525323516140644  0.09318324416569014
12.700000000000001  0.16161931631514956  0.26543404068686016
12.71  -0.055901560124226604  0.2535907928170459
12.72  -0.17764373268657493  0.11987490743561942
12.73  -0.17238600352857095  -0.028292068042964125
12.74  -0.0858010157920758  -0.11147170805508913
12.75  0.010252562739227866  -0.11143668259039602
12.76  0.06520025704193612  -0.059047600287134065
12.77  0.06832701268791376  0.00016271249935310235
12.780000000000001  0.03888959776657189  0.035199663614210605
12.790000000000001  0.004257331948505006  0.03957481252351843
12.8  -0.017236215423347374  0.024381483338480517
12.81  -0.021519132034897435  0.005233291371739696
12.82  -0.014463944812643077  -0.007391727987585879
12.83  -0.004516706349144475  -0.010882776434622219
12.84  0.0025414672708519593  -0.00806372496069777
12.85  0.0050427255262973005  -0.003254901339615281
12.86  0.004189301909286337  0.0004733993310266433
12.870000000000001  0.002059765425961434  0.0020849206268367085
12.88  0.00021599508879516943  0.0020050398370501316
12.89  -0.0007269360851714251  0.001165635254605339
12.9  -0.0008686454906336431  0.00032248582468232125
12.91  -0.0005922214880562778  -0.00017984750013398036
12.92  -0.00024230591508082378  -0.0003301208055762074
12.93  5.23460042709915e-07  -0.0002684143871905876
12.94  0.00010260449408815365  -0.00014093579996762046
12.950000000000001  0.00010643772857482476  -3.5519119072232505e-05
12.96  6.86140555753225e-05  2.042306238399664e-05
12.97  2.8411043135441555e-05  3.525914860024852e-05
12.98  2.362060071380845e-06  2.8301671492960166e-05
12.99  -8.52142327355416e-06  1.547444133764402e-05
13.0  -9.621194275271328e-06  5.122651969615563e-06
13.01  -6.650959167513735e-06  -5.35716685156236e-07
13.02  -3.2477419060746063e-06  -2.425021369355512e-06
13.030000000000001  -8.998998608306841e-07  -2.2719075003635e-06
13.040000000000001  2.421674740521666e-07  -1.4422607377630966e-06
13.05  5.60469939812491e-07  -6.640776217012912e-07
13.06  4.826875267957091e-07  -1.7297452487602262e-07
13.07  2.9602761528894355e-07  5.161242951259745e-08
13.08  1.3599682424770446e-07  1.100389724351764e-07
13.09  3.8653200772574714e-08  9.351601564079743e-08
13.1  -5.6603359853756745e-09  5.788819835735444e-08
13.11  -1.814647811867955e-08  2.7837257635240702e-08
13.120000000000001  -1.6357609960991715e-08  9.411714805509447e-09
13.13  -1.0636886554960365e-08  6.432177158414785e-10
13.14  -5.52975122845011e-09  -2.2860718610298545e-09
13.15  -2.2426588882275645e-09  -2.477423049378211e-09
13.16  -5.521420207428029e-10  -1.7724694420517638e-09
13.17  1.2523581389343099e-10  -1.0184395088803502e-09
13.18  2.888435558248442e-10  -4.848392509727994e-10
13.19  2.4997781345494654e-10  -1.814934436714936e-10
13.200000000000001  1.6380754626374718e-10  -3.8682698765635133e-11
13.21  9.020561593534564e-11  1.4072125696224291e-11
13.22  4.2494178839096965e-11  2.5010210810682025e-11
13.23  1.649050889182803e-11  2.0768921215303924e-11
13.24  4.370871660875627e-12  1.351667015894442e-11
13.25  -2.7373728070560686e-13  7.57528297486342e-12
13.26  -1.4782377087474352e-12  3.748856762365731e-12
13.27  -1.3845844501360079e-12  1.6246258044435055e-12
13.280000000000001  -9.64079217226103e-13  5.829173546797589e-13
13.290000000000001  -5.763611467917949e-13  1.357635258663525e-13
13.3  -3.086523494653579e-13  -2.2416032809071748e-14
13.31  -1.497128364344961e-13  -5.735047172665157e-14
13.32  -6.567006621356304e-14  -4.9099894606221147e-14
13.33  -2.6292162001942213e-14  -3.1976457575180486e-14
13.34  -1.0429989782398457e-14  -1.8375827811226002e-14
13.35  -4.914519217181159e-15  -1.0798803952390135e-14
13.36  -2.4770911287197063e-15  -7.702764404504949e-15
13.370000000000001  -1.1858411141981175e-16  -6.3959052647260194e-15
13.38  2.3730815289362996e-15  -4.710638772448801e-15
13.39  3.9528338834620345e-15  -1.999980779390623e-15
13.4  3.737169984565114e-15  1.0243572626470983e-15
13.41  1.7741395558746574e-15  3.0758432718222593e-15
13.42  -8.597351411136355e-16  3.266653747574751e-15
13.43  -2.746611554701413e-15  1.6670009294698471e-15
13.44  -2.978289419168917e-15  -6.992595398103267e-16
13.450000000000001  -1.5741920820073724e-15  -2.414203487449877e-15
13.46  5.287008227965047e-16  -2.6323428719488035e-15
13.47  2.061585822906817e-15  -1.4087911790562837e-15
13.48  2.2474789395427437e-15  4.3900566692897667e-16
13.49  1.137818683582335e-15  1.7763150797241643e-15
13.5  -4.692110923601753e-16  1.848152875218838e-15
13.51  -1.5439961143638702e-15  7.928015087748816e-16
13.52  -1.446334823056092e-15  -6.320269053728191e-16
13.530000000000001  -3.672124128925899e-16  -1.401243285772435e-15
13.540000000000001  8.650903358963029e-16  -1.0396718028842321e-15
13.55  1.2838161824361953e-15  1.1480345104810245e-16
13.56  5.980980009555085e-16  1.1310154792491454e-15
13.57  -6.2079114578534985e-16  1.1497249320203674e-15
13.58  -1.3838903625582172e-15  1.424712523711934e-16
13.59  -9.961898924559077e-16  -1.108160961806717e-15
13.6  2.987839975348973e-16  -1.5754963006322173e-15
13.61  1.5255617369048835e-15  -8.051050512107011e-16
13.620000000000001  1.6819828023446422e-15  7.217842418758895e-16
13.63  5.502825984927235e-16  1.836860595029949e-15
13.64  -1.0950607422932452e-15  1.6652427319051272e-15
13.65  -2.043824104408385e-15  2.237081995273831e-16
13.66  -1.4969939760847038e-15  -1.4520059517945318e-15
13.67  1.705715280171453e-16  -2.0927091454795645e-15
13.68  1.7295925495746581e-15  -1.1961989520933238e-15
13.69  1.9977535203543543e-15  6.0638324475915565e-16
13.700000000000001  7.435958282655432e-16  1.924858817746957e-15
13.71  -1.0709691606827915e-15  1.734001625723619e-15
13.72  -1.9991242724036427e-15  1.687449482482332e-16
13.73  -1.2953345826439938e-15  -1.5022442397326615e-15
13.74  4.790378817603365e-16  -1.936489559609479e-15
13.75  1.8723667812294124e-15  -7.641164906826209e-16
13.76  1.7665935229840266e-15  1.079517305874776e-15
13.77  2.0312034868049652e-16  2.1115104073503505e-15
13.780000000000001  -1.5759487562845798e-15  1.4954382725950274e-15
13.790000000000001  -2.18887704208987e-15  -3.110843622849698e-16
13.8  -1.1524604111578799e-15  -1.908740532262115e-15
13.81  7.082293123971362e-16  -2.085892175001597e-15
13.82  1.9762114989948626e-15  -7.98806905036373e-16
13.83  1.8099577132110062e-15  9.090835950474903e-16
13.84  5.0949602331389385e-16  1.7956496247381644e-15
13.85  -8.645859938821722e-16  1.4347635805945108e-15
13.86  -1.4243611024896256e-15  3.4867254638656113e-16
13.870000000000001  -1.0855499776883284e-15  -6.080040107063991e-16
13.88  -3.840376296178837e-16  -9.587287242660721e-16
13.89  1.9379854065321578e-16  -8.477555089429525e-16
13.9  5.620717294895744e-16  -5.701505940547468e-16
13.91  7.888920225283091e-16  -1.753959573531197e-16
13.92  7.987719070181332e-16  3.6260747146369966e-16
13.93  3.8053187987541303e-16  8.812967459286384e-16
13.94  -4.116963905234608e-16  9.552421735325642e-16
13.950000000000001  -1.0328703333557538e-15  3.285547701732608e-16
13.96  -8.900256449122079e-16  -6.177159981069621e-16
13.97  -1.1915286936141474e-17  -1.0745842975332164e-15
13.98  8.511708980912606e-16  -5.865562399660005e-16
13.99  9.392048763393705e-16  4.080296858708568e-16
14.0  1.4645307218449082e-16  1.0225919312625894e-15
14.01  -8.308533338154092e-16  6.796955070673565e-16
14.02  -1.0954310727240163e-15  -3.4548370464237777e-16
14.030000000000001  -3.807530116152944e-16  -1.1799916350420218e-15
14.040000000000001  7.729359064570429e-16  -1.1001610162632968e-15
14.05  1.4454852516811155e-15  -8.727542819973234e-17
14.06  1.0754799245169482e-15  1.1247964664147876e-15
14.07  -1.521952227582571e-16  1.6422345113701238e-15
14.08  -1.3968731215097707e-15  1.0268566829413157e-15
14.09  -1.7563845767658384e-15  -3.6088485728974985e-16
14.1  -9.431435572942005e-16  -1.5669988938734623e-15
14.11  5.278747568836577e-16  -1.75999815972087e-15
14.120000000000001  1.6234037410449668e-15  -7.779208370345153e-16
14.13  1.6213696033741786e-15  6.594546923206425e-16
14.14  5.66201689630449e-16  1.5706952379616857e-15
14.15  -7.577038032061126e-16  1.3668958175527272e-15
14.16  -1.3935282711673182e-15  2.799648963099591e-16
14.17  -9.867622952945704e-16  -8.051103352762478e-16
14.18  1.7586233509621417e-17  -1.1145461138742884e-15
14.19  7.897720754086199e-16  -5.563106380334079e-16
14.200000000000001  7.781046825483756e-16  2.9341979929717096e-16
14.21  1.291580092676654e-16  7.01716232035694e-16
14.22  -4.977879484228295e-16  4.008743393310559e-16
14.23  -5.485672076215817e-16  -2.5580123915448484e-16
14.24  -1.3130444912088853e-17  -6.289509556263213e-16
14.25  5.968394624729063e-16  -3.5002678872614763e-16
14.26  6.902304256165081e-16  3.534852073845086e-16
14.27  1.0566991324852294e-16  8.532188886103676e-16
14.280000000000001  -6.953300395653623e-16  6.431053473819525e-16
14.290000000000001  -1.002374879007215e-15  -1.9578018177251946e-16
14.3  -4.955147658395706e-16  -9.869440706869966e-16
14.31  5.139195678335547e-16  -1.0648531252025542e-15
14.32  1.243584920325085e-15  -2.812292096646173e-16
14.33  1.0839142037821827e-15  8.448321095736523e-16
14.34  2.737187047883669e-17  1.4811476313366483e-15
14.35  -1.1913489091417084e-15  1.0488931794550547e-15
14.36  -1.673669365356822e-15  -2.3582022530054285e-16
14.370000000000001  -9.73937673604373e-16  -1.4660427736105848e-15
14.38  4.559120457717267e-16  -1.775462514977939e-15
14.39  1.6803018500205052e-15  -8.980282991829356e-16
14.4  1.8463267533480014e-15  6.306686435368578e-16
14.41  8.228246661184614e-16  1.792968858894389e-15
14.42  -7.404996988087871e-16  1.8725970527472403e-15
14.43  -1.8924331710636264e-15  7.6535420655491765e-16
14.44  -1.876624670406329e-15  -8.198522875412285e-16
14.450000000000001  -7.257074811520888e-16  -1.9212076127248924e-15
14.46  8.51762721952488e-16  -1.8630136406261816e-15
14.47  1.902063380005183e-15  -7.030513222867325e-16
14.48  1.814062520692882e-15  8.571614748735307e-16
14.49  6.448055382073149e-16  1.866654677237602e-15
14.5  -8.716573359502101e-16  1.7405887110170259e-15
14.51  -1.8309285509824898e-15  5.798362239476614e-16
14.52  -1.6546312725211614e-15  -9.104576695383628e-16
14.530000000000001  -4.653745739813197e-16  -1.7898353925589354e-15
14.540000000000001  9.658713667598536e-16  -1.5264728695792478e-15
14.55  1.7332515242301883e-15  -3.158382302864563e-16
14.56  1.3621544203430727e-15  1.0394162167694694e-15
14.57  1.3752357474954192e-16  1.6465936218566714e-15
14.58  -1.0880675933900666e-15  1.15378646185636e-15
14.59  -1.5090566024854372e-15  -3.9835654680831423e-17
14.6  -9.242629319152042e-16  -1.0863026802498305e-15
14.61  1.772103574486847e-16  -1.3181756752727475e-15
14.620000000000001  1.0146696532701488e-15  -6.938368789556764e-16
14.63  1.0896599667535219e-15  2.52195043991933e-16
14.64  5.048179616091978e-16  8.680937743967932e-16
14.65  -2.32405840264461e-16  8.546119047215058e-16
14.66  -6.573035309159957e-16  3.939241399631589e-16
14.67  -6.46797617639259e-16  -1.1617676628443537e-16
14.68  -3.752997598062454e-16  -4.09409825611849e-16
14.69  -8.937652089502795e-17  -4.750076303606984e-16
14.700000000000001  1.4300351754946302e-16  -4.3272091067065157e-16
14.71  3.515309313422555e-16  -3.288895584079219e-16
14.72  5.320136621864534e-16  -1.1130270126469326e-16
14.73  5.761419791332653e-16  2.4212241468594425e-16
14.74  3.565169569082616e-16  6.243091160804098e-16
14.75  -1.3476870065040012e-16  7.939069326446475e-16
14.76  -6.751547680207095e-16  5.726869736526012e-16
14.77  -9.475152335659812e-16  -7.999674759795268e-18
14.780000000000001  -7.573772136719977e-16  -6.593485439954179e-16
14.790000000000001  -1.547796294510939e-16  -1.0431597432475329e-15
14.8  5.77738061730712e-16  -9.242259639351058e-16
14.81  1.0623805767636408e-15  -3.384155758895012e-16
14.82  1.0493120877124898e-15  4.3573455476300567e-16
14.83  5.298599839694621e-16  1.0277828558475397e-15
14.84  -2.632042563312207e-16  1.1455834559546433e-15
14.85  -9.674905317365116e-16  7.088811536286665e-16
14.86  -1.2073743780678551e-15  -1.069778095968112e-16
14.870000000000001  -8.380942237825463e-16  -8.847460064259317e-16
14.88  -2.691079325700076e-17  -1.230465679304399e-15
14.89  8.116611202096568e-16  -9.256970317398323e-16
14.9  1.2318585043929293e-15  -1.293246637838893e-16
14.91  9.774705249470753e-16  7.693551572808673e-16
14.92  1.5771485637264215e-16  1.2348859514969046e-15
14.93  -7.480719762815079e-16  9.960325183473655e-16
14.94  -1.2339774256077204e-15  1.708889926058096e-16
14.950000000000001  -9.867446503487815e-16  -7.539945804319969e-16
14.96  -1.5432456089575804e-16  -1.2423500056591102e-15
14.97  7.83054554856206e-16  -9.870676732367274e-16
14.98  1.272359633729729e-15  -1.2470755654809903e-16
14.99  1.0033673458518545e-15  8.405649458845634e-16
15.0  9.506674665339533e-17  1.3270092078033983e-15
