t   Re(c(t))    Im(c(t))
0.0  1.0  0.0
0.01  0.6479452015834077  0.7429743455774069
0.02  -0.12719958100957732  0.9359161870843222
0.03  -0.7327937774934521  0.4865611131910321
0.04  -0.769765213586888  -0.20429062402700782
0.05  -0.3183077239157797  -0.6248395693316872
0.06  0.21298714321937237  -0.5616621505273253
0.07  0.4646025571248358  -0.1869660590196327
0.08  0.3688919317436719  0.17100589449809364
0.09  0.10432062251321295  0.30426806589119504
0.1  -0.1111974802040131  0.2217843821058706
0.11  -0.17703581346457123  0.059346154227512764
0.12  -0.12381364130285  -0.05915169108387996
0.13  -0.03567329460874495  -0.0918670907382359
0.14  0.02497141643642041  -0.06457168239251572
0.15  0.04226774920579747  -0.021926198357267987
0.16  0.03126439731345217  0.007248322319490315
0.17  0.012912836887756712  0.016837275439083598
0.18  -0.00022401388982239406  0.013773310085027019
0.19  -0.005444527212814804  0.006900879860138667
0.2  -0.0053184286606509975  0.0014741920926643693
0.21  -0.00321505428559623  -0.0011456827816769715
0.22  -0.0012359109928473722  -0.0016745107613828259
0.23  -7.952298876715736e-05  -0.001250100967499006
0.24  0.0003493888776005799  -0.0006579094775381348
0.25  0.00037317215940545884  -0.0002296408106319454
0.26  0.00025496042381072803  -1.0597492613012007e-05
0.27  0.00013277422903679504  6.375423992523972e-05
0.28  5.136458513264986e-05  6.689205388579639e-05
0.29  9.874472149733302e-06  4.692724342598984e-05
0.3  -5.896050572399095e-06  2.645290754357654e-05
0.31  -8.920536281091301e-06  1.2353671320872661e-05
0.32  -7.228747698643118e-06  4.529128354070766e-06
0.33  -4.669502783856926e-06  9.184392009491463e-07
0.34  -2.6176251544345945e-06  -3.992692888302261e-07
0.35000000000000003  -1.3061710133624135e-06  -6.755425706783436e-07
0.36  -5.776463311250362e-07  -5.759653278056255e-07
0.37  -2.1651950149171552e-07  -3.971075471557172e-07
0.38  -5.7211412994706366e-08  -2.4423404434512634e-07
0.39  2.893830540188985e-09  -1.3920834606780218e-07
0.4  1.943996656489905e-08  -7.491959912310193e-08
0.41000000000000003  1.9510052686023913e-08  -3.8445722809397774e-08
0.42  1.4920310018215483e-08  -1.8894713860156825e-08
0.43  1.0137569247423022e-08  -8.892871323061107e-09
0.44  6.446963826672505e-09  -3.98653123933265e-09
0.45  3.934532564586315e-09  -1.6779154498838373e-09
0.46  2.337952022044091e-09  -6.407912701877406e-10
0.47000000000000003  1.3655395032463773e-09  -2.0158670757451138e-10
0.48  7.893017843764264e-10  -3.1429500613962554e-11
0.49  4.538218917887096e-10  2.4190449418766903e-11
0.5  2.6061214677132274e-10  3.488093948133561e-11
0.51  1.4996629969468555e-10  3.040812872540051e-11
0.52  8.670334004645668e-11  2.257495072434453e-11
0.53  5.04710191181988e-11  1.5473405619474388e-11
0.54  2.9629164092900584e-11  1.0109188310053929e-11
0.55  1.7561813183460655e-11  6.393152613678181e-12
0.56  1.0517204974847396e-11  3.945078441813977e-12
0.5700000000000001  6.3657396782697635e-12  2.3846001184676895e-12
0.58  3.89405474456643e-12  1.4134259546112484e-12
0.59  2.4065540100496753e-12  8.204785422614769e-13
0.6  1.5014743620518623e-12  4.64463143822377e-13
0.61  9.449270366178373e-13  2.540924697119694e-13
0.62  5.994322834755015e-13  1.3208601988565415e-13
0.63  3.830074132265111e-13  6.320925232224611e-14
0.64  2.4601177566463245e-13  2.5815581612775253e-14
0.65  1.5820386658941361e-13  6.433078271744986e-15
0.66  1.0139658965779509e-13  -3.30333150298279e-15
0.67  6.485859819008106e-14  -8.124801248327285e-15
0.68  4.201771060159695e-14  -1.0078734946912045e-14
0.6900000000000001  2.8072231576002232e-14  -9.721693996521049e-15
0.7000000000000001  1.9063396812156047e-14  -7.59195414311128e-15
0.71  1.2229681373258063e-14  -4.947766607731866e-15
0.72  6.595245077170968e-15  -3.2929862961292664e-15
0.73  2.6603684209552026e-15  -3.2451969866983313e-15
0.74  1.0477532198130145e-15  -4.027709612132177e-15
0.75  1.4172279213614427e-15  -4.225934218861593e-15
0.76  2.3668729724674926e-15  -3.021686933458707e-15
0.77  2.424142602563401e-15  -8.900793273301527e-16
0.78  1.149433876679521e-15  8.458333174726747e-16
0.79  -6.972113389462199e-16  1.1762952324203592e-15
0.8  -1.8644532017495803e-15  1.4306799602223272e-16
0.81  -1.6831386240971444e-15  -1.2692513889239125e-15
0.8200000000000001  -4.521132538112227e-16  -1.99274578679344e-15
0.8300000000000001  9.133507893189182e-16  -1.5660545187589499e-15
0.84  1.5545285525427759e-15  -3.321397412522417e-16
0.85  1.183137328746367e-15  8.795740200297721e-16
0.86  1.696892129092185e-16  1.412939653918263e-15
0.87  -8.317544275921476e-16  1.1336933828569951e-15
0.88  -1.3394468619268483e-15  2.930838780511345e-16
0.89  -1.1332544056295627e-15  -6.371846658227254e-16
0.9  -3.748539523456963e-16  -1.1484175401618856e-15
0.91  4.820320239839064e-16  -1.0116841141365597e-15
0.92  9.668883059573846e-16  -3.6416802866219166e-16
0.93  8.718459323107272e-16  3.665274407984046e-16
0.9400000000000001  3.470092481287212e-16  7.659812875070955e-16
0.9500000000000001  -2.0826833659760494e-16  6.957221864441547e-16
0.96  -5.038040498708874e-16  3.249029386226732e-16
0.97  -4.782294184828227e-16  -5.4459658499288925e-17
0.98  -2.7024576078411924e-16  -2.522135646260879e-16
0.99  -7.215755427083546e-17  -2.698634324450801e-16
1.0  4.493608539207781e-17  -2.0007286998005658e-16
1.01  8.38606334844202e-17  -1.376482261552152e-16
1.02  1.161496792950512e-16  -1.0512089705554033e-16
1.03  1.5401386491971078e-16  -6.126727353497897e-17
1.04  1.8709833441602242e-16  1.6599739781308392e-17
1.05  1.6170421518271357e-16  1.2293054865698391e-16
1.06  6.499392822510688e-17  2.0007820148638204e-16
1.07  -6.164415994018146e-17  1.9248254547607318e-16
1.08  -1.3394233532863017e-16  1.1328586898357074e-16
1.09  -1.4041951958153528e-16  2.396448024866363e-17
1.1  -1.220507219411611e-16  -1.7899346350523753e-17
1.11  -1.183548963707387e-16  -5.128390895075055e-17
1.12  -1.0876954152795951e-16  -1.1759172774778201e-16
1.1300000000000001  -4.081091938494799e-17  -1.8842623320134966e-16
1.1400000000000001  1.0149229713821875e-16  -2.010688000228137e-16
1.1500000000000001  2.3427778887632516e-16  -1.0727687949929884e-16
1.16  2.6454209483058988e-16  7.695823818212422e-17
1.17  1.4656875439915567e-16  2.4735064398291335e-16
1.18  -6.442329211303297e-17  2.71885643646633e-16
1.19  -2.225193261356631e-16  1.5045431812988837e-16
1.2  -2.326625385102453e-16  -4.786319640225202e-17
1.21  -1.1632208090981685e-16  -1.8051141205067295e-16
1.22  4.304235928610728e-17  -1.8686202872809133e-16
1.23  1.3704746539576382e-16  -7.350875263622337e-17
1.24  1.0843867911515449e-16  4.544970734118182e-17
1.25  2.0784330797551772e-17  7.407050849469703e-17
1.26  -3.2759267511330653e-17  3.16288478998119e-17
1.27  -1.5859417931028502e-17  -2.2541241862309854e-17
1.28  4.9974171786081986e-17  -3.252646334778387e-17
1.29  7.449959077319588e-17  3.674382931156113e-17
1.3  8.831434338193655e-18  1.0748681094371867e-16
1.31  -1.021007752086816e-16  9.524433233817043e-17
1.32  -1.6171759069215381e-16  -1.2698451757251153e-17
1.33  -1.14591822154298e-16  -1.3952673705411227e-16
1.34  3.102928956007307e-17  -2.1187386157934822e-16
1.35  1.8666949319840817e-16  -1.4903914104720953e-16
1.36  2.6096049737573554e-16  2.9801369418421793e-17
1.37  1.9531687719737004e-16  2.248660662243316e-16
1.3800000000000001  -2.0440840900460298e-17  3.393613720948307e-16
1.3900000000000001  -2.828346718522419e-16  2.583927217855557e-16
1.4000000000000001  -4.272743743670233e-16  -2.887476374001826e-17
1.41  -2.9618774808291634e-16  -3.636600115776263e-16
1.42  8.082949758990615e-17  -4.948981106507938e-16
1.43  4.46009798597731e-16  -2.6874469904335296e-16
1.44  4.963982123284758e-16  1.5917755394914873e-16
1.45  1.979440380357719e-16  4.736383906065798e-16
1.46  -2.1643226065474887e-16  4.373534261522835e-16
1.47  -4.3967731157137993e-16  1.16543408559887e-16
1.48  -3.386747605206743e-16  -2.3109151048441123e-16
1.49  -4.56585464617033e-17  -3.6039644799242596e-16
1.5  2.124725340381204e-16  -2.3984689227414396e-16
1.51  2.8072665788945007e-16  -5.168737215336643e-18
1.52  1.7249650473640672e-16  1.980953837280789e-16
1.53  -3.9178282177660603e-17  2.388354858499147e-16
1.54  -2.067028724957719e-16  1.220818573901969e-16
1.55  -2.320807398117717e-16  -9.812553711375932e-17
1.56  -5.669428377646479e-17  -2.573588114732987e-16
1.57  1.8324856235865795e-16  -1.9756315647764943e-16
1.58  2.7595624814137013e-16  3.3753613385332477e-17
1.59  1.4032643537181495e-16  2.3840524806213797e-16
1.6  -1.0135970477993497e-16  2.4487600900583166e-16
1.61  -2.406796595455967e-16  4.864442757677695e-17
1.62  -1.684048151961529e-16  -1.4617459329482987e-16
1.6300000000000001  1.2206404223246884e-17  -1.7877798883865047e-16
1.6400000000000001  1.0141067392854132e-16  -7.860703857475491e-17
1.6500000000000001  8.795343263964008e-17  1.1435403683699855e-17
1.6600000000000001  3.44235587011619e-17  3.246911138821312e-17
1.67  2.0913234021428922e-17  2.4946820332106272e-17
1.68  2.307184327318885e-17  4.160193366684314e-17
1.69  -1.8551588523002093e-17  6.539505849374641e-17
1.7  -8.148721487758727e-17  2.0961497311508864e-17
1.71  -6.320112037586322e-17  -6.650546090461191e-17
1.72  3.4137598818818777e-17  -8.480847194187014e-17
1.73  9.385218008484126e-17  5.882224137578177e-18
1.74  2.3928625498338338e-17  1.0735944644296204e-16
1.75  -1.1708013938236214e-16  7.934459187420679e-17
1.76  -1.4855262731333957e-16  -8.721776549309139e-17
1.77  1.9177784402338578e-17  -2.0734081827070853e-16
1.78  2.262968837873385e-16  -1.1334401159468506e-16
1.79  2.5325700228569173e-16  1.528490008597496e-16
1.8  2.2428874418826527e-17  3.1778855208844954e-16
1.81  -2.6884598007531847e-16  2.0952292125025975e-16
1.82  -3.4104159702929703e-16  -9.256174552982344e-17
1.83  -1.3448285083080557e-16  -3.34967136219725e-16
1.84  1.7749548077701867e-16  -3.1904214046224203e-16
1.85  3.6096087500690376e-16  -5.994618920101918e-17
1.86  2.625541274571095e-16  2.3054992920131303e-16
1.87  -5.000052096426635e-18  3.435454510755818e-16
1.8800000000000001  -2.4986536959065845e-16  2.1427399793902656e-16
1.8900000000000001  -3.0744398803274217e-16  -3.100936201964713e-17
1.9000000000000001  -1.7484016359465408e-16  -2.346883914563791e-16
1.9100000000000001  4.7449319084873635e-17  -2.6885586496625105e-16
1.92  2.0779186342466115e-16  -1.4337472521215676e-16
1.93  2.2037405605310476e-16  4.982877584919146e-17
1.94  1.064448154691127e-16  1.819833477672218e-16
1.95  -5.856702717311622e-17  1.8094685877617942e-16
1.96  -1.6191709895592892e-16  6.139603054385294e-17
1.97  -1.3448182105177997e-16  -8.379474912791576e-17
1.98  -9.657961390639216e-18  -1.3647344240270988e-16
1.99  9.898954048379041e-17  -7.584603579686618e-17
2.0  1.1080967664044806e-16  3.8589305878169374e-17
2.0100000000000002  3.49247264471106e-17  1.0756382422984356e-16
2.02  -7.102335908736173e-17  1.0324100515319882e-16
2.0300000000000002  -1.2112519574750888e-16  1.6912591740474304e-17
2.04  -1.0923117494510676e-16  -8.278473323430447e-17
2.05  -1.1647116324125688e-17  -1.4727389925496546e-16
2.06  1.05498822799001e-16  -1.3001109709991203e-16
2.07  1.7899625247949574e-16  -1.990535818360017e-17
2.08  1.1317267276306552e-16  1.2923855862638796e-16
2.09  -9.267017042255808e-17  1.6844970832106444e-16
2.1  -1.8756211998809946e-16  1.6201206236454567e-17
2.11  -1.0790793744236251e-16  -1.361443141511087e-16
2.12  4.007666270704701e-17  -1.4274225154439226e-16
2.13  1.3426817339106703e-16  -5.402957877714324e-17
2.14  1.1549247731576652e-16  8.32342600439861e-17
2.15  1.978621554727798e-17  1.325632808212903e-16
2.16  -8.18768965312605e-17  7.978954658918109e-17
2.17  -9.405107537729342e-17  5.053639246835858e-18
2.18  -6.030334600094442e-17  -5.720861302634963e-17
2.19  1.3702746153965697e-18  -7.74451054686494e-17
2.2  4.797864939270651e-17  -4.548449879556604e-17
2.21  5.095635820212776e-17  -8.746859491137614e-18
2.22  3.327941515716701e-17  8.362152475937458e-18
2.23  2.4533085687542705e-17  1.8769030231378943e-17
2.24  1.7679999275484838e-17  3.2883584352674114e-17
2.25  -4.743682432780501e-18  4.898435161766872e-17
2.2600000000000002  -6.213431653121967e-17  4.474348239575485e-17
2.27  -1.02789256695652e-16  -2.978973319632447e-17
2.2800000000000002  -4.362932268185889e-17  -1.3441082435437405e-16
2.29  1.0289184597844541e-16  -1.3048792196140187e-16
2.3000000000000003  1.9721118546160806e-16  -4.0615920135357626e-19
2.31  1.2120909513627e-16  1.6925447162286753e-16
2.32  -6.653226528816058e-17  2.0312007390276942e-16
2.33  -2.0216649066044269e-16  7.427429851004541e-17
2.34  -1.8381977004649237e-16  -1.1021420564624212e-16
2.35  -4.090968468370507e-17  -1.957698355304422e-16
2.36  9.827419354471131e-17  -1.5431671752475217e-16
2.37  1.5454634379510345e-16  -4.032998184613969e-17
2.38  1.4047980454524686e-16  6.729984457473007e-17
2.39  6.603165953488654e-17  1.3734443820870686e-16
2.4  -4.084401548132632e-17  1.451278558984149e-16
2.41  -1.2739154172698773e-16  7.567461054742397e-17
2.42  -1.4328545624561434e-16  -3.4065268683623104e-17
2.43  -7.351458735545943e-17  -1.3061582499625858e-16
2.44  4.4322412872864334e-17  -1.297411379746135e-16
2.45  1.199433881758069e-16  -4.820376039890929e-17
2.46  1.1078234393219192e-16  6.641081019755756e-17
2.47  9.44181563090739e-18  1.265237746319675e-16
2.48  -9.719817292379278e-17  7.840079773448038e-17
2.49  -1.27597214522849e-16  -3.537874308978722e-17
2.5  -4.738821676407331e-17  -1.386890373877846e-16
2.5100000000000002  1.088361294363022e-16  -1.3807537196619847e-16
2.52  1.9960670559465637e-16  1.217604514241413e-17
2.5300000000000002  1.23614818546038e-16  1.9355205655407626e-16
2.54  -8.74267276665262e-17  2.4003830129720155e-16
2.5500000000000003  -2.616318690028641e-16  8.270827528641536e-17
2.56  -2.2584855683678736e-16  -1.6966632380159426e-16
2.57  -4.4187222111816276e-18  -2.7726413463435596e-16
2.58  2.0218116356666993e-16  -1.5643359885654688e-16
2.59  2.1261826349280249e-16  5.627870755856173e-17
2.6  7.295771476162289e-17  1.6730561034577973e-16
2.61  -7.18190282467117e-17  1.2634019654600703e-16
2.62  -9.327016201169491e-17  2.3175475242674614e-17
2.63  -4.719349220997446e-17  -3.384768531673433e-17
2.64  9.752267074334694e-18  -4.5595593869987416e-17
2.65  5.208985668818074e-17  -2.2082848015144406e-17
2.66  4.6552463065104417e-17  4.6250224716698425e-17
2.67  -3.1975118151915215e-17  8.033779114470989e-17
2.68  -1.35612709229021e-16  2.264370120624118e-17
2.69  -1.2093049732577586e-16  -1.4094293293610232e-16
2.7  7.014188545375725e-17  -2.2611829383935997e-16
2.71  2.921889930931468e-16  -8.176153304277078e-17
2.72  2.7384140116873226e-16  2.4137139527802275e-16
2.73  -4.5580931353530455e-17  4.241498231512203e-16
2.74  -4.2688523954047106e-16  2.477823867073964e-16
2.75  -5.065656199076537e-16  -2.0000144340904715e-16
2.7600000000000002  -1.7886460441424467e-16  -5.530410384246637e-16
2.77  3.1847503115812596e-16  -5.014163879076518e-16
2.7800000000000002  5.93898216819981e-16  -7.221263143020207e-17
2.79  4.3400544083941216e-16  3.9057734817386147e-16
2.8000000000000003  -1.1998068583969469e-17  5.459290279567733e-16
2.81  -3.7675410543987324e-16  3.1886456837106133e-16
2.82  -4.2021535507569614e-16  -6.71540036354325e-17
2.83  -1.891607370704178e-16  -2.940077164233558e-16
2.84  7.123176653460169e-17  -2.449246353677856e-16
2.85  1.569524590490155e-16  -7.650983158794684e-17
2.86  9.250923604811318e-17  3.2559238776223377e-17
2.87  1.7510542091102582e-17  3.102597871877741e-17
2.88  1.9411125093098454e-17  -4.132138688835555e-18
2.89  7.133208071052492e-17  1.119531449428565e-18
2.9  7.347074900148299e-17  7.049941164307294e-17
2.91  -9.672476270765418e-18  1.2417196844466887e-16
2.92  -1.181766621827288e-16  8.981683797062705e-17
2.93  -1.6664866333167574e-16  -2.8575731730516186e-17
2.94  -9.64249339545392e-17  -1.578461402013947e-16
2.95  4.8850389485626845e-17  -1.8777679361758856e-16
2.96  1.7813645685635038e-16  -7.432516037805104e-17
2.97  1.727252120821909e-16  9.363958054415364e-17
2.98  4.123975277146485e-17  1.6592163937572784e-16
2.99  -7.258287732698084e-17  1.1958056942877525e-16
3.0  -1.0146638652019413e-16  1.8134419859958726e-17
3.0100000000000002  -5.237456880678902e-17  -3.176514966000873e-17
3.02  -1.4085360070183148e-17  -9.528804148222899e-19
3.0300000000000002  -5.99682793342704e-17  2.5086453127802356e-17
3.04  -1.2996541859058929e-16  -3.6838438424590805e-17
3.0500000000000003  -1.1016144509029374e-16  -1.7240304941887787e-16
3.06  5.3184312710518326e-17  -2.6670209657719213e-16
3.0700000000000003  2.751150958889961e-16  -1.9784454382577255e-16
3.08  3.89690575192155e-16  3.297537106059261e-17
3.09  2.997775197931452e-16  3.1492339245897606e-16
3.1  3.6956541705856673e-17  4.738428133987955e-16
3.11  -2.937882376227987e-16  4.2528153789428653e-16
3.12  -5.246131247999692e-16  1.6203132270016147e-16
3.13  -5.392271240306133e-16  -2.0889498324949607e-16
3.14  -3.04422274311239e-16  -5.165400525161378e-16
3.15  7.702215533398657e-17  -6.0094341962091e-16
3.16  4.2276882547148163e-16  -4.346351556602038e-16
3.17  5.842596247124566e-16  -1.0333778674966941e-16
3.18  5.24761134126096e-16  2.455409149294447e-16
3.19  2.888957570142094e-16  4.8789901510247e-16
3.2  -2.16249758720169e-17  5.515347856123853e-16
3.21  -2.9865718273592746e-16  4.528306478283283e-16
3.22  -4.855947010144494e-16  2.484834613815302e-16
3.23  -5.668189574990725e-16  -1.9547717803890313e-17
3.24  -5.333308052996369e-16  -3.3579712382657466e-16
3.25  -3.172679743979066e-16  -6.570768835740301e-16
3.2600000000000002  1.4864023826546964e-16  -8.56605488883634e-16
3.27  7.662941610093182e-16  -6.994620604946072e-16
3.2800000000000002  1.2219110556160167e-15  -5.497845922551175e-17
3.29  1.1065251548407266e-15  8.758192959966296e-16
3.3000000000000003  2.5044888177253866e-16  1.5536184336947776e-15
3.31  -9.879061887531568e-16  1.3953772631049746e-15
3.3200000000000003  -1.8203169971933143e-15  2.7830090572631566e-16
3.33  -1.5692276301406759e-15  -1.2445938340485859e-15
3.34  -2.0410216509012231e-16  -2.1762432337244958e-15
3.35  1.4731720463385779e-15  -1.8170921234300056e-15
3.36  2.349768067876702e-15  -3.1368155933007034e-16
3.37  1.7652469466618203e-15  1.343406143140956e-15
3.38  2.927450350287548e-17  1.976292730568126e-15
3.39  -1.7378645231571872e-15  1.0240800151887258e-15
3.4  -2.3579171796177002e-15  -1.0299797258057505e-15
3.41  -1.4214914587298017e-15  -2.908133071765538e-15
3.42  2.4883794083222877e-16  -3.4497167788424986e-15
3.43  1.1685148101758707e-15  -2.5030707319777387e-15
3.44  1.6921568892851883e-16  -1.147107387082057e-15
3.45  -2.7079141538811526e-15  -9.536694033212926e-16
3.46  -6.288002454906335e-15  -2.712520284730153e-15
3.47  -9.43616649471326e-15  -5.718125991309406e-15
3.48  -1.2412939377523114e-14  -8.277956849063096e-15
3.49  -1.7311327687442756e-14  -9.10165849099213e-15
3.5  -2.7064701679008285e-14  -8.37732619027186e-15
3.5100000000000002  -4.4181887350853235e-14  -7.270107391009931e-15
3.52  -7.060498129601243e-14  -6.189740207351299e-15
3.5300000000000002  -1.0945437354725172e-13  -3.1987325087206315e-15
3.54  -1.6777893804983702e-13  6.067546836356717e-15
3.5500000000000003  -2.5864431119964584e-13  2.771425130413657e-14
3.56  -4.0302107617115416e-13  6.989567870797648e-14
3.5700000000000003  -6.33307046536725e-13  1.4536141917497728e-13
3.58  -1.0013372172997194e-12  2.7615663849736543e-13
3.59  -1.5933154907432334e-12  4.999543825145066e-13
3.6  -2.555541454251555e-12  8.784271398444072e-13
3.61  -4.138424624707968e-12  1.5090300064679276e-12
3.62  -6.77282725026835e-12  2.541011735499863e-12
3.63  -1.1204869413658497e-11  4.195231373336052e-12
3.64  -1.8736137824052426e-11  6.780621356260151e-12
3.65  -3.1651540986254765e-11  1.0683931202435546e-11
3.66  -5.3977640030125884e-11  1.627138653256828e-11
3.67  -9.281506060183977e-11  2.355552050231726e-11
3.68  -1.6065082879726702e-10  3.129025904029321e-11
3.69  -2.792938416014714e-10  3.4751333946295826e-11
3.7  -4.863723672437516e-10  2.0616462197841603e-11
3.71  -8.455593966247436e-10  -4.432729715730379e-11
3.72  -1.4614142825604971e-09  -2.3717422565381966e-10
3.73  -2.497759167180406e-09  -7.280928673640077e-10
3.74  -4.1919574790265205e-09  -1.8775151615206205e-09
3.75  -6.83990839576194e-09  -4.420122087792284e-09
3.7600000000000002  -1.0684913044865047e-08  -9.794982132917621e-09
3.77  -1.555354255449023e-08  -2.0695793426139585e-08
3.7800000000000002  -1.9904097148033823e-08  -4.1887572858440456e-08
3.79  -1.8639476211584736e-08  -8.116999441738387e-08
3.8000000000000003  1.4342868861696399e-09  -1.4984483929557458e-07
3.81  7.011878100701235e-08  -2.6074009074632984e-07
3.8200000000000003  2.478481296386221e-07  -4.1906900302171416e-07
3.83  6.44454474277363e-07  -5.963921882606274e-07
3.84  1.4335653949294217e-06  -6.707959204076359e-07
3.85  2.8324184926689938e-06  -3.1076233902980643e-07
3.86  4.974418924089461e-06  1.2108318185339445e-06
3.87  7.535854137024484e-06  5.230859661558142e-06
3.88  8.91802311466949e-06  1.3737395422820448e-05
3.89  4.843212390374377e-06  2.870741052270386e-05
3.9  -1.334049231778966e-05  4.9718087212680275e-05
3.91  -5.911334858675216e-05  6.846966412795352e-05
3.92  -0.00014611181916384443  5.96670199350472e-05
3.93  -0.00027166777886671755  -2.8387309125553007e-05
3.94  -0.00038213218891795255  -0.00027098331198023156
3.95  -0.0003246188001659109  -0.0007261240854318943
3.96  0.00017828236363161146  -0.0013235887215526842
3.97  0.0014420183502881002  -0.0016819574887036338
3.98  0.003498704383020383  -0.0009565439890591121
3.99  0.0055027164781425095  0.001998191300884339
4.0  0.005158942159084794  0.007744910584604095
4.01  -0.0009666361261073449  0.014520750576655734
4.0200000000000005  -0.015069987043693648  0.01652808354787501
4.03  -0.03341818339118222  0.004727627278686728
4.04  -0.042109120404377955  -0.0268696701619416
4.05  -0.019846173843350676  -0.06966737548973094
4.0600000000000005  0.046007579894508925  -0.09197051559400624
4.07  0.13410641542808438  -0.04901144564219739
4.08  0.17684621216757732  0.07907755274460648
4.09  0.09186617224308403  0.23961933241457448
4.1  -0.13839296199674425  0.3014200203899444
4.11  -0.3950169666446825  0.13645496858215622
4.12  -0.4538344714687547  -0.23931480573320563
4.13  -0.1569255129300695  -0.5929131953547049
4.14  0.38852032656246005  -0.5985134239151942
4.15  0.7980295526789588  -0.12392859150035658
4.16  0.6843496887626719  0.5671991995811182
4.17  0.02733705519146822  0.9506679445740946
4.18  -0.7257248590491494  0.6720778334071292
4.19  -0.994096766839707  -0.1064237944103576
4.2  -0.5631149373854826  -0.8046171245913265
4.21  0.22412273067033156  -0.9104287058737367
4.22  0.7716644186762848  -0.4020104992936198
4.23  0.7334172592931533  0.2799866437778992
4.24  0.24694273753636742  0.6430629235425392
4.25  -0.264253432474439  0.5253454169436552
4.26  -0.46960730665798267  0.1350701679690137
4.2700000000000005  -0.34009472597817936  -0.20173714778788546
4.28  -0.07119259545190476  -0.30358072005750975
4.29  0.12800896144454751  -0.20273231863359975
4.3  0.17530153475116259  -0.04042163456165141
4.3100000000000005  0.11301429195774129  0.06786153111764157
4.32  0.025834977003821126  0.09080677440397066
4.33  -0.029379674602049932  0.05926224375775712
4.34  -0.041979689776873795  0.017224796733945582
4.3500000000000005  -0.02900911399514527  -0.009446783973179645
4.36  -0.010850642802212228  -0.016947795707946044
4.37  0.0012845581946923867  -0.012971989797286004
4.38  0.005646158874982661  -0.006084710999183172
4.39  0.005105256399660254  -0.000996565410564859
4.4  0.00293524846659498  0.0013018320463783171
4.41  0.0010436320977201964  0.0016527602831634264
4.42  -7.651354267926162e-06  0.0011746164467165662
4.43  -0.0003679524597009804  0.0005926152679633124
4.44  -0.00036217194933832334  0.00019168785881161504
4.45  -0.0002383116184200551  -4.9351806699809165e-06
4.46  -0.00012012782097675173  -6.676832425458111e-05
4.47  -4.4252509818842466e-05  -6.498796134485453e-05
4.48  -6.806353827097135e-06  -4.4148144830047116e-05
4.49  6.7570287931293695e-06  -2.4306098564756814e-05
4.5  8.854918000295552e-06  -1.1069848108599668e-05
4.51  6.911182225768757e-06  -3.892708599297285e-06
4.5200000000000005  4.373856991792544e-06  -6.60874030392175e-07
4.53  2.4148125596653534e-06  4.722926425452872e-07
4.54  1.187909573939982e-06  6.748874540260072e-07
4.55  5.164919279614223e-07  5.54533523073754e-07
4.5600000000000005  1.8825510427221465e-07  3.756491094211747e-07
4.57  4.579171768590772e-08  2.2850648958541893e-07
4.58  -6.577869581797149e-09  1.2921244987560318e-07
4.59  -2.000199287710682e-08  6.909960975051407e-08
4.6000000000000005  -1.9052084154832194e-08  3.526310534581798e-08
4.61  -1.4287783386179403e-08  1.7238846785805952e-08
4.62  -9.608620064657497e-09  8.06779682294592e-09
4.63  -6.072764535818273e-09  3.5920174517037247e-09
4.64  -3.691400018567161e-09  1.4973531160033801e-09
4.65  -2.1877888995996413e-09  5.62399155119739e-10
4.66  -1.2757488754655032e-09  1.6998638663887072e-10
4.67  -7.367267144341295e-10  2.0217251267714862e-11
4.68  -4.234415917973678e-10  -2.7110258427030083e-11
4.69  -2.4318773925250917e-10  -3.4794278825987105e-11
4.7  -1.4000296134940045e-10  -2.948162072056694e-11
4.71  -8.100350799836391e-11  -2.1608699904779116e-11
4.72  -4.719956524171914e-11  -1.470387459926387e-11
4.73  -2.774104427354244e-11  -9.561477695871797e-12
4.74  -1.646376777188812e-11  -6.02687865587546e-12
4.75  -9.872383375224243e-12  -3.7096456009025776e-12
4.76  -5.982676012265651e-12  -2.2371124497482032e-12
4.7700000000000005  -3.663750298251995e-12  -1.3223657948405608e-12
4.78  -2.2667621174284563e-12  -7.646282670865118e-13
4.79  -1.4162975057994845e-12  -4.304599577435515e-13
4.8  -8.931478377307156e-13  -2.3393632634552984e-13
4.8100000000000005  -5.67953197622584e-13  -1.2106017012490977e-13
4.82  -3.6333448274678856e-13  -5.819168032402608e-14
4.83  -2.326652934151154e-13  -2.4185629353968982e-14
4.84  -1.482498608277735e-13  -5.738513163519071e-15
4.8500000000000005  -9.413008312195435e-14  4.7721043616703195e-15
4.86  -6.082931811552566e-14  1.0488363534322247e-14
4.87  -4.1289530970728877e-14  1.189770702897868e-14
4.88  -2.919382682407803e-14  9.393497273463782e-15
4.89  -1.95581732326047e-14  5.014703296475938e-15
4.9  -1.0440692303186085e-14  1.9853569216794298e-15
4.91  -3.061373001910713e-15  2.3460436343934593e-15
4.92  2.984999237092816e-16  5.222232052338445e-15
4.93  -8.635618601853447e-16  7.510878660188565e-15
4.94  -4.208515137351557e-15  6.495005235961945e-15
4.95  -6.068120256935835e-15  2.1640442927151985e-15
4.96  -4.22035589014834e-15  -2.6574673846028076e-15
4.97  3.982619406223959e-16  -4.6052744585707016e-15
4.98  4.555505967347576e-15  -2.4770720052031994e-15
4.99  5.3629718064808656e-15  1.9041370313577412e-15
5.0  2.449630505310842e-15  5.218167040125597e-15
5.01  -1.9391053284025485e-15  5.132123071425132e-15
5.0200000000000005  -4.728540318674312e-15  1.9123788584262418e-15
5.03  -4.299008186417373e-15  -2.106842403861348e-15
5.04  -1.3129351026912456e-15  -4.354633362777217e-15
5.05  2.057363747467458e-15  -3.795094184656549e-15
5.0600000000000005  3.844399870769252e-15  -1.247937260083474e-15
5.07  3.397126876544292e-15  1.538898338121933e-15
5.08  1.3751702194804002e-15  3.1192375098486344e-15
5.09  -9.352391802955544e-16  2.966025177106769e-15
5.1000000000000005  -2.4288676630112785e-15  1.4889404817302706e-15
5.11  -2.5779201490902567e-15  -4.053397897986041e-16
5.12  -1.5732463890095985e-15  -1.785400993496355e-15
5.13  -8.194614676232448e-17  -2.1633831928545053e-15
5.14  1.1600586606105707e-15  -1.5581794445359756e-15
5.15  1.6566072667255208e-15  -4.355898950913597e-16
5.16  1.3656136593343766e-15  5.876621423592891e-16
5.17  6.29639819499459e-16  1.103004197296687e-15
5.18  -1.0839903724960629e-16  1.05803430803732e-15
5.19  -5.719265681174349e-16  6.811427460774741e-16
5.2  -7.046582238755786e-16  2.3221227734817713e-16
5.21  -6.07981336557767e-16  -1.259213967332666e-16
5.22  -4.0326106230629986e-16  -3.315058747799293e-16
5.23  -1.8858796571897675e-16  -4.1099072136781526e-16
5.24  -6.679198886622237e-18  -4.106445478132757e-16
5.25  1.5087171353066172e-16  -3.6479989848635416e-16
5.26  2.927528390339846e-16  -2.7699097867077895e-16
5.2700000000000005  4.1077566310364143e-16  -1.1654504930366853e-16
5.28  4.421885540442627e-16  1.0942703579975992e-16
5.29  3.486765660097893e-16  3.5087520404509444e-16
5.3  9.62027591072301e-17  5.248963049748365e-16
5.3100000000000005  -2.640722464597003e-16  5.124988198700777e-16
5.32  -5.545705835198667e-16  2.244622353680864e-16
5.33  -5.458639764087425e-16  -2.125819740435159e-16
5.34  -2.2539867268911655e-16  -5.059743675153215e-16
5.3500000000000005  1.8781843585261674e-16  -4.575181679652688e-16
5.36  3.9197038948553683e-16  -1.5420214349979919e-16
5.37  3.1086621976409716e-16  1.696752469439973e-16
5.38  5.3478487026398786e-17  2.961782946929077e-16
5.39  -1.7215439471255796e-16  1.8025277297111652e-16
5.4  -2.183218819806178e-16  -3.9597887533258613e-17
5.41  -1.090121648906172e-16  -2.030625466897637e-16
5.42  7.766470256366202e-17  -2.567251758131179e-16
5.43  2.828797026535879e-16  -1.6186179924686012e-16
5.44  3.897956497314612e-16  9.562301331875013e-17
5.45  2.660108264317468e-16  4.204077414568811e-16
5.46  -1.3751137442116164e-16  5.676155769850906e-16
5.47  -5.919691374779728e-16  3.279425073651633e-16
5.48  -7.227519652237738e-16  -2.2217666090555133e-16
5.49  -3.4844894696544193e-16  -7.315784226640434e-16
5.5  3.2156138340290336e-16  -7.864172216434245e-16
5.51  8.167358153156604e-16  -2.8209389760032635e-16
5.5200000000000005  7.688015226520698e-16  4.210752759634149e-16
5.53  2.00928239534785e-16  8.468904417376417e-16
5.54  -4.851462504934413e-16  7.137231666333976e-16
5.55  -8.344084936425825e-16  1.1893569159808315e-16
5.5600000000000005  -6.31405103631349e-16  -5.367715314857704e-16
5.57  -2.1357813035623837e-17  -8.097391044154424e-16
5.58  5.800525849453418e-16  -5.461278933645845e-16
5.59  7.699911545350336e-16  7.77197976875239e-17
5.6000000000000005  4.3656540206750824e-16  6.095965521427867e-16
5.61  -1.7372696312276653e-16  6.948677146727377e-16
5.62  -5.977060559622864e-16  3.048762548826807e-16
5.63  -5.746955323559833e-16  -2.25504166202153e-16
5.64  -2.052085418036264e-16  -5.29331586272585e-16
5.65  2.246230496215415e-16  -4.58915315475184e-16
5.66  4.3248588938772744e-16  -1.3080040672765947e-16
5.67  3.5164066471583274e-16  1.9651520213432058e-16
5.68  9.702420428335081e-17  3.565109507654955e-16
5.69  -1.8142293195290848e-16  2.873181266857987e-16
5.7  -3.076962426101594e-16  6.071760719158811e-17
5.71  -2.1693839326047015e-16  -1.8839031116194028e-16
5.72  1.6808515985964435e-17  -2.684990684589248e-16
5.73  2.1894415060541365e-16  -1.4144890453779778e-16
5.74  2.4921450643681926e-16  8.291015965936463e-17
5.75  8.592748822017517e-17  2.4658771790958614e-16
5.76  -1.291580323504731e-16  2.274578808085707e-16
5.7700000000000005  -2.5277389091593876e-16  5.1253582756008965e-17
5.78  -2.0628356047492747e-16  -1.4791932738588145e-16
5.79  -4.690077739585012e-17  -2.4301484299702827e-16
5.8  1.2077920716823654e-16  -1.9810046885705747e-16
5.8100000000000005  2.1187321514909973e-16  -7.03791339409161e-17
5.82  2.065091754945116e-16  7.581677503420075e-17
5.83  1.2089266425256382e-16  1.986300683325477e-16
5.84  -4.0157361254444346e-17  2.356893491986163e-16
5.8500000000000005  -1.889930779294978e-16  1.5922287267310024e-16
5.86  -2.649714059196724e-16  -2.1701342873239866e-17
5.87  -1.633878564410163e-16  -2.069755944673272e-16
5.88  5.374691825082923e-17  -2.369522069967154e-16
5.89  1.9296740470546284e-16  -8.502013678992419e-17
5.9  1.1534422243132527e-16  1.0480870264899001e-16
5.91  -8.425717866670589e-17  9.49592171108162e-17
5.92  -1.2145048341566008e-16  -1.3234066463310427e-16
5.93  1.486247905639621e-16  -2.5961089753911205e-16
5.94  4.437490082096123e-16  3.145000010963766e-18
5.95  3.1843312663700836e-16  5.119436983519689e-16
5.96  -3.0460523699121016e-16  6.909194618008134e-16
5.97  -8.717490883184722e-16  1.7537297982957903e-16
5.98  -7.299253611660433e-16  -6.769199204340875e-16
5.99  1.338358681357565e-16  -1.0647500463165942e-15
6.0  9.760892252842538e-16  -5.504957449580071e-16
6.01  1.047521375371947e-15  4.462285200276961e-16
6.0200000000000005  2.867228731264567e-16  1.0810248945312556e-15
6.03  -6.38140254688366e-16  8.489233883320943e-16
6.04  -9.97069634415889e-16  3.705774613917963e-17
6.05  -6.260028071922727e-16  -6.877311647786395e-16
6.0600000000000005  9.261633521647758e-17  -8.375686080721989e-16
6.07  6.163500735589101e-16  -4.439780347262986e-16
6.08  6.794896759249595e-16  1.266892661998786e-16
6.09  3.3944529045035836e-16  5.230879113995294e-16
6.1000000000000005  -1.1947099528465552e-16  5.406940641234851e-16
6.11  -4.1781375103081356e-16  2.7560311207394713e-16
6.12  -4.435688828209053e-16  -8.030694021385836e-17
6.13  -2.3674922030208323e-16  -3.297658321740842e-16
6.140000000000001  5.323752433830293e-17  -3.6020656409681635e-16
6.15  2.605549864919238e-16  -1.931670658634771e-16
6.16  2.8338492160544685e-16  5.1213268001839875e-17
6.17  1.310056476839338e-16  2.0719554306718498e-16
6.18  -5.509692606307126e-17  2.0104769627806339e-16
6.19  -1.645374529855299e-16  7.788182771533569e-17
6.2  -1.5273998052173695e-16  -7.559586977469772e-17
6.21  -2.5723129065036905e-17  -1.6641792161692184e-16
6.22  1.3744118592170992e-16  -1.4115435488168244e-16
6.23  2.319051844114888e-16  2.975523047540429e-17
6.24  1.3801499594738486e-16  2.5504225874849523e-16
6.25  -1.3375942446526505e-16  3.1495414652589396e-16
6.26  -3.8572860977616675e-16  1.1412584180626063e-16
6.2700000000000005  -3.8419203870426733e-16  -2.5212844936536e-16
6.28  -7.614116073535984e-17  -4.966187189426894e-16
6.29  3.6223931103441553e-16  -4.14273574528901e-16
6.3  5.799216912686392e-16  2.348423760816456e-17
6.3100000000000005  3.834206169382085e-16  4.848410751457286e-16
6.32  -1.228609597719466e-16  5.899671144262171e-16
6.33  -5.256284777936657e-16  2.9135802091432586e-16
6.34  -5.3638712598667e-16  -2.0169449633865385e-16
6.3500000000000005  -1.6519172776784837e-16  -5.113874298433224e-16
6.36  2.8470783588849137e-16  -4.159950574396434e-16
6.37  4.795476470671377e-16  -9.131131228441662e-18
6.38  2.740883076172064e-16  3.6598259404493577e-16
6.390000000000001  -1.3366860340540388e-16  4.2168767989987193e-16
6.4  -3.9988600697146024e-16  1.5011644352467294e-16
6.41  -3.620677601554777e-16  -2.2196864703788847e-16
6.42  -8.138072556539512e-17  -4.011816860344712e-16
6.43  2.1805505178367223e-16  -3.3391122905325644e-16
6.44  3.811848377278383e-16  -9.791212491383732e-17
6.45  3.631833282248869e-16  1.694199225431715e-16
6.46  1.889049086156053e-16  3.709024302173502e-16
6.47  -1.0496933471934533e-16  4.463219448162185e-16
6.48  -4.095560071713241e-16  2.8844976935862983e-16
6.49  -5.4265174053277e-16  -6.612736855348584e-17
6.5  -3.778164967150463e-16  -4.593637354055665e-16
6.51  5.3876922211317054e-17  -6.238089586726297e-16
6.5200000000000005  4.95553510529639e-16  -4.296846798968247e-16
6.53  6.622118470464059e-16  4.427944127416937e-17
6.54  4.385870527880063e-16  5.022890223346003e-16
6.55  -5.452350239861821e-17  6.596550591712589e-16
6.5600000000000005  -5.009926037430737e-16  3.961267516680298e-16
6.57  -5.964851487094958e-16  -9.385343397777679e-17
6.58  -3.0398193095084453e-16  -4.653964104498395e-16
6.59  1.3242551499971922e-16  -4.854679387583557e-16
6.6000000000000005  3.917266028685576e-16  -2.0175083585734542e-16
6.61  3.6159116594820707e-16  1.3902524799631636e-16
6.62  1.228236450539557e-16  3.087174041679157e-16
6.63  -1.1415242310003e-16  2.59235909749479e-16
6.640000000000001  -2.2255637652778965e-16  9.460992543921417e-17
6.65  -2.0260396079228183e-16  -7.164383807686121e-17
6.66  -8.52442259874952e-17  -1.6883894065388855e-16
6.67  5.557992412984463e-17  -1.6553508148961376e-16
6.68  1.5572686502969977e-16  -6.381636974290064e-17
6.69  1.2506049909559448e-16  7.891439269764768e-17
6.7  -1.3212462025953633e-17  1.3456935047876467e-16
6.71  -1.2374304924390284e-16  3.9587942784388504e-17
6.72  -7.949612037322118e-17  -1.0690121863208133e-16
6.73  7.860678389882719e-17  -1.2703641437142949e-16
6.74  1.6240268217976694e-16  1.7683405858007505e-17
6.75  6.880725989362074e-17  1.770339335905018e-16
6.76  -1.2121017152780927e-16  1.6053877317338307e-16
6.7700000000000005  -2.152224313011384e-16  -2.9330962918112303e-17
6.78  -9.01892360446341e-17  -1.90904748473899e-16
6.79  1.1411762300738126e-16  -1.7238023754035693e-16
6.8  2.0569470920441633e-16  -1.1491127114780975e-17
6.8100000000000005  1.3043584743787744e-16  1.6353252564342523e-16
6.82  -5.3222689490827604e-17  2.004093123337684e-16
6.83  -2.0082686932937682e-16  7.313864345686034e-17
6.84  -1.894443394256506e-16  -1.4307077971557466e-16
6.8500000000000005  1.2064714553622175e-17  -2.624801542331092e-16
6.86  2.6118031952779035e-16  -1.5282896349485088e-16
6.87  3.3106725418858785e-16  1.6328040735121954e-16
6.88  6.137117765835561e-17  4.499037193908902e-16
6.890000000000001  -4.2211519268466866e-16  3.7608498507076766e-16
6.9  -6.716797730084417e-16  -1.5993245794783463e-16
6.91  -3.3372960624241024e-16  -7.563190190977315e-16
6.92  4.47467526178283e-16  -8.553665894727173e-16
6.93  1.0583214009372472e-15  -2.1838512458605692e-16
6.94  9.381139882010984e-16  7.280386721525102e-16
6.95  7.658590508538802e-17  1.265673348450501e-15
6.96  -9.268199308228428e-16  9.497152674017352e-16
6.97  -1.3491838757610532e-15  -4.2821573536291805e-17
6.98  -8.825363261870089e-16  -1.0075728490484476e-15
6.99  1.2457806814551295e-16  -1.2935456141078363e-15
7.0  9.68393799817499e-16  -7.477279821520504e-16
7.01  1.106924045422657e-15  1.730710427139003e-16
7.0200000000000005  5.54548871906155e-16  8.146188775372614e-16
7.03  -1.6901754933909902e-16  8.231491066669399e-16
7.04  -5.815920484066568e-16  3.810701455491373e-16
7.05  -5.611960937404753e-16  -1.0282935712588697e-16
7.0600000000000005  -2.737582724450112e-16  -3.5555865785293563e-16
7.07  1.6467547847262888e-17  -3.5594107107933544e-16
7.08  1.8150217889398836e-16  -2.0801890427966022e-16
7.09  2.1850642440025324e-16  -3.986127969846757e-17
7.1000000000000005  1.7297517920974595e-16  7.479885614809845e-17
7.11  8.558465988400702e-17  1.60750765773624e-16
7.12  -3.876457018041094e-17  1.7532925405311193e-16
7.13  -1.4231900843800482e-16  8.868133237214909e-17
7.140000000000001  -1.5857294227648005e-16  -4.1899194440452896e-17
7.15  -6.508789835327122e-17  -1.491567280977822e-16
7.16  8.20903926456547e-17  -1.1726073285007766e-16
7.17  1.2072945534481758e-16  1.0835140623540511e-17
7.18  1.6713889538693233e-17  1.0827581942253858e-16
7.19  -1.371891636843173e-16  5.687616254153613e-17
7.2  -1.5943382545884214e-16  -1.3606095135581722e-16
7.21  2.9279532767550264e-17  -2.826488054145015e-16
7.22  3.3034172259975796e-16  -1.9992096323740262e-16
7.23  4.856060123338535e-16  1.4268815464729032e-16
7.24  2.794700720710511e-16  5.687527052984717e-16
7.25  -2.5612170988429264e-16  7.169526880883796e-16
7.26  -7.963586303482588e-16  3.9412582206602683e-16
7.2700000000000005  -9.582385014767163e-16  -3.1432851564812087e-16
7.28  -5.27696660125116e-16  -9.729321927665628e-16
7.29  2.9272434111395784e-16  -1.1551278811512367e-15
7.3  1.0429377165768497e-15  -6.834830370194105e-16
7.3100000000000005  1.255587610218943e-15  1.9029258608267236e-16
7.32  8.086986464468925e-16  9.563295692197355e-16
7.33  1.577161186011134e-17  1.1911111566052437e-15
7.34  -6.527929356765929e-16  8.885595119707754e-16
7.3500000000000005  -9.416494898423928e-16  3.459926921525644e-16
7.36  -9.310327673951272e-16  -1.5507471151055867e-16
7.37  -7.529929539569652e-16  -5.591547331333858e-16
7.38  -4.3838123859799455e-16  -9.12194221103085e-16
7.390000000000001  8.724047373620678e-17  -1.1465828703513548e-15
7.4  7.869204695976017e-16  -1.0548154688927155e-15
7.41  1.4255470385676144e-15  -4.851977491204668e-16
7.42  1.6386672430970073e-15  5.042180928040438e-16
7.43  1.1335046581371088e-15  1.5821683120212036e-15
7.44  -9.764244852788799e-17  2.194093618717909e-15
7.45  -1.6406955486665234e-15  1.857012830832272e-15
7.46  -2.7368580526678318e-15  4.3101269754585297e-16
7.47  -2.6293188457675247e-15  -1.5995417077591103e-15
7.48  -1.029684470822683e-15  -3.23023898542442e-15
7.49  1.5172241897160326e-15  -3.3645438867954894e-15
7.5  3.688888635141317e-15  -1.5384641659969888e-15
7.51  4.026799421665895e-15  1.5927101828686278e-15
7.5200000000000005  1.868093745446827e-15  4.296926756945525e-15
7.53  -1.815625146962574e-15  4.693035060617035e-15
7.54  -4.812162334822388e-15  2.1731096414370312e-15
7.55  -5.010012305780823e-15  -1.895128597607768e-15
7.5600000000000005  -1.990405603246092e-15  -4.863806077391774e-15
7.57  2.4326226445251542e-15  -4.584197928866198e-15
7.58  5.360051110255655e-15  -9.743755356500578e-16
7.59  4.7801423426648755e-15  3.763429168573765e-15
7.6000000000000005  1.0233794006254353e-15  6.5450118228392294e-15
7.61  -3.2009163242273713e-15  5.516087678692793e-15
7.62  -4.526695211542367e-15  1.574617029874612e-15
7.63  -1.4270724832765047e-15  -2.003095584724617e-15
7.640000000000001  4.5427219991767544e-15  -1.9564100150383656e-15
7.65  9.859193570458076e-15  2.3304412818161647e-15
7.66  1.2167770725562358e-14  8.095975014755923e-15
7.67  1.2676820458874904e-14  1.1434805787961644e-14
7.68  1.5839244990819892e-14  1.0559887684851775e-14
7.69  2.634603800664866e-14  7.218666917931094e-15
7.7  4.645970876665349e-14  4.749051059426158e-15
7.71  7.631202969339948e-14  4.393191220433252e-15
7.72  1.1755810113190866e-13  2.9822238714899203e-15
7.73  1.7765448805829473e-13  -6.034183472407365e-15
7.74  2.7197986888397064e-13  -3.014747357353181e-14
7.75  4.2434998268846536e-13  -7.741171882630697e-14
7.76  6.695739618171661e-13  -1.5984156219927766e-13
7.7700000000000005  1.0617904818050729e-12  -2.9974653193815553e-13
7.78  1.6914412255277503e-12  -5.37329459460368e-13
7.79  2.7140825592358528e-12  -9.392942136756615e-13
7.8  4.3980775218552895e-12  -1.6100050616166035e-12
7.8100000000000005  7.2060913702096986e-12  -2.7070349483169363e-12
7.82  1.1938875589378996e-11  -4.460761240319628e-12
7.83  1.9992500438132544e-11  -7.189946852098195e-12
7.84  3.3818046769761905e-11  -1.1286059030404045e-11
7.8500000000000005  5.773651038864767e-11  -1.7097002567712268e-11
7.86  9.936839450531989e-11  -2.4546067659605123e-11
7.87  1.721081679810215e-10  -3.211454419276008e-11
7.88  2.993217251338069e-10  -3.4369995979504427e-11
7.890000000000001  5.212431441382407e-10  -1.6302181462683408e-11
7.9  9.057446021754189e-10  5.910806718650333e-11
7.91  1.5637516404440285e-09  2.7718151239820554e-10
7.92  2.667742078848483e-09  8.252128511257276e-10
7.930000000000001  4.464292675790604e-09  2.0979875152120923e-09
7.94  7.25197131673997e-09  4.896345075376848e-09
7.95  1.1249780811340263e-08  1.0780694191654779e-08
7.96  1.6182857158475074e-08  2.265349317672118e-08
7.97  2.0220228257397452e-08  4.560683979769295e-08
7.98  1.7565804276981528e-08  8.787592280085883e-08
7.99  -6.482606321753538e-09  1.6114712158056048e-07
8.0  -8.466399180346024e-08  2.7802371693598594e-07
8.01  -2.8250520076740466e-07  4.414367633339734e-07
8.02  -7.173141840510441e-07  6.154684978683525e-07
8.03  -1.5705403749544187e-06  6.597689149767884e-07
8.040000000000001  -3.0593152949548737e-06  2.0493401378732236e-07
8.05  -5.287401407840274e-06  -1.5412656064138367e-06
8.06  -7.827909863952874e-06  -6.002322351218265e-06
8.07  -8.836115512366177e-06  -1.5224494594878117e-05
8.08  -3.577212824650337e-06  -3.1065526874865264e-05
8.09  1.7234777090420777e-05  -5.249514006465492e-05
8.1  6.752282810722982e-05  -6.965284061823797e-05
8.11  0.0001601130636392379  -5.437969974182345e-05
8.120000000000001  0.0002882690174872954  4.859785641621571e-05
8.13  0.0003886484197559676  0.00031579096657080694
8.14  0.00029299007874350686  0.0007969572561930497
8.15  -0.00028921936603694187  0.0013939874714279698
8.16  -0.0016616068466555806  0.0016730080558935217
8.17  -0.0037835234224135486  0.0007320522539602108
8.18  -0.005652203449212879  -0.0025686815304460423
8.19  -0.00478204640784996  -0.008610556323209303
8.2  0.0022892883224920955  -0.015198956447185717
8.21  0.017307541839329872  -0.01600069737477988
8.22  0.03543329991520085  -0.0018791570629590549
8.23  0.041458643650954585  0.0320207041294373
8.24  0.013995518147522751  0.0744656239734562
8.25  -0.056756258211465474  0.09102667190898879
8.26  -0.1437205026030975  0.03744318201075797
8.27  -0.17458123858406838  -0.09943289332843375
8.28  -0.07007461421113641  -0.25592314946292166
8.290000000000001  0.1730400970384949  -0.29483884558483203
8.3  0.41797958723402406  -0.09829878177841145
8.31  0.437142238148819  0.29147140691696566
8.32  0.09657297866025943  0.6184736565229626
8.33  -0.45663829545735557  0.5641220701601409
8.34  -0.8176094126091753  0.03979282088427147
8.35  -0.6267419606349738  -0.6428057178821311
8.36  0.07423022981886644  -0.9543396517766155
8.370000000000001  0.7954121765081075  -0.5927673822264226
8.38  0.9764676224481553  0.21149424882421886
8.39  0.47236376990696516  0.8562984363654025
8.4  -0.3169301022664372  0.8746898099784503
8.41  -0.8006895969059813  0.3146940062547738
8.42  -0.6896766875684819  -0.35021300935974037
8.43  -0.17534835745968103  -0.6532545901491297
8.44  0.3103048937392667  -0.4846271727183704
8.45  0.4690764053222795  -0.0842337632509167
8.46  0.30912208275564956  0.228495712543424
8.47  0.03934296215760269  0.2995882237641581
8.48  -0.14227690322640293  0.18277064700367393
8.49  -0.17180734812355303  0.02246308435595803
8.5  -0.1018727089561755  -0.07515632441604536
8.51  -0.01656112083472112  -0.0888836812852665
8.52  0.03308715303433558  -0.05381760359944912
8.53  0.04129096552528581  -0.012793779420110922
8.540000000000001  0.026686893134959172  0.011331715923848873
8.55  0.008895327859492074  0.016879350192467852
8.56  -0.0022181386363828897  0.01213104795415861
8.57  -0.005771273392441265  0.005301628178093024
8.58  -0.00486872703893339  0.000564706218148676
8.59  -0.002661595183068712  -0.0014274164787030797
8.6  -0.0008653417078234173  -0.0016186850920014218
8.61  8.387536843759408e-05  -0.001098107636175798
8.620000000000001  0.00038093825222964856  -0.0005304745348251502
8.63  0.00034950122258602367  -0.00015702575401663343
8.64  0.0002218630776561044  1.8373713638956263e-05
8.65  0.00010818982742519354  6.882878993175091e-05
8.66  3.77506016615166e-05  6.281882985490664e-05
8.67  4.106493901314843e-06  4.140260455268296e-05
8.68  -7.4460891037951155e-06  2.2269531686604967e-05
8.69  -8.731391456317985e-06  9.882092801153233e-06
8.700000000000001  -6.58716924298602e-06  3.317273609552301e-06
8.71  -4.088432838676617e-06  4.351064167802026e-07
8.72  -2.223779573582834e-06  -5.315242833131518e-07
8.73  -1.0783277057564387e-06  -6.696217889787463e-07
8.74  -4.6060893052362103e-07  -5.323988591343068e-07
8.75  -1.6280694510309367e-07  -3.547722458932995e-07
8.76  -3.5720933707828066e-08  -2.1355247828053789e-07
8.77  9.687249953639273e-09  -1.1983110388496492e-07
8.78  2.035678042515995e-08  -6.368561305747273e-08
8.790000000000001  1.8542538216584857e-08  -3.232245756775639e-08
8.8  1.3659892943984714e-08  -1.5717502173059957e-08
8.81  9.098684231032345e-09  -7.313661216656277e-09
8.82  5.716871454777404e-09  -3.2333017274490913e-09
8.83  3.4619438936485468e-09  -1.3341451199905546e-09
8.84  2.046758310769841e-09  -4.920867286926356e-10
8.85  1.1916841324234532e-09  -1.4197928259974851e-10
8.86  6.876036236573066e-10  -1.0510590920248966e-11
8.870000000000001  3.9509038076249174e-10  2.945445530414894e-11
8.88  2.2693682809008845e-10  3.452381537880005e-11
8.89  1.307117341160732e-10  2.85230579830664e-11
8.9  7.568678392340404e-11  2.066057856848505e-11
8.91  4.414624249411421e-11  1.3962877777088935e-11
8.92  2.5977344874386177e-11  9.039124084261096e-12
8.93  1.5436968952468017e-11  5.679574277101079e-12
8.94  9.268673768325706e-12  3.4872481543449583e-12
8.950000000000001  5.6235920981611604e-12  2.0981803442156444e-12
8.96  3.447608078148463e-12  1.2368482419295616e-12
8.97  2.1353574779985068e-12  7.12384316940722e-13
8.98  1.3360085395308036e-12  3.987390855164488e-13
8.99  8.441783498566657e-13  2.1510849821316744e-13
9.0  5.381525977462502e-13  1.1068300556850032e-13
9.01  3.447472535585889e-13  5.3450779013458586e-14
9.02  2.2005297188897085e-13  2.2659667304617293e-14
9.03  1.388223040373144e-13  5.0427281761442184e-15
9.040000000000001  8.734425464211704e-14  -6.2564152773068755e-15
9.05  5.722943637573444e-14  -1.2753545087212267e-14
9.06  4.0871986784438364e-14  -1.343040426120921e-14
9.07  3.0304732432932956e-14  -8.666951811222845e-15
9.08  1.9687914468932666e-14  -2.231364615989711e-15
9.09  8.180083467414378e-15  7.461561522135627e-16
9.1  -6.142820201243178e-16  -2.037666075602401e-15
9.11  -2.7571161893456233e-15  -7.807741208145721e-15
9.120000000000001  1.5634539503311266e-15  -1.0977292699052391e-14
9.13  7.561650806303884e-15  -7.975996748086415e-15
9.14  9.457593017274785e-15  -3.5573974562276874e-16
9.15  5.046609819250518e-15  6.512332093800125e-15
9.16  -2.7749577451273482e-15  7.770072283191325e-15
9.17  -8.459817939552054e-15  2.7846310010489825e-15
9.18  -8.143797134294335e-15  -4.567304820189497e-15
9.19  -2.3484050283381075e-15  -8.994332289272658e-15
9.200000000000001  4.7114757832913815e-15  -7.581698046946242e-15
9.21  8.322374248239822e-15  -1.6053733131860172e-15
9.22  6.500804337432092e-15  4.79102971403207e-15
9.23  9.718334973334644e-16  7.656347976123912e-15
9.24  -4.4728088506994794e-15  5.764637731794253e-15
9.25  -6.728598089538947e-15  9.83600798176097e-16
9.26  -5.14513197343789e-15  -3.544628307910645e-15
9.27  -1.3185147312570875e-15  -5.525594988418292e-15
9.28  2.3999906018588956e-15  -4.550534360333098e-15
9.290000000000001  4.3339106561093e-15  -1.7267328522679282e-15
9.3  4.032067499674054e-15  1.3059783305169493e-15
9.31  2.1063121988742534e-15  3.238676964296682e-15
9.32  -3.455145679862393e-16  3.505269596546754e-15
9.33  -2.2300022637092523e-15  2.2921660667545354e-15
9.34  -2.8549354059638407e-15  3.7074641920012153e-16
9.35  -2.190615432268761e-15  -1.3193056282671474e-15
9.36  -7.843964975335116e-16  -2.0894824974203804e-15
9.370000000000001  5.593796672309499e-16  -1.8147370261474433e-15
9.38  1.2592572918981117e-15  -9.31805181599374e-16
9.39  1.2477146204003075e-15  -5.1644387046085126e-17
9.4  8.490493814144241e-16  4.521467455803538e-16
9.41  4.557625179862382e-16  5.880235220449071e-16
9.42  2.228543814612024e-16  5.946573957137326e-16
9.43  4.059178274749696e-17  6.478333598134816e-16
9.44  -2.4669488824894383e-16  6.814967660060588e-16
9.450000000000001  -6.266754739397937e-16  5.427412272090768e-16
9.46  -9.076352332746375e-16  1.2799414208810723e-16
9.47  -8.778345450628755e-16  -4.497627898677119e-16
9.48  -4.474381500982456e-16  -9.285708640672734e-16
9.49  2.2926277689811776e-16  -1.0382706610972198e-15
9.5  8.517121016373906e-16  -6.52100621218661e-16
9.51  1.0512771926465748e-15  6.927958285385292e-17
9.52  6.88420589767182e-16  7.308888231579012e-16
9.53  -2.6973408666157595e-17  9.21078761819698e-16
9.540000000000001  -6.067697234530523e-16  5.507970815936725e-16
9.55  -7.03534681778295e-16  -6.554601174523049e-17
9.56  -3.527352168555363e-16  -4.894732718891497e-16
9.57  1.3551736529700831e-16  -5.092728323549571e-16
9.58  4.303334895630525e-16  -1.9450631120640415e-16
9.59  4.287110126468369e-16  1.873884829326583e-16
9.6  1.8187414292868e-16  4.57311477389445e-16
9.61  -1.8850285077529322e-16  5.136490390436332e-16
9.620000000000001  -5.82480262923083e-16  3.178035621224984e-16
9.63  -7.781429137283227e-16  -1.9317171560711026e-16
9.64  -5.167741171663229e-16  -8.140684700268088e-16
9.65  2.435378753901601e-16  -1.1044702948272976e-15
9.66  1.1028592114046074e-15  -6.829323060017165e-16
9.67  1.3918627460386515e-15  3.6562964166204656e-16
9.68  7.277106842678092e-16  1.3695364828949432e-15
9.69  -5.40384408263908e-16  1.5272750447842532e-15
9.700000000000001  -1.5194644156728913e-15  6.287954914930355e-16
9.71  -1.4749571173369359e-15  -7.207062388922106e-16
9.72  -4.2937108533061936e-16  -1.544921716785222e-15
9.73  8.28663188639698e-16  -1.2883448017081823e-15
9.74  1.4319254915223394e-15  -2.172094162752078e-16
9.75  1.0432854192356303e-15  8.675358868446398e-16
9.76  4.050990443087123e-17  1.264915372897039e-15
9.77  -8.620783686567453e-16  8.061463345172595e-16
9.78  -1.0909016094967353e-15  -1.0303769619718271e-16
9.790000000000001  -5.982873888716826e-16  -8.143595249294551e-16
9.8  1.88004445537509e-16  -8.988764077183845e-16
9.81  7.088067582851214e-16  -4.20410924031651e-16
9.82  6.995362716732375e-16  1.983759509689062e-16
9.83  3.162563507708659e-16  5.597314164472531e-16
9.84  -1.1912278331609257e-16  5.511751960558957e-16
9.85  -4.0136756233979886e-16  3.009830092920177e-16
9.86  -4.618320767681817e-16  -3.2689150672586925e-17
9.870000000000001  -3.052376569520974e-16  -3.1315184538027024e-16
9.88  -3.2231286964062327e-18  -4.271477159736842e-16
9.89  2.948143526181254e-16  -2.8522298757821406e-16
9.9  3.843757214321626e-16  3.4773022454512956e-17
9.91  1.8855208280198663e-16  3.074015052255128e-16
9.92  -1.3770163412936868e-16  3.0604988315776537e-16
9.93  -3.101293935991011e-16  4.825140751038723e-17
9.94  -1.9935708929651362e-16  -2.1551163728896884e-16
9.950000000000001  5.971911829056417e-17  -2.788663902448486e-16
9.96  2.4349048784108354e-16  -1.2806139182340697e-16
9.97  2.5206889994635156e-16  9.309846491039954e-17
9.98  1.2444462019785099e-16  2.4374178248250796e-16
9.99  -6.491807669258244e-17  2.813619823973502e-16
10.0  -2.5611487384101206e-16  1.893278949199442e-16
10.01  -3.4828599016803824e-16  -1.8864290596989322e-17
10.02  -2.8277307707678854e-16  -2.568048001608751e-16
10.03  -2.6481811007541652e-17  -4.194963322068286e-16
10.040000000000001  2.945076408642773e-16  -3.334321713296026e-16
10.05  4.594989020505334e-16  -1.677499329421346e-17
10.06  3.179536412862853e-16  3.299746078101784e-16
10.07  -3.5523496083358386e-17  4.25344895610911e-16
10.08  -2.957953737173209e-16  1.918622491454383e-16
10.09  -2.1947399536025048e-16  -1.0259033411212409e-16
10.1  3.591418951179397e-17  -1.1014733179754151e-16
10.11  5.4584468622852195e-17  1.494942385733288e-16
10.120000000000001  -2.9026266945860513e-16  2.2164582179301842e-16
10.13  -5.674803179092884e-16  -2.2685056811720573e-16
10.14  -1.8775845743120408e-16  -8.422623280589577e-16
10.15  7.393782599153608e-16  -8.242435305017541e-16
10.16  1.32952394850564e-15  1.2658832818292555e-16
10.17  7.893890382388203e-16  1.2994167958159838e-15
10.18  -6.180796315335396e-16  1.5448663128355077e-15
10.19  -1.6940725975912805e-15  4.797634971801574e-16
10.200000000000001  -1.4664187460187047e-15  -1.0617739844758688e-15
10.21  -9.762222634662436e-17  -1.819689933453323e-15
10.22  1.319787521978434e-15  -1.2173141186709032e-15
10.23  1.7313866274263663e-15  2.19978265126206e-16
10.24  9.27553877009926e-16  1.3962223134589019e-15
10.25  -4.100079287767211e-16  1.5339578189019022e-15
10.26  -1.33217771131515e-15  6.885202288727053e-16
10.27  -1.3243869118857538e-15  -4.825328438697755e-16
10.28  -5.183446259859576e-16  -1.2095063137115232e-15
10.290000000000001  4.817660241039584e-16  -1.1252931553802992e-15
10.3  1.0460706312000818e-15  -4.101241950075292e-16
10.31  9.353245461107366e-16  4.1567377356665287e-16
10.32  3.398126055955463e-16  8.504989547481364e-16
10.33  -3.1506506238550425e-16  7.469918621733124e-16
10.34  -6.479534797632137e-16  2.7316762780841843e-16
10.35  -5.644950725421692e-16  -2.1184291766214032e-16
10.36  -2.255976582064954e-16  -4.648805215412108e-16
10.370000000000001  1.282997250969804e-16  -4.162061370121409e-16
10.38  3.3341781352650525e-16  -1.7480821304820479e-16
10.39  3.1917096319335656e-16  1.116039581912457e-16
10.4  1.135761206316504e-16  3.1161864739968827e-16
10.41  -1.7185726144101635e-16  2.6784388603031084e-16
10.42  -3.5660463788097167e-16  9.903465137899537e-18
10.43  -2.409986018469902e-16  -3.100773905003191e-16
10.44  1.1362634006616786e-16  -4.333167437426041e-16
10.450000000000001  4.713174004121695e-16  -2.0169105699874751e-16
10.46  5.308212501124844e-16  2.7187203098239905e-16
10.47  1.2383317923954783e-16  6.299365675996374e-16
10.48  -4.220581972873392e-16  5.201344132531385e-16
10.49  -6.857546826525179e-16  7.4003902222229e-18
10.5  -4.454280935708675e-16  -5.115426666917649e-16
10.51  9.760486644723539e-17  -6.427457564533799e-16
10.52  5.477902973735962e-16  -3.3827116957411644e-16
10.53  5.984741051533535e-16  1.847421607436898e-16
10.540000000000001  2.2753268119612295e-16  5.939541998989945e-16
10.55  -3.4343465790025953e-16  5.578141004362305e-16
10.56  -6.78898742271554e-16  8.153193542342437e-17
10.57  -5.040268125050437e-16  -5.0489440665676745e-16
10.58  7.991093154558099e-17  -7.529702224081912e-16
10.59  6.5058743937545e-16  -4.490977084597328e-16
10.6  8.007222596206594e-16  1.886730580302612e-16
10.61  4.235252288929963e-16  7.194566863969943e-16
10.620000000000001  -2.0630065274534706e-16  8.301012169044783e-16
10.63  -7.366287567331521e-16  4.833109433143481e-16
10.64  -9.014284911777514e-16  -1.4044724882272913e-16
10.65  -6.065455692934063e-16  -7.300587752646197e-16
10.66  2.7547142236865044e-17  -1.0003997728569155e-15
10.67  7.239408200151646e-16  -7.744976895182855e-16
10.68  1.1246495396049309e-15  -9.043607372351287e-17
10.69  9.366564772745895e-16  7.518445664244697e-16
10.700000000000001  1.4923054447624432e-16  1.248064694199104e-15
10.71  -8.282830809604937e-16  1.007037945181905e-15
10.72  -1.3353722812381567e-15  8.846817818610515e-17
10.73  -9.523067149236999e-16  -9.215315427832205e-16
10.74  6.381340178629329e-17  -1.3010016360292412e-15
10.75  9.959318601382789e-16  -7.557897103747264e-16
10.76  1.1501158047277264e-15  2.7648276443363594e-16
10.77  4.717525567481058e-16  1.0026052775030562e-15
10.78  -4.641274464912212e-16  9.135833523609405e-16
10.790000000000001  -9.161016893247786e-16  1.6148003359467253e-16
10.8  -6.082623255488773e-16  -5.646442549663476e-16
10.81  6.439008820427459e-17  -7.298412463556698e-16
10.82  5.221769860826038e-16  -3.6336382976719887e-16
10.83  5.329700301982294e-16  1.1588236740186934e-16
10.84  2.642952437903806e-16  3.9101485095460234e-16
10.85  -3.477820596100524e-17  4.1681929142313364e-16
10.86  -2.655704131687816e-16  2.971363846057574e-16
10.870000000000001  -3.947673440314131e-16  6.421242909943348e-17
10.88  -3.5044539753288253e-16  -2.2913903054981533e-16
10.89  -7.69057308560653e-17  -4.159609057663194e-16
10.9  2.5560516680765673e-16  -3.257099429848064e-16
10.91  3.812545384197162e-16  -8.437338360450669e-18
10.92  2.1324020047969207e-16  2.530031574027487e-16
10.93  -5.4568761512828196e-17  2.5431312667954695e-16
10.94  -1.650944482340836e-16  8.209511845706562e-17
10.950000000000001  -1.0501816730217407e-16  -3.950114961201144e-17
10.96  -1.53918423353886e-17  -4.586398106278989e-17
10.97  -1.693584990263275e-17  1.932574029168639e-18
10.98  -7.20423350237725e-17  -1.7162670193086342e-17
10.99  -5.697800097441676e-17  -1.1175336796640215e-16
11.0  4.158927845947836e-17  -1.5289458442193963e-16
11.01  1.6398922377964894e-16  -1.0376408995666565e-16
11.02  2.362211120173918e-16  4.0786658664384264e-17
11.03  1.7678961629106182e-16  2.388348672971829e-16
11.040000000000001  -7.694959505865537e-17  3.5147208943338383e-16
11.05  -3.9703180111077033e-16  1.9361677098218502e-16
11.06  -4.832650688472555e-16  -2.4947079212190113e-16
11.07  -9.504095912547999e-17  -6.565101415602338e-16
11.08  5.90431860730581e-16  -5.528804789089646e-16
11.09  9.559197454218171e-16  2.0188144114633214e-16
11.1  4.717677780291591e-16  1.0618025167723732e-15
11.11  -6.504574198899922e-16  1.1954292694510622e-15
11.120000000000001  -1.5321604896283007e-15  2.8294538824776114e-16
11.13  -1.3504784382638456e-15  -1.0996490591455637e-15
11.14  -6.85163490238887e-17  -1.903721904742898e-15
11.15  1.4676571353626319e-15  -1.4010887759282815e-15
11.16  2.1048786697964694e-15  1.4692916839530196e-16
11.17  1.329345131130183e-15  1.6702164718326333e-15
11.18  -3.183894779262541e-16  2.076375993445693e-15
11.19  -1.6597083448573655e-15  1.1218104455882718e-15
11.200000000000001  -1.8050996952683604e-15  -4.002490455181587e-16
11.21  -8.523750775174776e-16  -1.4117470622427042e-15
11.22  3.634505303060857e-16  -1.380212566698912e-15
11.23  1.0291070307540432e-15  -5.881365318752923e-16
11.24  9.333682012198485e-16  2.4185212389744775e-16
11.25  3.9810723905475386e-16  6.320609640511242e-16
11.26  -7.499042875520846e-17  5.362534963936148e-16
11.27  -2.7367972285043607e-16  2.8317752427589314e-16
11.28  -2.947369358178341e-16  8.41646317596772e-17
11.290000000000001  -2.6452109758679694e-16  -5.898798045071349e-17
11.3  -1.9222765059104003e-16  -1.9908402451798374e-16
11.31  4.31239912783822e-18  -3.097733638464911e-16
11.32  2.426334414413026e-16  -2.1121502425877315e-16
11.33  3.217465242463692e-16  6.002892438683943e-17
11.34  1.5279091847723379e-16  2.862110966609823e-16
11.35  -1.397601000411109e-16  2.9621118032662906e-16
11.36  -3.221621155471916e-16  5.1126957147971946e-17
11.370000000000001  -1.9818574478761907e-16  -2.427931283833563e-16
11.38  1.1859813035416639e-16  -2.750698328400411e-16
11.39  3.1204455455126693e-16  3.120109302556319e-18
11.4  1.4163783685649696e-16  3.302374140760337e-16
11.41  -2.877861432411464e-16  3.589731715368596e-16
11.42  -5.987724513015446e-16  -6.155343617380476e-17
11.43  -4.0594286338405356e-16  -6.669034317289874e-16
11.44  3.1113384356288563e-16  -9.256641817301368e-16
11.450000000000001  1.059466620502297e-15  -4.692722460941656e-16
11.46  1.2514230762466627e-15  4.968744796997812e-16
11.47  6.050275770774929e-16  1.386426961996716e-15
11.48  -5.684615759172261e-16  1.5380044308733954e-15
11.49  -1.5402913777751083e-15  7.817297597433229e-16
11.5  -1.6926562055111778e-15  -4.533538969329045e-16
11.51  -9.70451577758648e-16  -1.4172183311930619e-15
11.52  1.1186986350570292e-16  -1.619083758024322e-15
11.53  9.333090654721744e-16  -1.153551718861239e-15
11.540000000000001  1.2712408155031919e-15  -4.920331954904024e-16
11.55  1.3409550328566583e-15  1.0732974386178668e-16
11.56  1.2888083311503584e-15  7.360387610281495e-16
11.57  9.15381040643626e-16  1.5064063424328757e-15
11.58  -6.373589239029051e-17  2.12316850078107e-15
11.59  -1.5391535770240815e-15  1.9918693227243697e-15
11.6  -2.8211701736050068e-15  7.403523518899958e-16
11.61  -3.031559749723051e-15  -1.3427579900864778e-15
11.620000000000001  -1.6775731836337203e-15  -3.3155172763935445e-15
11.63  9.211081437034363e-16  -4.019734509922895e-15
11.64  3.63486365603058e-15  -2.7455203914311586e-15
11.65  4.979521112872361e-15  3.020115782228284e-16
11.66  3.875205861308956e-15  3.795862421262381e-15
11.67  4.183604804294619e-16  5.838915330037799e-15
11.68  -3.8842228901330305e-15  4.951704726342369e-15
11.69  -6.6584440649683685e-15  1.0350618550869737e-15
11.700000000000001  -5.9015902425989706e-15  -4.1267826880533215e-15
11.71  -1.4327748280113358e-15  -7.556899979340947e-15
11.72  4.531176245704393e-15  -6.7737992813257784e-15
11.73  8.316109886595714e-15  -1.6928127316043781e-15
11.74  7.169911045832807e-15  4.831484360372834e-15
11.75  1.3267833341085152e-15  8.554588910697649e-15
11.76  -5.668836280136815e-15  6.647003176939536e-15
11.77  -9.164107297746673e-15  -6.589531832291799e-17
11.78  -6.577432961298094e-15  -7.363505146509675e-15
11.790000000000001  4.912262115481269e-16  -1.0308369171116665e-14
11.8  6.9957651384342765e-15  -6.792717017443783e-15
11.81  7.820842478867921e-15  5.300522207637376e-16
11.82  1.7207488090185454e-15  5.832836248701639e-15
11.83  -7.471149244414658e-15  4.520836670788326e-15
11.84  -1.3796364367492741e-14  -2.9664636576381566e-15
11.85  -1.4318809281012483e-14  -1.1295928420176813e-14
11.86  -1.203584890076107e-14  -1.456302295930532e-14
11.870000000000001  -1.3977441403721207e-14  -1.1273905741538165e-14
11.88  -2.6089916714768588e-14  -5.3418082062347845e-15
11.89  -4.9596762760112814e-14  -2.172079222361566e-15
11.9  -8.257730748286765e-14  -3.1133847139013038e-15
11.91  -1.2566995621021878e-13  -3.2035518407670925e-15
11.92  -1.8745062819181708e-13  6.215226073381628e-15
11.93  -2.8589648193659334e-13  3.347536873113137e-14
11.94  -4.4740354822658714e-13  8.602333861200405e-14
11.950000000000001  -7.087126283882209e-13  1.7525078078119257e-13
11.96  -1.126273863326444e-12  3.2433369054077525e-13
11.97  -1.7954166511283223e-12  5.765936734420705e-13
11.98  -2.88208503720229e-12  1.0040025550117167e-12
11.99  -4.674198706914757e-12  1.7178472797774225e-12
12.0  -7.668439524616304e-12  2.8838841415566726e-12
12.01  -1.2723775253613042e-11  4.742037740714733e-12
12.02  -2.1337346043032055e-11  7.620753408514009e-12
12.030000000000001  -3.61385547562309e-11  1.1914991591763753e-11
12.040000000000001  -6.176473750698159e-11  1.794907313131882e-11
12.05  -1.0639429459295173e-10  2.554240801877892e-11
12.06  -1.8439372298711827e-10  3.2867058613307546e-11
12.07  -3.207921393810042e-10  3.369807817709557e-11
12.08  -5.585961050209949e-10  1.1151485628458399e-11
12.09  -9.701182802688274e-10  -7.59920009222952e-11
12.1  -1.6729482647096374e-09  -3.220865019759799e-10
12.11  -2.84844779440664e-09  -9.331468871210149e-10
12.120000000000001  -4.752149573550129e-09  -2.3413295791474787e-09
12.13  -7.68344447253728e-09  -5.4190466184398555e-09
12.14  -1.1831016147683934e-08  -1.1857065285955614e-08
12.15  -1.6802857044463088e-08  -2.4779970713152992e-08
12.16  -2.044264471174196e-08  -4.9622641391534715e-08
12.17  -1.6180422495967945e-08  -9.506313684003066e-08
12.18  1.2334470580147143e-08  -1.7313915433670388e-07
12.19  1.0100928143065115e-07  -2.9607711489947435e-07
12.200000000000001  3.20771550532873e-07  -4.640936332099254e-07
12.21  7.966377027221494e-07  -6.328007276394166e-07
12.22  1.7175324796902046e-06  -6.414887953204614e-07
12.23  3.2983448405494477e-06  -7.979346877712723e-08
12.24  5.606961734611326e-06  1.9131371902599243e-06
12.25  8.099690706393347e-06  6.847998964120523e-06
12.26  8.66245295535955e-06  1.6817985239436427e-05
12.27  2.0753935777928978e-06  3.352142764204766e-05
12.280000000000001  -2.158818946522495e-05  5.522880351435864e-05
12.290000000000001  -7.661387144595956e-05  7.03668222148919e-05
12.3  -0.0001747387826070365  4.775813198801614e-05
12.31  -0.00030457480355161555  -7.139145967232223e-05
12.32  -0.0003922828313435303  -0.00036411174432379674
12.33  -0.00025383154501442556  -0.0008700315673691962
12.34  0.00041287078079555627  -0.0014600809693234849
12.35  0.0018941190564398956  -0.0016454667797519845
12.36  0.004066451730460058  -0.00046994457859854264
12.370000000000001  0.005760608510316569  0.003185226830500223
12.38  0.004306669633932061  0.009490496071658245
12.39  -0.003744411125345107  0.015791544408571185
12.4  -0.019608202374347183  0.015236065329107838
12.41  -0.037270173565069946  -0.001299028542308706
12.42  -0.04027274536504866  -0.03733840402284479
12.43  -0.007419713213492653  -0.0788782205468887
12.44  0.0678245724708692  -0.08895056049922892
12.450000000000001  0.15247778436479761  -0.024468586464051607
12.46  0.1701050893008682  0.1202060557349324
12.47  0.045920091369558595  0.27037934986288903
12.48  -0.2078600306375248  0.284364399815032
12.49  -0.43730359325963475  0.056813747895082034
12.5  -0.41443784431346126  -0.34275989026334686
12.51  -0.03251541273985358  -0.6377688943042269
12.52  0.5217132350886594  -0.5218153695727662
12.530000000000001  0.828005639341483  0.047146201680559136
12.540000000000001  0.5605152985604528  0.7123063032358742
12.55  -0.17622668343903716  0.9467341069378826
12.56  -0.8560692685431811  0.5060035101333072
12.57  -0.9473529802724072  -0.3138777583265992
12.58  -0.3768922569813873  -0.8974518118630876
12.59  0.40451958863553306  -0.8293146041066359
12.6  0.8197358105984425  -0.22576879212353404
12.61  0.6393120368656349  0.4142634711337855
12.620000000000001  0.1044159842179347  0.6555892645522705
12.63  -0.35080907812446677  0.4401998126238844
12.64  -0.46329780469033593  0.03501865700903611
12.65  -0.27647002000662496  -0.25118849883509575
12.66  -0.009068119017721745  -0.2925480888335641
12.67  0.15401123083467536  -0.16219668864303194
12.68  0.16672656958656332  -0.005605473816342373
12.69  0.09054395613357923  0.08106750489410613
12.700000000000001  0.007907411262591665  0.08619411862621673
12.71  -0.036116897462296765  0.04831063516491815
12.72  -0.04024780179018204  0.008655524169237691
12.73  -0.024329526697510373  -0.012914548695053197
12.74  -0.007056326760192597  -0.016651569198338025
12.75  0.003028964798098321  -0.011263599767423613
12.76  0.005827289693477047  -0.004555891044275198
12.77  0.004613962202178631  -0.0001775885079320392
12.780000000000001  0.002396055107943959  0.0015248871025547476
12.790000000000001  0.0007010346665445556  0.0015741433954938697
12.8  -0.00014981348622381593  0.0010214323226362119
12.81  -0.0003889479576430616  0.00047165828339067726
12.82  -0.0003354964513537318  0.0001255368610096493
12.83  -0.00020573529214923142  -2.9878942881754553e-05
12.84  -9.69684584674269e-05  -7.00475584663526e-05
12.85  -3.183046041817366e-05  -6.043992029387171e-05
12.86  -1.7461479808777644e-06  -3.870904029037401e-05
12.870000000000001  7.981825560153387e-06  -2.0344421628572144e-05
12.88  8.559199243321253e-06  -8.786301308283439e-06
12.89  6.260190103190029e-06  -2.79861452646081e-06
12.9  3.813958215382533e-06  -2.3828938837290724e-07
12.91  2.0442600956634896e-06  5.785175961496038e-07
12.92  9.769709599269828e-07  6.604559560082901e-07
12.93  4.0963127575376786e-07  5.098239974896818e-07
12.94  1.3994277482128987e-07  3.3453947145168796e-07
12.950000000000001  2.6871063350254122e-08  1.9936212696022573e-07
12.96  -1.2285173125437003e-08  1.1103773515339801e-07
12.97  -2.053235869537843e-08  5.865398527446249e-08
12.98  -1.7992279401486847e-08  2.960742619084029e-08
12.99  -1.303995520488637e-08  1.4320675628311064e-08
13.0  -8.608165018777307e-09  6.6248046859999735e-09
13.01  -5.3787930535002445e-09  2.907358819658367e-09
13.02  -3.245552393393139e-09  1.18674650032635e-09
13.030000000000001  -1.914366585300728e-09  4.290961394966799e-10
13.040000000000001  -1.1130039273742379e-09  1.1720796404157737e-10
13.05  -6.417148897671325e-10  2.147814985570722e-12
13.06  -3.6863610633790813e-10  -3.129278763070513e-11
13.07  -2.1178159268753824e-10  -3.4097838449214884e-11
13.08  -1.2204753350803334e-10  -2.7542922840348264e-11
13.09  -7.072719356674346e-11  -1.9733784400793314e-11
13.1  -4.1296041902517603e-11  -1.3250768884502908e-11
13.11  -2.4329361219294144e-11  -8.541498550386e-12
13.120000000000001  -1.4476404514987978e-11  -5.3504140228659155e-12
13.13  -8.703149875271124e-12  -3.2771712787629026e-12
13.14  -5.286724461701739e-12  -1.967205947958922e-12
13.15  -3.2445304767772004e-12  -1.1562477838581342e-12
13.16  -2.011822840772506e-12  -6.630305706717789e-13
13.17  -1.2606978122655557e-12  -3.6870597759630103e-13
13.18  -7.985384267247154e-13  -1.9743497649966754e-13
13.19  -5.104944840947424e-13  -1.013775031539891e-13
13.200000000000001  -3.2725359164782134e-13  -4.9686888543781316e-14
13.21  -2.0770691759438884e-13  -2.1736089187056226e-14
13.22  -1.2931385547796153e-13  -4.398334204351894e-15
13.23  -8.061561506522629e-14  8.095762414584191e-15
13.24  -5.4029635557417503e-14  1.532077736545313e-14
13.25  -4.088290401141481e-14  1.4887288834116545e-14
13.26  -3.149778675161858e-14  7.642847690895496e-15
13.27  -1.9560974625125837e-14  -6.619297606405277e-16
13.280000000000001  -5.6735809357646445e-15  -3.1875598804662153e-15
13.290000000000001  4.135474582934741e-15  2.182394998538143e-15
13.3  4.731848763114311e-15  1.0572024217993726e-14
13.31  -2.7276512249922816e-15  1.4163195672065112e-14
13.32  -1.099549702948071e-14  8.929423123326326e-15
13.33  -1.2513019783890647e-14  -1.868603738682579e-15
13.34  -5.3351053403369675e-15  -1.0422115349137697e-14
13.35  5.542953632147315e-15  -1.060285718631135e-14
13.36  1.2401559466563255e-14  -2.5934591621550267e-15
13.370000000000001  1.0617738594280984e-14  7.606194154851721e-15
13.38  1.7743321602973006e-15  1.2821890420677524e-14
13.39  -7.85079553528765e-15  9.728072834110408e-15
13.4  -1.1939619865704094e-14  8.209845323118387e-16
13.41  -8.377465845955504e-15  -7.812629157145968e-15
13.42  -1.6848277109181929e-16  -1.0923450941412882e-14
13.43  7.183564395119718e-15  -7.400533923672208e-15
13.44  9.577321889778874e-15  -3.141884058634759e-16
13.450000000000001  6.605710942710989e-15  5.785122523485185e-15
13.46  9.152542327690862e-16  7.913834926363695e-15
13.47  -4.086928072503068e-15  5.904224187400532e-15
13.48  -6.257801555119085e-15  1.6715117890388869e-15
13.49  -5.328795017983004e-15  -2.425862092650975e-15
13.5  -2.4030724613232922e-15  -4.733022090892566e-15
13.51  9.423705389048623e-16  -4.7229026151919265e-15
13.52  3.310371031115093e-15  -2.850195096352359e-15
13.530000000000001  3.929268482200828e-15  -1.8495978457332103e-16
13.540000000000001  2.8668771282381757e-15  2.0279544164157408e-15
13.55  9.032044431118592e-16  2.947340162763277e-15
13.56  -9.108314808489695e-16  2.490398416294894e-15
13.57  -1.854411970922598e-15  1.240236755382876e-15
13.58  -1.8402354617866375e-15  -2.3281359784702906e-17
13.59  -1.2449028414320715e-15  -8.081075796415711e-16
13.6  -5.614680792948168e-16  -1.041207108666238e-15
13.61  -6.2123736606415e-17  -9.67782784234119e-16
13.620000000000001  2.423844070849447e-16  -8.069423717750353e-16
13.63  4.865740417771086e-16  -6.686372294974976e-16
13.64  7.696771380273204e-16  -4.703443996647992e-16
13.65  1.0148245520535177e-15  -6.106027334460793e-17
13.66  9.913762064079913e-16  5.535621239118629e-16
13.67  5.304276567320087e-16  1.1322927393830875e-15
13.68  -2.9781642217357555e-16  1.2937968226961321e-15
13.69  -1.0989899889693244e-15  8.142675807624065e-16
13.700000000000001  -1.3572813081757499e-15  -1.4266891752324653e-16
13.71  -8.512645668000754e-16  -1.010183754749299e-15
13.72  1.134409995466655e-16  -1.2295955179288e-15
13.73  8.940599012229488e-16  -6.750444110733041e-16
13.74  9.7175307056421e-16  2.0089403326009966e-16
13.75  4.0953902114298305e-16  7.599735590203236e-16
13.76  -2.932340742352735e-16  7.053903461754183e-16
13.77  -6.78429698388645e-16  2.274449279603531e-16
13.780000000000001  -6.321630878358695e-16  -3.1259434580086217e-16
13.790000000000001  -2.6487487469042723e-16  -6.977589893674412e-16
13.8  2.877751949909271e-16  -8.078292732425732e-16
13.81  8.960747598511918e-16  -4.916997303322076e-16
13.82  1.1993825162573014e-15  3.0419913392050903e-16
13.83  7.716881174816323e-16  1.2630729371412277e-15
13.84  -4.008890919867313e-16  1.6744478376232244e-15
13.85  -1.6701583110598498e-15  9.812493890324874e-16
13.86  -2.0400831905286536e-15  -5.968689027216568e-16
13.870000000000001  -1.0319091426744306e-15  -2.0381766091571772e-15
13.88  8.416262619913339e-16  -2.2167673184269372e-15
13.89  2.22950345632084e-15  -8.888706609086e-16
13.9  2.1329889135862005e-15  1.031895656722075e-15
13.91  6.616309527781856e-16  2.1760002388424206e-15
13.92  -1.0686693214641375e-15  1.8537098607784688e-15
13.93  -1.9319920138331537e-15  4.640540494823769e-16
13.94  -1.5423515397405121e-15  -9.737301615016057e-16
13.950000000000001  -3.550687241545669e-16  -1.6207132061747059e-15
13.96  8.251386422904185e-16  -1.2744019742644953e-15
13.97  1.3580257104842804e-15  -2.916739570542671e-16
13.98  1.0536844807676107e-15  6.980691498658008e-16
13.99  2.117537562047078e-16  1.1179405556314891e-15
14.0  -5.819608815140771e-16  8.4732273946198e-16
14.01  -9.119037913480793e-16  1.658453110345311e-16
14.02  -6.936861153899737e-16  -4.738831656334737e-16
14.030000000000001  -1.4555201259552928e-16  -7.68911943203714e-16
14.040000000000001  4.174210451504449e-16  -6.100121860025778e-16
14.05  7.115731886996274e-16  -1.1439609063984225e-16
14.06  5.430835834245123e-16  4.445943532225116e-16
14.07  4.133226349589334e-18  6.883622685737357e-16
14.08  -5.251008754179447e-16  4.2695470375895037e-16
14.09  -6.342264631515981e-16  -1.5027461155441209e-16
14.1  -2.430275264398999e-16  -5.751955417590309e-16
14.11  3.175349986446575e-16  -5.267696015810435e-16
14.120000000000001  5.996347397015474e-16  -5.389921548961404e-17
14.13  4.080690313487019e-16  4.4055910876066344e-16
14.14  -7.109329161203951e-17  5.844021494524406e-16
14.15  -4.652496179655448e-16  3.33146480158662e-16
14.16  -5.493328978034396e-16  -9.720363111658683e-17
14.17  -3.302965414962928e-16  -4.3178726388277107e-16
14.18  1.8507563188235906e-17  -5.526815830057221e-16
14.19  3.944366279763928e-16  -4.445327711334537e-16
14.200000000000001  6.464436874088101e-16  -9.940092874493884e-17
14.21  6.032524682818144e-16  3.935822770861016e-16
14.22  1.6582125366047895e-16  7.632557242103419e-16
14.23  -4.697092984153808e-16  6.837013059304443e-16
14.24  -8.421160633525673e-16  1.0725321253905189e-16
14.25  -6.04312014239668e-16  -5.57200527859039e-16
14.26  5.775509157683782e-17  -7.292158070091552e-16
14.27  4.93984682857371e-16  -3.090975739413805e-16
14.280000000000001  3.402588385089565e-16  1.6795707017123314e-16
14.290000000000001  -6.181828641604443e-17  1.4131905848257193e-16
14.3  -2.578958093138269e-17  -2.57097760607102e-16
14.31  5.399813064239761e-16  -2.6387514236398016e-16
14.32  8.308406435682542e-16  5.042431480523586e-16
14.33  1.0094413281890898e-16  1.3343791079317023e-15
14.34  -1.284484412387797e-15  1.0958602427224751e-15
14.35  -1.949003348659507e-15  -4.484563500712382e-16
14.36  -9.056207283571362e-16  -2.0564535343714178e-15
14.370000000000001  1.1751690655769024e-15  -2.1166695871553102e-15
14.38  2.4862800705315994e-15  -3.8899049109445265e-16
14.39  1.867324838494731e-15  1.7364110043657266e-15
14.4  -1.821577464935885e-16  2.5150827198905863e-15
14.41  -1.9993238935676404e-15  1.4167125846927446e-15
14.42  -2.273267486766749e-15  -5.989376155489757e-16
14.43  -9.650959101416972e-16  -2.013727201844022e-15
14.44  8.35183289658665e-16  -1.9365749301026546e-15
14.450000000000001  1.8673028991511084e-15  -6.212632058327261e-16
14.46  1.5965407232734584e-15  9.011876699062419e-16
14.47  3.862427021038702e-16  1.6640195315189724e-15
14.48  -8.705658019930362e-16  1.3005467395234294e-15
14.49  -1.4075024812684704e-15  2.399080159040276e-16
14.5  -1.0365589055208758e-15  -7.727942475667987e-16
14.51  -1.4527072259372504e-16  -1.155859906723823e-15
14.52  6.505672189836364e-16  -8.124775816819955e-16
14.530000000000001  9.109978559734433e-16  -9.057250280787375e-17
14.540000000000001  6.142626789579334e-16  5.110593022837237e-16
14.55  6.651114747737903e-17  6.78596645232932e-16
14.56  -3.8034264777551436e-16  4.532690905298858e-16
14.57  -5.299061401755767e-16  5.1792164880293197e-17
14.58  -3.8066525859025132e-16  -3.087300126878392e-16
14.59  -2.8999932633542457e-17  -4.770649538990067e-16
14.6  3.5665183074577333e-16  -3.3071680006967605e-16
14.61  4.995690775897472e-16  6.281319277894802e-17
14.620000000000001  2.655981287530279e-16  4.569314113962974e-16
14.63  -2.200498809935115e-16  5.4086714533955e-16
14.64  -6.127743942776679e-16  1.6507988610432047e-16
14.65  -5.219891656002601e-16  -4.062027444598429e-16
14.66  -8.843635698141648e-18  -6.946704181574872e-16
14.67  5.606349871813433e-16  -4.4150970815733926e-16
14.68  7.062292087648332e-16  1.8145204999493179e-16
14.69  3.2001603134527285e-16  6.72491584860074e-16
14.700000000000001  -3.4203986520416564e-16  7.323286970346492e-16
14.71  -7.871872287481118e-16  2.307880199791863e-16
14.72  -7.081798835977911e-16  -4.747283815718615e-16
14.73  -1.0080766177093282e-16  -8.903849849241948e-16
14.74  6.366633860583005e-16  -7.129630890439577e-16
14.75  1.0259681328134842e-15  2.849901729451554e-18
14.76  7.163413690467e-16  8.229244883156599e-16
14.77  -1.3823128943050124e-16  1.1404816611599853e-15
14.780000000000001  -9.666512466458837e-16  7.06541907850452e-16
14.790000000000001  -1.2132477137220372e-15  -2.0797479980881143e-16
14.8  -7.297581457867371e-16  -1.016694927553359e-15
14.81  1.6969658556990435e-16  -1.2600074585714439e-15
14.82  9.922380687093816e-16  -8.337515284192692e-16
14.83  1.3298714803307763e-15  3.8620349406772234e-17
14.84  1.0034745358806949e-15  9.436311368675541e-16
14.85  1.2968379084234612e-16  1.4360490736901183e-15
14.86  -9.028465745160036e-16  1.221626459723251e-15
14.870000000000001  -1.5822251395970327e-15  2.887855351137512e-16
14.88  -1.4171156966577648e-15  -9.42723771809597e-16
14.89  -3.384387793097085e-16  -1.7587293742111772e-15
14.9  1.0863187897357632e-15  -1.507356166621333e-15
14.91  1.8949564747243276e-15  -2.1948074230360322e-16
14.92  1.4183315120242098e-15  1.2737906449129977e-15
14.93  -4.328646132611053e-17  1.890217068301e-15
14.94  -1.4462185708562676e-15  1.1327085973687145e-15
14.950000000000001  -1.7080947638557472e-15  -3.9716318542327056e-16
14.96  -6.877913370831832e-16  -1.4970480773194795e-15
14.97  7.220878373290509e-16  -1.3358317375222537e-15
14.98  1.360946880635431e-15  -1.9518221925267683e-16
14.99  8.563968274633184e-16  8.708880579112205e-16
15.0  -1.5311136435819757e-16  1.0511998402237352e-15
