t   Re(c(t))    Im(c(t))
0.0  1.0  0.0
0.01  0.9880019525990346  0.15137333564801173
0.02  0.9523389276780899  0.2988359730633245
0.03  0.8939940261235693  0.4385917021027248
0.04  0.8145719328213513  0.5670695513091342
0.05  0.716249414532125  0.6810271996860338
0.06  0.6017084137593472  0.7776437149945908
0.07  0.47405402408722486  0.8545986700776803
0.08  0.3367201319709765  0.910135178501016
0.09  0.1933659038254663  0.9431049642936782
0.1  0.047766571894634104  0.9529942147369775
0.11  -0.09629788070290633  0.9399296349272079
0.12  -0.23515251933335715  0.9046648022687196
0.13  -0.3653322379167527  0.8485475824356487
0.14  -0.48367825029382355  0.7734699913093954
0.15  -0.5874233675806841  0.6818024479058634
0.16  -0.6742635744884754  0.5763148424434992
0.17  -0.7424139313414861  0.460087226344647
0.18  -0.7906473968472345  0.33641320620708826
0.19  -0.8183157673957697  0.20869928518677436
0.2  -0.8253525393090112  0.08036344084554764
0.21  -0.81225809909941  -0.04526383927324959
0.22  -0.7800682128670813  -0.16503301786328206
0.23  -0.730307300958292  -0.27606068919026044
0.24  -0.6649284320422915  -0.3758040626929192
0.25  -0.5862423390086867  -0.46212275448575907
0.26  -0.4968380380581805  -0.5333263684747322
0.27  -0.3994978160629124  -0.5882068583761485
0.28  -0.2971094372278836  -0.626055186588812
0.29  -0.19257840921993  -0.6466623174910962
0.3  -0.08874304537382117  -0.650305084094256
0.31  0.011705129634746316  -0.6377179322742799
0.32  0.10629334858592394  -0.6100519620838841
0.33  0.19282999269912204  -0.568823039194912
0.34  0.2694558334753288  -0.5158510321165943
0.35000000000000003  0.3346829717922064  -0.4531924359317039
0.36  0.387420760098544  -0.3830687671147572
0.37  0.4269884395765722  -0.30779315554244335
0.38  0.45311466192426686  -0.2296975207711996
0.39  0.4659244809530383  -0.15106260427725082
0.4  0.4659147797130183  -0.07405294418599055
0.41000000000000003  0.4539194331387455  -0.0006586326498080485
0.42  0.4310657849212238  0.06735460124610676
0.43  0.3987242332431992  0.1284857767532968
0.44  0.3584528682321841  0.18152867197190012
0.45  0.3119391819383433  0.22559099380512088
0.46  0.26094087917866066  0.2601026193907869
0.47000000000000003  0.20722775689597428  0.2848131868782559
0.48  0.15252649516985595  0.299779655324565
0.49  0.09847002111628222  0.3053447606826554
0.5  0.046552875819434736  0.3021075580510699
0.51  -0.0019062562006446954  0.29088745201735905
0.52  -0.045793994922359214  0.2726832715099056
0.53  -0.08422314688900367  0.24862903966494687
0.54  -0.11654480053265535  0.2199481216221676
0.55  -0.1423517302507538  0.18790740490478272
0.56  -0.1614735039776095  0.15377308128087458
0.5700000000000001  -0.1739639609381957  0.11876946089428755
0.58  -0.18008196200818813  0.08404206591680007
0.59  -0.1802665073032683  0.05062603041403949
0.6  -0.17510745877619308  0.019420585087709972
0.61  -0.1653131962050683  -0.008829859624342067
0.62  -0.15167657160191694  -0.03354779026027497
0.63  -0.13504051046431748  -0.05432785252736423
0.64  -0.11626454119299118  -0.07093557783854677
0.65  -0.0961934210680986  -0.08330008265602643
0.66  -0.07562887476299782  -0.09150144704757358
0.67  -0.055305277216094406  -0.09575363860285165
0.68  -0.0358699055668443  -0.09638396462230832
0.6900000000000001  -0.017868164239097165  -0.09381010643230281
0.7000000000000001  -0.0017339628195420062  -0.0885158139584894
0.71  0.012214792346078862  -0.08102631746779355
0.72  0.02377583599042934  -0.07188444973654858
0.73  0.03285773579152311  -0.06162837061421057
0.74  0.03947121499512163  -0.05077165329522684
0.75  0.043717300213636776  -0.03978633500317786
0.76  0.04577306871855552  -0.029089362428353433
0.77  0.04587581014070084  -0.01903268271706842
0.78  0.04430641917278371  -0.00989705262545784
0.79  0.04137280081894684  -0.0018894697151758272
0.8  0.03739400178597454  0.004856022545927334
0.81  0.032685685989612696  0.010274533089955039
0.8200000000000001  0.027547455176029724  0.014364003907655055
0.8300000000000001  0.022252384382426212  0.017176922999741728
0.84  0.017039003772682373  0.018810658517685173
0.85  0.012105820616848631  0.0193970102167619
0.86  0.0076083447282011985  0.01909155176319326
0.87  0.0036584636275888934  0.018063288415831383
0.88  0.00032591508408639374  0.016485083700661853
0.89  -0.0023584718151364206  0.014525221356775198
0.9  -0.0043981480347549525  0.012340371033137197
0.91  -0.005825236370964991  0.010070124100522078
0.92  -0.00669435420629968  0.007833165459187042
0.93  -0.007076258046507911  0.005725053783136351
0.9400000000000001  -0.007051661718349861  0.003817500835764898
0.9500000000000001  -0.006705526062996479  0.002158973860915208
0.96  -0.006122053416210027  0.0007763959440271332
0.97  -0.005380549977681692  -0.00032231126255749206
0.98  -0.004552248105563887  -0.0011451100971763652
0.99  -0.003698113010691071  -0.0017124172410111457
1.0  -0.0028675980101778627  -0.002053604309027544
1.01  -0.002098262338720774  -0.002203639102603439
1.02  -0.0014161274557244318  -0.002200037421538719
1.03  -0.0008366227686598161  -0.0020802499481301926
1.04  -0.0003659596809652625  -0.0018795620393349838
1.05  -2.7729482926551076e-06  -0.0016295395433223578
1.06  0.00026012115505245355  -0.0013570137230757837
1.07  0.00043398157370394926  -0.0010835650882260223
1.08  0.0005325212673832719  -0.0008254407298752
1.09  0.000570487466337062  -0.0005938231865954625
1.1  0.000562494305187679  -0.0003953607959083303
1.11  0.0005221317193311486  -0.00023286914362098278
1.12  0.0004613506487151368  -0.00010611937657534952
1.1300000000000001  0.00039010519051967677  -1.2640241014508946e-05
1.1400000000000001  0.00031621807561612995  5.152494890529892e-05
1.1500000000000001  0.0002454268936220505  9.114930349539028e-05
1.16  0.00018156457863759682  0.00011126826606089179
1.17  0.00012682814761129377  0.00011675269698200395
1.18  8.209365889243045e-05  0.00011200888005738896
1.19  4.7241800777772715e-05  0.00010079545442574561
1.2  2.146638140970096e-05  8.61405388079708e-05
1.21  3.5463045644635298e-06  7.033851362030346e-05
1.22  -7.930432886612522e-06  5.500474300822517e-05
1.23  -1.4395209263467022e-05  4.116746503278005e-05
1.24  -1.7178589643739922e-05  2.937857514750811e-05
1.25  -1.7436294101490073e-05  1.98284798725112e-05
1.26  -1.6113609709386084e-05  1.2454053235302329e-05
1.27  -1.3939391139884367e-05  7.032527162074066e-06
1.28  -1.1440784670380586e-05  3.2575442192860284e-06
1.29  -8.970630999243633e-06  7.963778006109486e-07
1.3  -6.740845311388036e-06  -6.706196283835259e-07
1.31  -4.85665789245236e-06  -1.4259456879532803e-06
1.32  -3.3481954824817507e-06  -1.7031730852024662e-06
1.33  -2.197325394902309e-06  -1.6842266185990421e-06
1.34  -1.3588685829078952e-06  -1.5026873648830303e-06
1.35  -7.761699626008617e-07  -1.2505568221579274e-06
1.36  -3.9159686978313533e-07  -9.864840437120219e-07
1.37  -1.5285487472078583e-07  -7.440423190862563e-07
1.3800000000000001  -1.6118487693155624e-08  -5.39169584290852e-07
1.3900000000000001  5.306671980485322e-08  -3.76318474029266e-07
1.4000000000000001  8.028655079388848e-08  -2.531825176489248e-07
1.41  8.351638069641754e-08  -1.640777142072467e-07
1.42  7.466764749244556e-08  -1.0217879299123474e-07
1.43  6.111851937724502e-08  -6.085793885234077e-08
1.44  4.705716669998029e-08  -3.4372783398404924e-08
1.45  3.4563762667095145e-08  -1.8119983850641712e-08
1.46  2.4422222362971657e-08  -8.626659976172577e-09
1.47  1.6690259830821086e-08  -3.405647395885598e-09
1.48  1.1073456278140099e-08  -7.58918628403555e-10
1.49  7.15241294817607e-09  4.199740908168089e-10
1.5  4.507413956440707e-09  8.181321309031165e-10
1.51  2.7766535335874734e-09  8.402936872388392e-10
1.52  1.6748808913207398e-09  7.104101168846008e-10
1.53  9.909652886845e-10  5.42610448734018e-10
1.54  5.761540008408412e-10  3.8812795164264974e-10
1.55  3.2984988044256984e-10  2.646878667028922e-10
1.56  1.8639225460059062e-10  1.738777591817406e-10
1.57  1.0425338899614233e-10  1.1075191944240821e-10
1.58  5.790524639118823e-11  6.87044118253528e-11
1.59  3.205557902973458e-11  4.163885008492976e-11
1.6  1.7755819590867153e-11  2.4708528002332075e-11
1.61  9.87820616531127e-12  1.4376908370109514e-11
1.62  5.537440075589569e-12  8.209322234913636e-12
1.6300000000000001  3.134324693308398e-12  4.600835813839911e-12
1.6400000000000001  1.79234866263443e-12  2.5292883928793864e-12
1.6500000000000001  1.0342791366347602e-12  1.3618908963467155e-12
1.6600000000000001  6.00621573847034e-13  7.163006416890464e-13
1.67  3.496434163457806e-13  3.663856161592602e-13
1.68  2.0307362666152932e-13  1.8097009091495905e-13
1.69  1.1707158186532383e-13  8.529330171819326e-14
1.7  6.661343446253642e-14  3.752780238904826e-14
1.71  3.7196548428073185e-14  1.472361662766022e-14
1.72  2.0259157842558945e-14  4.482212425478646e-15
1.73  1.068201896762917e-14  3.4574920562990503e-16
1.74  5.381113385707824e-15  -1.0423151796402087e-15
1.75  2.553537202076711e-15  -1.2728853784284606e-15
1.76  1.12172650027147e-15  -1.0988202132877943e-15
1.77  4.602728469030082e-16  -8.356805276994607e-16
1.78  1.9439106721437042e-16  -6.014291075522243e-16
1.79  1.0134222112047151e-16  -4.3525627408186686e-16
1.8  9.904098234952361e-17  -3.3979194777977937e-16
1.81  1.5290369072871796e-16  -2.733527540801972e-16
1.82  2.1362982203489342e-16  -2.0753562905459548e-16
1.83  2.6463814064971174e-16  -1.430841483325065e-16
1.84  3.2588070000649785e-16  -7.602730753389246e-17
1.85  3.5246209024170617e-16  1.6889552532467838e-17
1.86  3.651488508338671e-16  8.567028778097995e-17
1.87  3.445495303315942e-16  1.481400765027273e-16
1.8800000000000001  3.3265729048912937e-16  2.082552309426105e-16
1.8900000000000001  3.076306090160054e-16  2.9618411185095765e-16
1.9000000000000001  2.5688216669294333e-16  3.498871147593422e-16
1.9100000000000001  1.9484835418276794e-16  4.089834851516983e-16
1.92  1.3174611393192425e-16  4.4130397935741936e-16
1.93  4.560313739730051e-17  4.910273542988119e-16
1.94  -3.425823492793814e-17  5.180128562236728e-16
1.95  -1.132320528736301e-16  5.284090667969e-16
1.96  -1.956590932497889e-16  5.228317618812225e-16
1.97  -2.9857387158035304e-16  5.043909101459842e-16
1.98  -3.937711404011957e-16  4.597748675227122e-16
1.99  -4.707352877981553e-16  3.987946493595923e-16
2.0  -5.258583371032152e-16  3.2737052538268223e-16
2.0100000000000002  -5.765736331942189e-16  2.287397074167289e-16
2.02  -6.19587649386495e-16  1.4843155572755248e-16
2.0300000000000002  -6.63150108820754e-16  6.041179232290239e-17
2.04  -6.722927307400176e-16  -5.896066283041251e-17
2.05  -6.732470912801977e-16  -1.9675983013226904e-16
2.06  -6.452221792512624e-16  -2.969632960583063e-16
2.07  -5.810316869669726e-16  -3.9764853588332614e-16
2.08  -5.230150554904727e-16  -4.997477107761561e-16
2.09  -4.4035324714317894e-16  -5.987284414065477e-16
2.1  -3.376104657100407e-16  -7.006217550347363e-16
2.11  -2.139365387594241e-16  -7.552600638802661e-16
2.12  -8.181743687175533e-17  -7.78682734738989e-16
2.13  5.2375460625108053e-17  -7.819715616146102e-16
2.14  1.7926110427212342e-16  -7.50764508377006e-16
2.15  2.79741576637862e-16  -7.355590254506466e-16
2.16  3.988871297289057e-16  -6.871020942643332e-16
2.17  4.991610220735391e-16  -6.121717319600493e-16
2.18  5.677770896629695e-16  -5.542771038929643e-16
2.19  6.492892403734455e-16  -4.584256049206234e-16
2.2  7.358984426390436e-16  -3.5820792727141432e-16
2.21  7.866080345335907e-16  -2.4343696381155735e-16
2.22  8.030121665179289e-16  -1.130157175456631e-16
2.23  8.197681134784486e-16  3.0275939009639965e-17
2.24  7.728015367283966e-16  1.6155607349212046e-16
2.25  7.319358470880491e-16  3.0697375725080806e-16
2.2600000000000002  6.778343180064447e-16  3.9983288417155435e-16
2.27  6.010052941051075e-16  4.587595732616444e-16
2.2800000000000002  5.247890132693324e-16  5.483069596440437e-16
2.29  4.3576170283700122e-16  5.977577196092174e-16
2.3000000000000003  3.302090354527179e-16  6.459718631486086e-16
2.31  2.2942463064758794e-16  6.883389244604075e-16
2.32  1.2935828196489838e-16  7.28307980550814e-16
2.33  2.0764057711207e-17  7.060106181153809e-16
2.34  -8.765983437935368e-17  6.952326258937436e-16
2.35  -1.806751575735726e-16  6.555888540034756e-16
2.36  -2.60561056296989e-16  6.113912496951953e-16
2.37  -3.3298184203417813e-16  5.387547992815771e-16
2.38  -4.016210376397397e-16  4.423768691586586e-16
2.39  -4.865376999680008e-16  3.13243080938244e-16
2.4  -5.992529087573832e-16  1.218564508647542e-16
2.41  -7.919927374488477e-16  -1.1272904616872867e-16
2.42  -1.181997592458468e-15  -4.4262414742679087e-16
2.43  -1.9771635884774654e-15  -8.248925335303082e-16
2.44  -3.594069859154178e-15  -1.0952129580059669e-15
2.45  -6.681958599578604e-15  -9.186934525071963e-16
2.46  -1.2399896040606984e-14  5.486170417562979e-16
2.47  -2.269137235330397e-14  5.097863615038148e-15
2.48  -4.081951876109746e-14  1.6335318977939404e-14
2.49  -7.223119777501419e-14  4.1308772928376286e-14
2.5  -1.2608437622463694e-13  9.340250229084158e-14
2.5100000000000002  -2.1787660396463352e-13  1.973963362505343e-13
2.52  -3.7445852700778056e-13  3.9832263731868525e-13
2.5300000000000002  -6.42902243111265e-13  7.764422655722713e-13
2.54  -1.1074329161384043e-12  1.4723204735733548e-12
2.5500000000000003  -1.9208675509199843e-12  2.7276805702969078e-12
2.56  -3.363168251810705e-12  4.950186775494268e-12
2.57  -5.949326778849176e-12  8.812635677941393e-12
2.58  -1.062462468263898e-11  1.539824783772868e-11
2.59  -1.911185705659603e-11  2.640111835691765e-11
2.6  -3.4513926420587825e-11  4.437880702300992e-11
2.61  -6.233375176271942e-11  7.302300979221685e-11
2.62  -1.1215079734019334e-10  1.1734873285944172e-10
2.63  -2.002898151576556e-10  1.8357680631274172e-10
2.64  -3.5391821553361655e-10  2.7826495715738865e-10
2.65  -6.170803661371542e-10  4.058830132243085e-10
2.66  -1.0591550426398877e-09  5.634779849833736e-10
2.67  -1.7859913902073981e-09  7.302887154160482e-10
2.68  -2.953362786249658e-09  8.491333693098497e-10
2.69  -4.781124674439089e-09  7.951574629901528e-10
2.7  -7.564251933098413e-09  3.26273388600358e-10
2.71  -1.1673404811757131e-08  -9.91282493907197e-10
2.72  -1.7532508424961777e-08  -3.888751379134986e-09
2.73  -2.5553880029101666e-08  -9.536393568964776e-09
2.74  -3.600292372918052e-08  -1.971969222026507e-08
2.75  -4.8755200600257124e-08  -3.703864512958144e-08
2.7600000000000002  -6.290059066318824e-08  -6.510124876964317e-08
2.77  -7.614535266522733e-08  -1.0865662746916771e-07
2.7800000000000002  -8.396764485720234e-08  -1.7357866175051014e-07
2.79  -7.850135792185803e-08  -2.6656852507693127e-07
2.8000000000000003  -4.7163728828245866e-08  -3.94398045269933e-07
2.81  2.8889063676819226e-08  -5.624727375468686e-07
2.82  1.762920846939728e-07  -7.724655983627548e-07
2.83  4.306646074994682e-07  -1.018776789889031e-06
2.84  8.369763431961991e-07  -1.2836305343848842e-06
2.85  1.448415292350384e-06  -1.5307511005008333e-06
2.86  2.32291341642078e-06  -1.697785320450293e-06
2.87  3.5163623650937497e-06  -1.6879736841952085e-06
2.88  5.071525845902696e-06  -1.362017050859235e-06
2.89  7.0017864778011276e-06  -5.316233765378453e-07
2.9  9.269213617741738e-06  1.0431948710220986e-06
2.91  1.1757057237276806e-05  3.6504397173683033e-06
2.92  1.4237693474460662e-05  7.612995073049397e-06
2.93  1.6338267352455456e-05  1.326279509129344e-05
2.94  1.7507746256021425e-05  2.0899266258768205e-05
2.95  1.6990703618147885e-05  3.0729777841154066e-05
2.96  1.3814720682415993e-05  4.2791256558150705e-05
2.97  6.799588154982449e-06  5.6854268813645444e-05
2.98  -5.402776510280132e-06  7.231373580152706e-05
2.99  -2.4228915995430096e-05  8.8073908694007e-05
3.0  -5.107744687722646e-05  0.00010243905822033656
3.0100000000000002  -8.713093549422625e-05  0.00011302516552662903
3.02  -0.00013312553141562577  0.0001167112652461423
3.0300000000000002  -0.00018907364859408696  0.00010965142779420284
3.04  -0.00025395210878936174  8.736907859825221e-05
3.0500000000000003  -0.000325376196191078  4.495386545386629e-05
3.06  -0.0003992883771277607  -2.2622869632056614e-05
3.0700000000000003  -0.00046969817835872075  -0.00012006507179481954
3.08  -0.0005285159094855761  -0.0002511825746991942
3.09  -0.000565526508662641  -0.0004182093136040272
3.1  -0.0005685497669817332  -0.000621038051178242
3.11  -0.000523828673761442  -0.0008564165246302795
3.12  -0.0004166780174804945  -0.0011171657199898872
3.13  -0.00023241044877496137  -0.0013914950100455121
3.14  4.2462794838714636e-05  -0.0016624994630135153
3.15  0.0004187836200387925  -0.0019079300508854848
3.16  0.000903105703099528  -0.002100326238022757
3.17  0.0014959429651439475  -0.002207591326087973
3.18  0.002190018346598256  -0.0021940732798602985
3.19  0.0029686473097729443  -0.002022187497236521
3.2  0.003804408381777716  -0.001654583773914627
3.21  0.004658262373786321  -0.001056818966753823
3.22  0.005479280555089706  -0.0002004517342192638
3.23  0.006205128457182592  0.0009335709692239711
3.24  0.006763425318961533  0.0023514109449440787
3.25  0.007074059540293185  0.004042934309245392
3.2600000000000002  0.007052488954746511  0.0059786512304845696
3.27  0.006613993334842933  0.00810726386747328
3.2800000000000002  0.005678778324088851  0.010354089627285018
3.29  0.004177758783259033  0.0126206125620521
3.3000000000000003  0.0020587797893787787  0.014785382882856935
3.31  -0.000707029969805054  0.016706433185576113
3.3200000000000003  -0.004119130063010239  0.018225311303605933
3.33  -0.008142059841595434  0.019172746226430563
3.34  -0.012700961141527174  0.019375868933258388
3.35  -0.01767853812046393  0.018666808993642838
3.36  -0.02291383006062095  0.016892385878652307
3.37  -0.028203117730055384  0.01392451709738331
3.38  -0.03330320448183804  0.009670879667884442
3.39  -0.037937212117816234  0.004085292979810873
3.4  -0.041802912525872496  -0.0028227548401638805
3.41  -0.04458348437853163  -0.01098003396358091
3.42  -0.0459604459718832  -0.020243539083478736
3.43  -0.04562837755328807  -0.030397037636980352
3.44  -0.04331091659604871  -0.04115066790529993
3.45  -0.03877739479887077  -0.052143949591822475
3.46  -0.031859393096730595  -0.06295243716311288
3.47  -0.022466426869362816  -0.07309809177395862
3.48  -0.010599942893961843  -0.08206327726422137
3.49  0.003635183953916566  -0.08930810690498171
3.5  0.02002242072396202  -0.09429068845409426
3.5100000000000002  0.03822929487390801  -0.0964896442212898
3.52  0.057807620728704295  -0.09542812879044049
3.5300000000000002  0.07819863732744833  -0.09069843792274304
3.54  0.09874327640376968  -0.0819862052621444
3.5500000000000003  0.11869757288205854  -0.069093124882612
3.56  0.1372530103292128  -0.0519571220483665
3.5700000000000003  0.1535613693143565  -0.030668924641940237
3.58  0.16676342716452008  -0.005484064467083046
3.59  0.17602065285038895  0.023170540036939916
3.6  0.18054886008077803  0.05469610332084296
3.61  0.1796526338047227  0.08832807585401255
3.62  0.17275923779957233  0.12314907920272929
3.63  0.15945065001289704  0.1581086658948394
3.64  0.13949236226142336  0.19204962832198025
3.65  0.11285762428015592  0.22374030950130785
3.66  0.07974590940418869  0.2519121048995971
3.67  0.04059452868096793  0.27530109937187053
3.68  -0.003917481811786662  0.2926925668297966
3.69  -0.052873834972499936  0.3029668819607664
3.7  -0.10513418666520283  0.3051452614043719
3.71  -0.15935610638627856  0.2984336729735332
3.72  -0.21402556355897417  0.28226323069729886
3.73  -0.2674953460689042  0.25632543356304976
3.74  -0.31803051238866  0.2206007075945892
3.75  -0.3638596821804232  0.17537887284600132
3.7600000000000002  -0.4032307039970771  0.12127037533646277
3.77  -0.43446901325254805  0.059207393094089004
3.7800000000000002  -0.45603681848577016  -0.009565762447717842
3.79  -0.4665911370902096  -0.0835131829475123
3.8000000000000003  -0.46503864931297256  -0.16083870278852974
3.81  -0.4505853555848928  -0.23952752863644175
3.8200000000000003  -0.4227791090294565  -0.3173972695811269
3.83  -0.3815432518626543  -0.3921571177976513
3.84  -0.32719980848613783  -0.4614735973183477
3.85  -0.26048097416956145  -0.5230410069763638
3.86  -0.1825279788248125  -0.5746544443265512
3.87  -0.09487679091478397  -0.6142831204674233
3.88  0.0005694544120264448  -0.6401415695309546
3.89  0.10158097927128668  -0.6507563274555235
3.9  0.20565406936476746  -0.6450257064415998
3.91  0.3100747553931389  -0.6222704255747912
3.92  0.411991848335341  -0.5822730731410175
3.93  0.5084973320378005  -0.5253046680301798
3.94  0.5967117941301802  -0.4521369494412003
3.95  0.6738723198658501  -0.3640394463164535
3.96  0.7374200944909058  -0.2627608485338394
3.97  0.7850848674384643  -0.15049470667274137
3.98  0.8149634327108647  -0.02983001013627585
3.99  0.8255893779945718  0.09631228280931925
4.0  0.8159915508625453  0.22475518311675016
4.01  0.7857389809402181  0.35215202659402517
4.0200000000000005  0.7349703757115436  0.4750807797128858
4.03  0.6644067648064516  0.5901434820780903
4.04  0.5753463899111101  0.6940677517097724
4.05  0.4696415086398864  0.783807117393241
4.0600000000000005  0.34965738200478536  0.8566368884528167
4.07  0.2182143257404724  0.9102423323381901
4.08  0.0785143036502142  0.9427961062332537
4.09  -0.06594589616288768  0.9530221780009399
4.1  -0.2114723558786171  0.9402438671574647
4.11  -0.35427961956477955  0.9044141267792783
4.12  -0.4906008768466216  0.8461267566595412
4.13  -0.6167992140280991  0.76660786730864
4.14  -0.7294763111174544  0.66768758114872
4.15  -0.8255749955719847  0.551752636897901
4.16  -0.9024722267264322  0.4216812298799215
4.17  -0.9580593749700654  0.2807620489219659
4.18  -0.9908070676391025  0.13260003474499835
4.19  -0.9998123851010009  -0.01898813739274869
4.2  -0.9848267869178633  -0.17008547602946983
4.21  -0.9462638068293047  -0.31678936717169437
4.22  -0.8851862513457043  -0.4553257983150478
4.23  -0.8032733430750447  -0.5821593849492107
4.24  -0.7027689391417087  -0.6940956245703762
4.25  -0.5864126005846323  -0.7883720855311069
4.26  -0.4573558657966721  -0.8627356381186074
4.2700000000000005  -0.3190665682822351  -0.9155033366561155
4.28  -0.17522441862372837  -0.9456051438039856
4.29  -0.029611329586541182  -0.952607328250791
4.3  0.11399990608074062  -0.9367160393915228
4.3100000000000005  0.25195497587609617  -0.8987612414035877
4.32  0.38082196492752485  -0.8401618487582994
4.33  0.49748659838331455  -0.7628735215202961
4.34  0.5992359334540213  -0.6693211300918476
4.3500000000000005  0.6838280745414305  -0.5623183668865815
4.36  0.749546006638808  -0.44497735214988743
4.37  0.7952342157807034  -0.32061134242780864
4.38  0.8203173685089556  -0.19263379714280993
4.39  0.8248009326432616  -0.06445708996614767
4.4  0.8092542173029987  0.060605929906857904
4.41  0.7747768707797267  0.17943450898790328
4.42  0.7229503822988803  0.2891839587031918
4.43  0.655776572411932  0.38735865333174796
4.44  0.575605414302257  0.47187211931954076
4.45  0.4850547956142526  0.5410927598763169
4.46  0.38692500197358415  0.593874271231434
4.47  0.2841107771094653  0.6295703321825626
4.48  0.1795137917587777  0.6480336685789683
4.49  0.07595823883526921  0.6496000920650934
4.5  -0.02388792694851538  0.635058572173928
4.51  -0.11758386087088094  0.6056088090199614
4.5200000000000005  -0.20297690419253767  0.5628081189781481
4.53  -0.27825234349330497  0.5085097189519221
4.54  -0.34197075376221453  0.4447946899273529
4.55  -0.3930922667484025  0.37390001405423967
4.5600000000000005  -0.43098755187003646  0.29814511082934814
4.57  -0.455435732728268  0.21985924910431667
4.58  -0.4666098741111535  0.14131208714116564
4.59  -0.465051049690904  0.06464939961804869
4.6000000000000005  -0.4516323284262678  -0.008164202832186284
4.61  -0.4275142889019454  -0.07539405881403473
4.62  -0.39409387853130967  -0.13557458398186742
4.63  -0.352948574080017  -0.18753794516285086
4.64  -0.3057778690844817  -0.23043186241173005
4.65  -0.2543441125847675  -0.26372649763631606
4.66  -0.20041465464273195  -0.2872107519093147
4.67  -0.14570712204614703  -0.3009786317143633
4.68  -0.09183945907405396  -0.3054066465512433
4.69  -0.040286131612130516  -0.301123457457683
4.7  0.007658381935846822  -0.28897320079881356
4.71  0.05090799173904427  -0.2699740588435788
4.72  0.08860478656751027  -0.24527373505414257
4.73  0.12013003196245076  -0.21610351674285383
4.74  0.1451065105767619  -0.18373257209617366
4.75  0.1633926350840051  -0.14942403594680237
4.76  0.17506903193359116  -0.11439429448086794
4.7700000000000005  0.18041852489370946  -0.07977669041975709
4.78  0.1799006336580629  -0.04659064568410797
4.79  0.17412183953334043  -0.015716947799923938
4.8  0.16380295412288626  0.01212032026907335
4.8100000000000005  0.14974495683450384  0.03636499888644732
4.82  0.1327946439355212  0.05663327738169763
4.83  0.11381135876206999  0.07271163557150676
4.84  0.09363595444918121  0.08454883623153747
4.8500000000000005  0.07306298372125249  0.09224269708060057
4.86  0.05281692275924441  0.09602252543541837
4.87  0.03353302683364801  0.09622820985056263
4.88  0.015743193762794098  0.09328702817518036
4.89  -0.00013301297845793236  0.0876892499493352
4.9  -0.013792247042109596  0.0799635843360218
4.91  -0.02504643508495202  0.07065345613624531
4.92  -0.0338174510619055  0.060294986858872635
4.93  -0.040128002330021346  0.04939742174333223
4.94  -0.04408943407843256  0.038426584597258874
4.95  -0.045887233630032234  0.027791768579551887
4.96  -0.045765051837996035  0.017836291224692102
4.97  -0.04400805573748959  0.008831764570072034
4.98  -0.04092638721307552  0.0009759642246533085
4.99  -0.036839430724662836  -0.0056059682518836695
5.0  -0.032061494482645524  -0.010857381250702536
5.01  -0.026889390306888375  -0.014783516829179494
5.0200000000000005  -0.021592264858281092  -0.017443018806966575
5.03  -0.01640389640074557  -0.018938136751878137
5.04  -0.011517534034262667  -0.019404220730891132
5.05  -0.007083227245904407  -0.018999075606887513
5.0600000000000005  -0.0032074786341549687  -0.01789269163686262
5.07  4.5043368929267346e-05  -0.016257794860067714
5.08  0.002648068497045541  -0.014261571784784011
5.09  0.004608951084028221  -0.012058824208879073
5.1000000000000005  0.005962968531325533  -0.009786707780930009
5.11  0.006767101072364255  -0.007561108023260126
5.12  0.007093679750111665  -0.005474615320405506
5.13  0.007024248471840163  -0.003595980295824391
5.14  0.006643930389147065  -0.0019708664547642882
5.15  0.006036523336071304  -0.0006236701526730937
5.16  0.005280478504336863  0.0004398502136733017
5.17  0.004445845677573474  0.0012294036990707796
5.18  0.00359220150099839  0.0017667157530226547
5.19  0.0027675180763815452  0.0020820356436484547
5.2  0.002007880436304699  0.0022108081142250004
5.21  0.001337924989782311  0.0021906736918520576
5.22  0.0007718476593514029  0.0020589163307383118
5.23  0.0003148199942136606  0.0018504304717686768
5.24  -3.5346973343368636e-05  0.0015962353289173993
5.25  -0.0002864396829784491  0.0013225249246338006
5.26  -0.0004501087220852901  0.0010502100668300827
5.2700000000000005  -0.0005402690323507593  0.0007948843172533914
5.28  -0.0005717094820524622  0.0005671305169914334
5.29  -0.0005589592269367749  0.0003730773795377642
5.3  -0.0005154315609409567  0.0002151162068534841
5.3100000000000005  -0.00045284261599428814  9.269464392600154e-05
5.32  -0.00038088348117792036  3.1159833521986924e-06
5.33  -0.00030711070927474075  -5.7712840987440215e-05
5.34  -0.00023701188163623404  -9.462544452848088e-05
5.3500000000000005  -0.00017419957976886024  -0.00011265739609884742
5.36  -0.00012068808142234476  -0.00011663539717171584
5.37  -7.721144033536208e-05  -0.0001108926065292195
5.38  -4.3548284788092364e-05  -9.90991065959817e-05
5.39  -1.8826638406920182e-05  -8.419014740297584e-05
5.4  -1.7903753184032807e-06  -6.837135153173082e-05
5.41  8.983219684379522e-06  -5.3179175191397705e-05
5.42  1.4918492324640096e-05  -3.9576093119038415e-05
5.43  1.732734530305471e-05  -2.8062623346490283e-05
5.44  1.7340465769413384e-05  -1.8791838719975043e-05
5.45  1.587592699959057e-05  -1.1675883577793836e-05
5.46  1.363625187419244e-05  -6.477778734484363e-06
5.47  1.1125136478700622e-05  -2.885127056901423e-06
5.48  8.675934566088631e-06  -5.650217675022515e-07
5.49  6.485391331098083e-06  7.985767807921468e-07
5.5  4.6477126519415735e-06  1.4824823099262622e-06
5.51  3.1856412696084192e-06  1.7138141300681932e-06
5.5200000000000005  2.07662535194523e-06  1.6681846490646467e-06
5.53  1.273312659553572e-06  1.4735649685760543e-06
5.54  7.184472936747581e-07  1.2173287303531355e-06
5.55  3.547931225233377e-07  9.54551119790434e-07
5.5600000000000005  1.309968918857274e-07  7.162196291392303e-07
5.57  4.390346414017529e-09  5.165304558168427e-07
5.58  -5.832476746123823e-08  3.5886265056680496e-07
5.59  -8.170521560545062e-08  2.403287594470515e-07
5.6000000000000005  -8.288243919447244e-08  1.550008596296151e-07
5.61  -7.312064556629296e-08  9.60208031201518e-08
5.62  -5.9331107928834553e-08  5.684458784785699e-08
5.63  -4.538521306652336e-08  3.186509301755948e-08
5.64  -3.316219056950327e-08  1.662446353859482e-08
5.65  -2.3328583714216754e-08  7.782570615763344e-09
5.66  -1.5881153578575613e-08  2.9619527642509866e-09
5.67  -1.0499953187574817e-08  5.489237069734847e-10
5.68  -6.760400999689296e-09  -5.018504664963873e-10
5.69  -4.247864601826403e-09  -8.354678189494032e-10
5.7  -2.6096602072941596e-09  -8.292192563623497e-10
5.71  -1.5702083694965593e-09  -6.90018292310828e-10
5.72  -9.269113932325894e-10  -5.219921845077779e-10
5.73  -5.378110813864596e-10  -3.7087701194573723e-10
5.74  -3.073543774937681e-10  -2.516277019900343e-10
5.75  -1.7342993782362345e-10  -1.6461238863332504e-10
5.76  -9.690023557138033e-11  -1.04482964785225e-10
5.7700000000000005  -5.378734150675749e-11  -6.461753856527872e-11
5.78  -2.977142014141888e-11  -3.90548137376657e-11
5.79  -1.6496031175568575e-11  -2.311679763847579e-11
5.8  -9.184289544583397e-12  -1.3418656375370772e-11
5.8100000000000005  -5.153947222209639e-12  -7.644222131496605e-12
5.82  -2.9207127996007553e-12  -4.273892469464097e-12
5.83  -1.6719757023746233e-12  -2.3435054979762503e-12
5.84  -9.655129003733893e-13  -1.2581329235912594e-12
5.8500000000000005  -5.607949181324906e-13  -6.593294371424894e-13
5.86  -3.2627139737879205e-13  -3.3560336723324094e-13
5.87  -1.8923984047845054e-13  -1.6455413809894072e-13
5.88  -1.0886591519879245e-13  -7.656935906050557e-14
5.89  -6.179709371321051e-14  -3.285246337484026e-14
5.9  -3.442778040406237e-14  -1.209539257125241e-14
5.91  -1.8748848987600622e-14  -2.86957357434e-15
5.92  -9.945572311837413e-15  7.897933261755313e-16
5.93  -5.169588996801311e-15  1.9341005353500254e-15
5.94  -2.6765489262483013e-15  2.0490211697345677e-15
5.95  -1.4933688788550203e-15  1.803309922851085e-15
5.96  -1.0173918699850645e-15  1.486353608705339e-15
5.97  -8.752413049288047e-16  1.1800050484791321e-15
5.98  -9.124177046942327e-16  9.12292275669486e-16
5.99  -1.010284477532364e-15  6.899907100905049e-16
6.0  -1.1288702632232919e-15  4.707987139523271e-16
6.01  -1.2246168496713984e-15  2.4329365003085515e-16
6.0200000000000005  -1.2950883084092594e-15  2.5860652605262674e-17
6.03  -1.32328765565116e-15  -1.8608618933789029e-16
6.04  -1.3097587259783085e-15  -4.310071202724436e-16
6.05  -1.2603579055874878e-15  -6.374687575163809e-16
6.0600000000000005  -1.1549954253069867e-15  -8.564227889826796e-16
6.07  -1.0085142675774148e-15  -1.0570071254855257e-15
6.08  -8.396453087879477e-16  -1.2051195860007839e-15
6.09  -6.456601873142591e-16  -1.3628134178454064e-15
6.1000000000000005  -4.3665250149583455e-16  -1.4809041715305853e-15
6.11  -1.8984014657980753e-16  -1.5500184293605089e-15
6.12  7.631262213281892e-17  -1.5898624961110077e-15
6.13  3.4815542229533414e-16  -1.5835221483243385e-15
6.140000000000001  6.343067943320235e-16  -1.5324977778935962e-15
6.15  8.830017666164451e-16  -1.4241909975845406e-15
6.16  1.1323999107412688e-15  -1.2863918050670158e-15
6.17  1.3409740223427548e-15  -1.1044223216744587e-15
6.18  1.5112987433275785e-15  -8.860343539952514e-16
6.19  1.6537174070970688e-15  -6.393643017912304e-16
6.2  1.7662028109926413e-15  -3.530348557905255e-16
6.21  1.805829385954342e-15  -5.922638264458375e-17
6.22  1.81656671564614e-15  2.638705090631638e-16
6.23  1.7711664376582944e-15  5.663645823775313e-16
6.24  1.6965124550700915e-15  8.501914845218093e-16
6.25  1.5547351564985815e-15  1.12055225199692e-15
6.26  1.3377918614748649e-15  1.3680964583079134e-15
6.2700000000000005  1.094301064403325e-15  1.5981235756590554e-15
6.28  8.455346584961708e-16  1.7461854419883445e-15
6.29  5.3897880728701e-16  1.869231656532052e-15
6.3  2.132777915061232e-16  1.935324863639276e-15
6.3100000000000005  -1.2044581417348327e-16  1.956240626075281e-15
6.32  -4.531646896583791e-16  1.91803094255773e-15
6.33  -7.77532006816583e-16  1.8226003746025884e-15
6.34  -1.055563733626493e-15  1.7002491503527635e-15
6.3500000000000005  -1.3247222482511018e-15  1.5063211801174466e-15
6.36  -1.5750789500220516e-15  1.284355280529016e-15
6.37  -1.7880520074045715e-15  9.977574180914764e-16
6.38  -1.9314553593993444e-15  7.001386358456057e-16
6.390000000000001  -2.042944754496544e-15  3.601602234766415e-16
6.4  -2.0809609627444956e-15  2.3439845205279793e-17
6.41  -2.0730217966424948e-15  -3.1087844121193413e-16
6.42  -1.9933147365010453e-15  -6.341598990938802e-16
6.43  -1.883080064167887e-15  -9.322627676017648e-16
6.44  -1.6916133200289627e-15  -1.2280365232028725e-15
6.45  -1.4672395852229465e-15  -1.4882707804336884e-15
6.46  -1.2029013951156766e-15  -1.6907412009962281e-15
6.47  -9.239088039958916e-16  -1.864479042898993e-15
6.48  -6.175819732617242e-16  -1.993426628754174e-15
6.49  -3.0057443512903093e-16  -2.08005657499289e-15
6.5  2.3540440104068257e-17  -2.09479452131478e-15
6.51  3.341267183563026e-16  -2.0631078566888917e-15
6.5200000000000005  6.438575916072284e-16  -1.978012030821894e-15
6.53  9.336361140529177e-16  -1.8629028822245044e-15
6.54  1.2028373645271815e-15  -1.7064927224503656e-15
6.55  1.4359547703290303e-15  -1.5080372189903397e-15
6.5600000000000005  1.6176517134795403e-15  -1.2609266162859375e-15
6.57  1.7826018896827926e-15  -9.735932257928266e-16
6.58  1.8916998597124835e-15  -6.376708726863956e-16
6.59  2.0217521505520087e-15  -2.2416043880727796e-16
6.6000000000000005  2.2197520447977e-15  2.5647679210184643e-16
6.61  2.6107608865632988e-15  7.825926394684505e-16
6.62  3.405514648599721e-15  1.3454642910646597e-15
6.63  5.078348877680508e-15  1.7473805665259778e-15
6.640000000000001  8.310841860632889e-15  1.625756036378341e-15
6.65  1.4343295134408682e-14  3.630517266552384e-17
6.66  2.5261399902602917e-14  -4.974558391555928e-15
6.67  4.4531972878688975e-14  -1.734309427338488e-14
6.68  7.796021054120704e-14  -4.474258549324614e-14
6.69  1.3533632381925e-13  -1.0161762333788044e-13
6.7  2.3327916870813526e-13  -2.1472206607761143e-13
6.71  4.0053200355944345e-13  -4.324716679318104e-13
6.72  6.876992839113169e-13  -8.410280846880086e-13
6.73  1.1854026551352902e-12  -1.5909859377058165e-12
6.74  2.0584347574624427e-12  -2.9406315782165203e-12
6.75  3.6088735969610214e-12  -5.324501036781928e-12
6.76  6.3924044412162566e-12  -9.457636992587245e-12
6.7700000000000005  1.1428456775831622e-11  -1.6487424508528926e-11
6.78  2.0572489358738223e-11  -2.8201136429436896e-11
6.79  3.716068187747075e-11  -4.72835341564038e-11
6.8  6.7096820762986e-11  -7.758469902176895e-11
6.8100000000000005  1.206323520585223e-10  -1.2428666328388866e-10
6.82  2.1518777762821494e-10  -1.9372216466685725e-10
6.83  3.7966336159512774e-10  -2.923645469716581e-10
6.84  6.607516934785551e-10  -4.2412724619568435e-10
6.8500000000000005  1.131723728759491e-09  -5.845338290395588e-10
6.86  1.903892425477052e-09  -7.495024917385585e-10
6.87  3.1402773623770756e-09  -8.554225611877817e-10
6.88  5.069640001865694e-09  -7.659494368041061e-10
6.890000000000001  7.996703867580135e-09  -2.19706434502938e-10
6.9  1.23006584992961e-08  1.247739972560216e-09
6.91  1.840866178078487e-08  4.413979689498406e-09
6.92  2.672388627271222e-08  1.0515848224658933e-08
6.93  3.747898989695803e-08  2.1429429259430456e-08
6.94  5.047669750866648e-08  3.9870640901552426e-08
6.95  6.467141472864697e-08  6.958478558461015e-08
6.96  7.754269275240857e-08  1.1546668139724505e-07
6.97  8.421758946631465e-08  1.8351730845922952e-07
6.98  7.63205408927418e-08  2.8049967925164735e-07
6.99  4.057313139364984e-08  4.131100835383042e-07
7.0  -4.276118760774139e-08  5.864389562383473e-07
7.01  -2.0138597900718483e-07  8.014708390389391e-07
7.0200000000000005  -4.72091935629108e-07  1.051382285120133e-06
7.03  -9.00976414343483e-07  1.3164608145490692e-06
7.04  -1.542068036345193e-06  1.5576094096559678e-06
7.05  -2.4534935125307793e-06  1.7086396477888002e-06
7.0600000000000005  -3.690209213605133e-06  1.667905223555046e-06
7.07  -5.292310635537264e-06  1.2902855968912462e-06
7.08  -7.268088069335282e-06  3.810759229848765e-07
7.09  -9.571376567518762e-06  -1.3060726955386768e-06
7.1000000000000005  -1.2073403426400355e-05  -4.064466023332475e-06
7.11  -1.4530295349031864e-05  -8.219825297900233e-06
7.12  -1.654866224713767e-05  -1.4102646860101663e-05
7.13  -1.7553167289136793e-05  -2.200449838421401e-05
7.140000000000001  -1.6761604894112895e-05  -3.211612584350055e-05
7.15  -1.317455662395907e-05  -4.4446755003443006e-05
7.16  -5.587935303365462e-06  -5.872621047082543e-05
7.17  7.3626299187469305e-06  -7.429442085416574e-05
7.18  2.7116880617784537e-05  -8.99864014935215e-05
7.19  5.50572686995533e-05  -0.00010402465618031307
7.2  9.232422998041638e-05  -0.00011393474135727622
7.21  0.0001395795293807507  -0.00011650300380931466
7.22  0.0001967237915046372  -0.0001077976687157582
7.23  0.000262581596041668  -8.3274921126401e-05
7.24  0.00033457562486528163  -3.798982693198012e-05
7.25  0.0004084196313305409  3.307257370364175e-05
7.26  0.0004778676045190063  0.0001345381596374647
7.2700000000000005  0.0005345624264846319  0.0002700592385589857
7.28  0.0005680305161809336  0.000441620430181965
7.29  0.0005658684125223048  0.0006487657872621519
7.3  0.0005141621258887788  0.0008877940775706693
7.3100000000000005  0.00039816981880957204  0.0011509848156484423
7.32  0.00020328279027517044  0.0014259313255663311
7.33  -8.374086011313982e-05  0.0016950671338586542
7.34  -0.00047330028658478787  0.0019354766584007397
7.3500000000000005  -0.0009712916473598251  0.002119078985468717
7.36  -0.0015773500452351372  0.002213263381185536
7.37  -0.0022831073480690193  0.002182036445948806
7.38  -0.0030706029375247297  0.00198771351458561
7.390000000000001  -0.003911001378356316  0.0015931517829982555
7.4  -0.004763779096706183  0.0009644812164273147
7.41  -0.005576539340583924  7.424380693811838e-05
7.42  -0.006285599488493884  -0.0010951949269313974
7.43  -0.006817466462710774  -0.00254814281813947
7.44  -0.007091274792891154  -0.004272205665953087
7.45  -0.0070222089565358005  -0.00623528829145692
7.46  -0.006525869190020863  -0.008383237329577476
7.47  -0.0055234711473588615  -0.01063839207417957
7.48  -0.003947698506290134  -0.012899293118683722
7.49  -0.0017489583872778065  -0.015041763352203528
7.5  0.0010982729208596335  -0.016921522233476007
7.51  0.004589377119020524  -0.018378423574862208
7.5200000000000005  0.008684191620061966  -0.01924232198047226
7.53  0.013302689948109707  -0.01934047741645358
7.54  0.018322148378564013  -0.018506305966784663
7.55  0.023576169117455973  -0.016589183220084205
7.5600000000000005  0.028855871979233273  -0.013464910971044856
7.57  0.033913484229892876  -0.009046374141273099
7.58  0.038468454638210414  -0.0032938489069464887
7.59  0.042216096867044944  0.0037756197810672474
7.6000000000000005  0.04483863444703945  0.012080368496661774
7.61  0.04601838103349086  0.021468375636312945
7.62  0.04545265248964438  0.031714166896901604
7.63  0.04286987895060284  0.04251882226845003
7.640000000000001  0.03804627274413924  0.05351343200738873
7.65  0.030822318780716257  0.06426621367580626
7.66  0.021118293853732414  0.07429334551728577
7.67  0.008947995118559808  0.08307339962436266
7.68  -0.005570130715502969  0.09006507904557537
7.69  -0.022205215494519905  0.09472778442235176
7.7  -0.040610223491633235  0.0965443665229001
7.71  -0.0603227728186483  0.09504526967090586
7.72  -0.08077090615688964  0.08983314559020572
7.73  -0.1012840048071376  0.08060692476546266
7.74  -0.12110883153305274  0.0671842789801573
7.75  -0.13943046665360911  0.049521398622437096
7.76  -0.1553976774508384  0.027729044252909892
7.7700000000000005  -0.16815204280482238  0.0020839144746238113
7.78  -0.17685995272166447  -0.026965500009080063
7.79  -0.18074642540327254  -0.05879923645866193
7.8  -0.17912954128100644  -0.09263280806625807
7.8100000000000005  -0.1714541914206824  -0.12753099730509768
7.82  -0.1573237828546502  -0.16242845446048357
7.83  -0.13652853991310002  -0.19615679162959473
7.84  -0.10906909076799734  -0.22747759143737456
7.8500000000000005  -0.0751741323506534  -0.25512048782548097
7.86  -0.03531112262011032  -0.27782523416011573
7.87  0.0098108471745086  -0.2943864617375452
7.88  0.05924660205952938  -0.30369965884300576
7.890000000000001  0.1118291768966278  -0.3048067749038826
7.9  0.16619287158303253  -0.2969397824752004
7.91  0.2208047665954053  -0.2795605164779375
7.92  0.2740040754839216  -0.25239515791721673
7.930000000000001  0.3240483973688114  -0.21546183870987515
7.94  0.3691656391928857  -0.16909001349766103
7.95  0.40761011575267825  -0.11393046945931394
7.96  0.4377211158733517  -0.050955120102565615
7.97  0.4579820548249265  0.018553954179608305
7.98  0.46707822398098825  0.09302640706005066
7.99  0.46395110474288714  0.17063628702116082
8.0  0.4478472387627308  0.24934489730594445
8.01  0.41835974211183036  0.32695291956786954
8.02  0.3754607165075081  0.4011605078300729
8.03  0.31952304287926103  0.4696337314552067
8.040000000000001  0.25133033591203413  0.5300754602231287
8.05  0.1720741849876164  0.5802985526304091
8.06  0.08333819732963269  0.6182990400605203
8.07  -0.01293121849106021  0.6423269026376066
8.08  -0.11446694934126689  0.650952013370637
8.09  -0.2187353294611568  0.6431228892388186
8.1  -0.3230010869631353  0.6182160321961189
8.11  -0.4244014143763109  0.5760738679921634
8.120000000000001  -0.5200271232331829  0.517029591747151
8.13  -0.607008527827256  0.44191759915365963
8.14  -0.6826034559384375  0.3520686111413683
8.15  -0.7442846156992182  0.24928907552821974
8.16  -0.7898234668221124  0.13582493714757518
8.17  -0.8173677574644224  0.014310391979922267
8.18  -0.8255099984237213  -0.11229723656971297
8.19  -0.8133443542285724  -0.24079485817365273
8.2  -0.7805097326607564  -0.36782110693323267
8.21  -0.7272172434457844  -0.48995144877151153
8.22  -0.6542606629373711  -0.6037980538638288
8.23  -0.5630090709739698  -0.706111334428421
8.24  -0.4553814021166058  -0.7938798993383692
8.25  -0.3338032571075137  -0.8644256371045986
8.26  -0.20114693064525904  -0.9154907132600224
8.27  -0.06065620631063985  -0.9453134583747874
8.28  0.08414197378950782  -0.9526904257860113
8.290000000000001  0.22953636030099742  -0.9370223060647254
8.3  0.3717377480573408  -0.8983418862811448
8.31  0.5069894889114639  -0.8373228201468982
8.32  0.6316786223553635  -0.7552686103491447
8.33  0.7424439992751722  -0.6540818741356338
8.34  0.836277822914123  -0.5362146426663931
8.35  0.9106172104421932  -0.40460110794560766
8.36  0.9634226839530436  -0.26257485244508966
8.370000000000001  0.9932409214260884  -0.11377315116628398
8.38  0.9992496214135823  0.03796859849046511
8.39  0.9812829407173181  0.18872890606144102
8.4  0.9398366292439763  0.33461502867022386
8.41  0.876052685055341  0.47187687264415656
8.42  0.7916840583186895  0.5970162399855213
8.43  0.6890406180638315  0.7068878730994135
8.44  0.5709182339389282  0.7987890489364698
8.45  0.4405133922027731  0.8705348874144851
8.46  0.3013262398406013  0.9205170516853505
8.47  0.15705531585067015  0.9477441087197364
8.48  0.011487472068293796  0.9518624641476061
8.49  -0.13161339980385187  0.9331574599225722
8.5  -0.26861523483356675  0.8925349011738496
8.51  -0.39612079899123676  0.8314839341039728
8.52  -0.5110616375849617  0.7520228061116252
8.53  -0.6107801440376779  0.6566295811321398
8.540000000000001  -0.6930973840406195  0.5481603394777712
8.55  -0.7563648395285286  0.42975774812200324
8.56  -0.7994988154416437  0.3047531346051725
8.57  -0.821996857540928  0.17656533022612583
8.58  -0.823936139201798  0.048599565080370805
8.59  -0.8059543674715365  -0.07585039776280245
8.6  -0.7692143136264251  -0.19369390173516463
8.61  -0.7153535731063344  -0.3021261167998204
8.620000000000001  -0.6464215888817685  -0.39869952143757437
8.63  -0.5648063190056114  -0.48138226701499437
8.64  -0.4731531846972088  -0.5486020311240007
8.65  -0.3742790946878593  -0.5992744815543104
8.66  -0.271084403108828  -0.6328159981333064
8.67  -0.166465623676535  -0.6491408177948583
8.68  -0.0632315972087683  -0.6486432620031519
8.69  0.03597439971148667  -0.6321661596801942
8.700000000000001  0.1287443996995035  -0.60095697964845
8.71  0.21296548179585717  -0.5566135231856895
8.72  0.2868680311166705  -0.5010212910302464
8.73  0.34906147565921836  -0.4362848242129575
8.74  0.398556897503741  -0.36465542134719353
8.75  0.4347763609797068  -0.28845765616290614
8.76  0.45754923386368085  -0.2100170604716856
8.77  0.4670961856114567  -0.1315912042370977
8.78  0.46400191657524914  -0.0553062030904779
8.790000000000001  0.4491779933511512  0.016899576476097848
8.8  0.42381742902060254  0.08332315223656411
8.81  0.3893428464350537  0.1425347841471147
8.82  0.3473501935028023  0.19340530555402813
8.83  0.29955003971948574  0.23512255672092858
8.84  0.24770847337940172  0.26719692570638276
8.85  0.19358954177337503  0.2894563625578853
8.86  0.1389010371546273  0.30203156698115996
8.870000000000001  0.08524523623457304  0.30533234665679987
8.88  0.03407595904455107  0.30001639433052707
8.89  -0.01333696587642643  0.286951929645139
8.9  -0.05593504787553469  0.2671757913872081
8.91  -0.09288982936450636  0.24184864452871113
8.92  -0.12361278895113002  0.2122089835145196
8.93  -0.1477566247953473  0.17952757024739227
8.94  -0.1652083837978869  0.14506384582927995
8.950000000000001  -0.17607516590691624  0.1100257049489569
8.96  -0.18066335830782632  0.07553382818215167
8.97  -0.1794525346489217  0.042591539116816825
8.98  -0.17306528473124067  0.012060899913542339
8.99  -0.16223431726499526  -0.015354508892098776
9.0  -0.14776820148963993  -0.03911995013663607
9.01  -0.13051708389836467  -0.05887312396573646
9.02  -0.1113396372519041  -0.07442133273004302
9.03  -0.09107237561835146  -0.08573277800202159
9.040000000000001  -0.07050230805913306  -0.09292273982265434
9.05  -0.05034371283226648  -0.09623553766685865
9.06  -0.0312196025927388  -0.09602327812337119
9.07  -0.013648228585606471  -0.09272245356864504
9.08  0.0019652520579194073  -0.08682946884048934
9.09  0.015332037682623654  -0.07887614073699145
9.1  0.02627816301415102  -0.06940614159996938
9.11  0.034738665181728835  -0.058953248479707024
9.120000000000001  0.040748044375648385  -0.04802212000535974
9.13  0.04442773715235687  -0.03707216175140667
9.14  0.045971390545308896  -0.026504865924826895
9.15  0.045628755906780206  -0.016654831204471986
9.16  0.04368901363787048  -0.007784492006946241
9.17  0.040464296277055264  -8.242125360689231e-05
9.18  0.036274102016726505  0.00633507611742073
9.19  0.03143118913479894  0.011419484325594626
9.200000000000001  0.026229420601388997  0.015183212244729488
9.21  0.020933894420765032  0.01769090591300778
9.22  0.015773556509574245  0.019049531682949303
9.23  0.010936356351491837  0.01939782317766394
9.24  0.006566878029999915  0.0188956556667725
9.25  0.0027662663776796283  0.017713856520483656
9.26  -0.0004058254051776911  0.016024884854724652
9.27  -0.0029276108692464792  0.013994722954676984
9.28  -0.004810258236621496  0.011776222612540915
9.290000000000001  -0.006092101969650547  0.009504047266030047
9.3  -0.006832385605462625  0.007291251620443268
9.31  -0.0071049185889923185  0.005227449511242578
9.32  -0.006991986725765434  0.003378442461917363
9.33  -0.006578798761169461  0.0017871189671197945
9.34  -0.0059486851822695835  0.00047539001781930117
9.35  -0.005179194493666685  -0.0005530994433816453
9.36  -0.00433916163851751  -0.0013097510376493184
9.370000000000001  -0.003486757163785609  -0.0018175442281449618
9.38  -0.0026684677139830817  -0.002107553797305656
9.39  -0.0019189111558919995  -0.0022156544781323033
9.4  -0.0012613547857584415  -0.0021795716121993038
9.41  -0.0007087833417118322  -0.002036390673669442
9.42  -0.0002653546691171756  -0.0018205920236621345
9.43  7.191625077379131e-05  -0.001562633478418337
9.44  0.00031139139551582804  -0.0012880647623949668
9.450000000000001  0.0004650879387179827  -0.001017126559068856
9.46  0.0005471010506681214  -0.000764763800254438
9.47  0.0005722435251254495  -0.0005409684295238857
9.48  0.000554946185785633  -0.00035136082544198885
9.49  0.0005084366442062755  -0.00019792048201559874
9.5  0.0004441911545653569  -7.978408584996044e-05
9.51  0.00037163614587652815  5.958801886911938e-06
9.52  0.00029806307619770347  6.352736408961642e-05
9.53  0.0002287126039344206  9.780730521094603e-05
9.540000000000001  0.0001669813282228087  0.00011382791269347109
9.55  0.00011470579476639074  0.00011636730230148306
9.56  7.248315430837085e-05  0.0001096828855194465
9.57  3.9994754272166275e-05  9.735509562773867e-05
9.58  1.6307004202699364e-05  8.222642330462757e-05
9.59  1.3214737461677321e-07  6.641470311903612e-05
9.6  -9.960672332686667e-06  5.1378991422833764e-05
9.61  -1.5386995720179003e-05  3.801776582573543e-05
9.620000000000001  -1.7439000524823027e-05  2.6781966900217054e-05
9.63  -1.7221862700531143e-05  1.7789004173882565e-05
9.64  -1.5626407311207324e-05  1.092772882914312e-05
9.65  -1.3329096552894453e-05  5.948101264647323e-06
9.66  -1.0810629091868496e-05  2.5325395643694604e-06
9.67  -8.385404323452404e-06  3.485365930800895e-07
9.68  -6.235533217802559e-06  -9.159946645014388e-07
9.69  -4.4446844889596956e-06  -1.5320249073424981e-06
9.700000000000001  -3.0286260801531044e-06  -1.720195619250366e-06
9.71  -1.9607066067095584e-06  -1.6498703425742111e-06
9.72  -1.1916322074649457e-06  -1.4435225604675303e-06
9.73  -6.636997875164939e-07  -1.1840292444419435e-06
9.74  -3.2015991877176713e-07  -9.230208533139939e-07
9.75  -1.106430180803536e-07  -6.890134204198114e-07
9.76  6.3522828252429355e-09  -4.94554722457894e-07
9.77  6.297866956978136e-08  -3.42021081648073e-07
9.78  8.278497190594177e-08  -2.2799411328598533e-07
9.790000000000001  8.20833655427533e-08  -1.463345682603016e-07
9.8  7.151464824660465e-08  -9.01705183955936e-08
9.81  5.75437603842245e-08  -5.3051218084911896e-08
9.82  4.37416507332328e-08  -2.9507894614454572e-08
9.83  3.1798722396970676e-08  -1.5227535411301914e-08
9.84  2.2272555042958603e-08  -7.0002434122236066e-09
9.85  1.510440161801802e-08  -2.555098038387031e-09
9.86  9.952039486895404e-09  -3.5967618707030404e-10
9.870000000000001  6.387447265588577e-09  5.728747815489732e-10
9.88  4.001854528167409e-09  8.477140770760171e-10
9.89  2.4519137464435874e-09  8.161982401184504e-10
9.9  1.4716386694137984e-09  6.692487156522301e-10
9.91  8.66764256856013e-10  5.016752897420659e-10
9.92  5.019008895295525e-10  3.5414072332135746e-10
9.93  2.863359747445253e-10  2.39077067707663e-10
9.94  1.613440492278358e-10  1.55767735029151e-10
9.950000000000001  9.0056361366378e-11  9.852914074013063e-11
9.96  4.9959943074078134e-11  6.075210293386036e-11
9.97  2.765038303305328e-11  3.6619251832294856e-11
9.98  1.5326653841940077e-11  2.1621058698272736e-11
9.99  8.540070165441813e-12  1.2520601705468794e-11
10.0  4.797656522299803e-12  7.115920423102661e-12
10.01  2.7220372866866024e-12  3.968912840230828e-12
10.02  1.5598885053787283e-12  2.170576166830142e-12
10.03  9.01414697257778e-13  1.1617410795283323e-12
10.040000000000001  5.236355704206462e-13  6.064930522002056e-13
10.05  3.045084632711943e-13  3.0710091232069305e-13
10.06  1.7642340114200625e-13  1.4936601015080688e-13
10.07  1.0132918005675506e-13  6.855100127648518e-14
10.08  5.742684590616463e-14  2.8565409707249336e-14
10.09  3.1995851757180004e-14  9.705891301793204e-15
10.1  1.7499197794513864e-14  1.4168469184595987e-15
10.11  9.461266946597023e-15  -1.7920950971101167e-15
10.120000000000001  5.139834609765762e-15  -2.731509166577206e-15
10.13  2.97539017776834e-15  -2.7176824019208428e-15
10.14  2.0070619407987354e-15  -2.374833190199547e-15
10.15  1.667641209614117e-15  -1.9568821388940868e-15
10.16  1.6746550890577889e-15  -1.5490949103272495e-15
10.17  1.8156107489889826e-15  -1.1649315314308599e-15
10.18  1.9548197057469457e-15  -7.848371342891651e-16
10.19  2.0896813995417817e-15  -4.1991688533086305e-16
10.200000000000001  2.188022693215358e-15  -6.444002238265428e-17
10.21  2.2252454788374956e-15  2.913606699145941e-16
10.22  2.185609614840753e-15  6.695805454736186e-16
10.23  2.086571463232639e-15  1.0393571450843607e-15
10.24  1.9236001662645428e-15  1.3780426873604106e-15
10.25  1.7033034736154346e-15  1.7056258103419728e-15
10.26  1.4247371749879605e-15  2.00361102102438e-15
10.27  1.0963066979284801e-15  2.2579665649112044e-15
10.28  7.166889012757293e-16  2.449452768343982e-15
10.290000000000001  3.3006522995588727e-16  2.568538414716224e-15
10.3  -1.0920154895431694e-16  2.6192061612647224e-15
10.31  -5.484330318728264e-16  2.5912290036321794e-15
10.32  -9.75860355657182e-16  2.4919437275528085e-15
10.33  -1.3858002569045979e-15  2.322889364391144e-15
10.34  -1.7839550178753045e-15  2.0683252891949732e-15
10.35  -2.1450465326872005e-15  1.7618166283115633e-15
10.36  -2.402369222065188e-15  1.4082893697442954e-15
10.370000000000001  -2.6268222286757285e-15  1.0088356525116959e-15
10.38  -2.758376810254394e-15  5.674318877461816e-16
10.39  -2.8665879025367734e-15  9.70092581307928e-17
10.4  -2.8625854871479845e-15  -3.954977266599548e-16
10.41  -2.760764503887903e-15  -8.725678669718038e-16
10.42  -2.6022293685479782e-15  -1.3185312497886053e-15
10.43  -2.3526941966049608e-15  -1.7529338223159205e-15
10.44  -2.0558530903599063e-15  -2.1207877609914813e-15
10.450000000000001  -1.6857407609028956e-15  -2.4463037800810283e-15
10.46  -1.2488627029218645e-15  -2.7199467698543808e-15
10.47  -7.771483700166107e-16  -2.89009880233622e-15
10.48  -2.9110452432352684e-16  -3.0275911293114658e-15
10.49  2.1111211723171564e-16  -3.041143074622896e-15
10.5  7.126148976552493e-16  -2.9712554550561504e-15
10.51  1.1715292549069573e-15  -2.832450180918066e-15
10.52  1.6254351799281473e-15  -2.592290562802819e-15
10.53  2.003750254310903e-15  -2.3323390651197374e-15
10.540000000000001  2.370612400276338e-15  -1.9942364821117338e-15
10.55  2.6748138984452457e-15  -1.589801411721325e-15
10.56  2.8960910064322727e-15  -1.1359732704823486e-15
10.57  3.0372763300035737e-15  -6.590417961130228e-16
10.58  3.0865340659930336e-15  -1.4873741184038626e-16
10.59  3.055528335795802e-15  3.6732203525510287e-16
10.6  2.9423942363060126e-15  8.476310691248153e-16
10.61  2.780308623928224e-15  1.298662866464648e-15
10.620000000000001  2.5491041448580993e-15  1.72168591639908e-15
10.63  2.2479032589329614e-15  2.092778925453167e-15
10.64  1.868484709992304e-15  2.3893149113519144e-15
10.65  1.4771900835696033e-15  2.6554213739379627e-15
10.66  1.0497971782404528e-15  2.826146770441663e-15
10.67  5.927152306817332e-16  2.96035869113472e-15
10.68  1.1829356144426994e-16  3.0077244503246023e-15
10.69  -3.452136376100389e-16  2.9867259763467503e-15
10.700000000000001  -7.993725972358113e-16  2.897343447054567e-15
10.71  -1.216334755219295e-15  2.7265826039436992e-15
10.72  -1.6057165470107175e-15  2.466733162116381e-15
10.73  -1.9427112617612126e-15  2.182031079669476e-15
10.74  -2.2042499810654583e-15  1.8521948201430238e-15
10.75  -2.4107636900155416e-15  1.4937778055641683e-15
10.76  -2.591704395806629e-15  1.0818866377682586e-15
10.77  -2.7327593511443563e-15  6.182530584758205e-16
10.78  -2.8461495887720907e-15  8.084025384110843e-17
10.790000000000001  -3.0529655582100143e-15  -5.071442877371501e-16
10.8  -3.450265152892046e-15  -1.1535154886346702e-15
10.81  -4.2905361307136355e-15  -1.778999036719504e-15
10.82  -6.0319828886165606e-15  -2.240039846792355e-15
10.83  -9.446001942235404e-15  -2.0635966683794928e-15
10.84  -1.586802975795339e-14  -2.477686156599299e-16
10.85  -2.7520536015121016e-14  5.356523753976499e-15
10.86  -4.808944520477973e-14  1.9034424432289336e-14
10.870000000000001  -8.378625131692414e-14  4.9087441039912925e-14
10.88  -1.4504660500725196e-13  1.1118045428836354e-13
10.89  -2.4965382434028377e-13  2.3408760925244984e-13
10.9  -4.2841098882936533e-13  4.69937156979627e-13
10.91  -7.357053983761985e-13  9.112115699399993e-13
10.92  -1.2691507432087871e-12  1.7191361156751862e-12
10.93  -2.2063774355481553e-12  3.1696686114271203e-12
10.94  -3.873381018102925e-12  5.725822984111998e-12
10.950000000000001  -6.869763097193755e-12  1.0147232177379338e-11
10.96  -1.2294690246602176e-11  1.7648723075277938e-11
10.97  -2.214623506472843e-11  3.0114780979082167e-11
10.98  -4.001044048547783e-11  5.0361678501077045e-11
10.99  -7.221930435864071e-11  8.240080163460544e-11
11.0  -1.2973969088826792e-10  1.3157894648016397e-10
11.01  -2.3115443483519448e-10  2.0432606368458958e-10
11.02  -4.0719448120761976e-10  3.069907919887248e-10
11.03  -7.073373800458348e-10  4.4284208692794514e-10
11.040000000000001  -1.2089256377034194e-09  6.057092801093817e-10
11.05  -2.0289514028438194e-09  7.678849411015318e-10
11.06  -3.337904551004986e-09  8.588190072203648e-10
11.07  -5.373621833860817e-09  7.298694934579952e-10
11.08  -8.45056876704393e-09  9.916179884424722e-11
11.09  -1.295607668062112e-08  -1.5301196603880993e-09
11.1  -1.9319450800459655e-08  -4.984194419729243e-09
11.11  -2.7932482091832814e-08  -1.156929744892381e-08
11.120000000000001  -3.8991094722454404e-08  -2.3255281401710787e-08
11.13  -5.221871425991989e-08  -4.2877015174948735e-08
11.14  -6.64245544905313e-08  -7.431910041236429e-08
11.15  -7.88477976310975e-08  -1.226215476522026e-07
11.16  -8.424643353374652e-08  -1.9390730355194367e-07
11.17  -7.371348189996269e-08  -2.949885813722438e-07
11.18  -3.325035777561674e-08  -4.324624461654957e-07
11.19  5.7796188898459564e-08  -6.11065565774681e-07
11.200000000000001  2.2821634697235308e-07  -8.310365078189715e-07
11.21  5.159765445811331e-07  -1.0842490059954587e-06
11.22  9.68281439005162e-07  -1.3489522966681412e-06
11.23  1.639941736895396e-06  -1.5831071489912937e-06
11.24  2.589166790037199e-06  -1.716558078031844e-06
11.25  3.86979640136698e-06  -1.6426449309092453e-06
11.26  5.5189941215021425e-06  -1.2103276919035091e-06
11.27  7.539604328077737e-06  -2.1845310522306993e-07
11.28  9.876787107685427e-06  1.5856199867546206e-06
11.290000000000001  1.2389237088217544e-05  4.500278441883234e-06
11.3  1.4816289606548292e-05  8.85365347884972e-06
11.31  1.6743506425995393e-05  1.4974124611494073e-05
11.32  1.7570848574627496e-05  2.3144435983009515e-05
11.33  1.648915933541283e-05  3.353744928989254e-05
11.34  1.2472204684607075e-05  4.6133156493273344e-05
11.35  4.2927007217917225e-06  6.061890620397803e-05
11.36  -9.42869641335372e-06  7.627782469737537e-05
11.370000000000001  -3.0132863264089124e-05  9.18739925324866e-05
11.38  -5.918320511547193e-05  0.00010554680470723475
11.39  -9.767432745611718e-05  0.00011473070620599804
11.4  -0.0001461891865933326  0.00011611965688619979
11.41  -0.00020451167728579501  0.0001056976658705036
11.42  -0.00027130901509540015  7.885694840912718e-05
11.43  -0.00034380644127810617  3.062314354235479e-05
11.44  -0.0004174850268829027  -4.399784468133529e-05
11.450000000000001  -0.00048584080197186844  -0.0001495446900079273
11.46  -0.0005402490778887388  -0.00028950130545090194
11.47  -0.0005699806122493591  -0.00046559087687482887
11.48  -0.0005624151943367143  -0.000676996111754807
11.49  -0.0005034924865073381  -0.0009195546349871579
11.5  -0.0003784290247569498  -0.0011849939729359795
11.51  -0.00017271404204492763  -0.0014602838943063542
11.52  0.00012662439872144167  -0.0017271933153738873
11.53  0.0005295166857634683  -0.0019621428649896785
11.540000000000001  0.0010411738844591455  -0.002136441088222562
11.55  0.0016603249219037935  -0.002216981070084053
11.56  0.0023774855998404927  -0.0021674544373600883
11.57  0.003173399003486896  -0.0019501113578087447
11.58  0.004017802840104978  -0.0015280591484635262
11.59  0.004868686077247871  -0.0008680500351077064
11.6  0.005672192954257145  5.63371994136224e-05
11.61  0.0063633156181064215  0.00126126353564557
11.620000000000001  0.0068674866829478215  0.0027491298560629444
11.63  0.007103140253513149  0.004505234512197379
11.64  0.006985255704967908  0.0064948398576572365
11.65  0.006429835092676299  0.008660914071443782
11.66  0.005359195712784479  0.010922813510748463
11.67  0.0037078880568288904  0.013176151966715939
11.68  0.0014289807601168903  0.015294065675520505
11.69  -0.0014996070286844823  0.017130027066783304
11.700000000000001  -0.005069094326810958  0.018522287572813788
11.71  -0.009234548694968068  0.019299943181499836
11.72  -0.013910730662111967  0.01929051974887558
11.73  -0.018969472977993902  0.01832887332269002
11.74  -0.02423895906699802  0.01626709951549555
11.75  -0.029505203633157923  0.012985051366968812
11.76  -0.03451595323606635  0.008400983275428894
11.77  -0.03898711862514492  0.0024817752779428856
11.78  -0.04261172789911954  -0.004747847631545586
11.790000000000001  -0.04507125559839481  -0.01319769819002934
11.8  -0.04604904407405086  -0.022706689628570694
11.81  -0.045245397008356565  -0.033040105563652035
11.82  -0.04239379818892842  -0.043890021337878234
11.83  -0.03727759887139885  -0.054879208724980304
11.84  -0.029746431123991442  -0.06556871754900155
11.85  -0.019731548382155975  -0.07546916870234799
11.86  -0.0072592727900720275  -0.0840556198671713
11.870000000000001  0.007538254992986652  -0.09078568556979151
11.88  0.024415772464561336  -0.09512041533424687
11.89  0.04301169303519571  -0.09654726624833669
11.9  0.06284952838463657  -0.0946043576952411
11.91  0.08334429513009205  -0.08890507428661712
11.92  0.10381407473523648  -0.07916199518606842
11.93  0.12349668503034364  -0.06520907978491915
11.94  0.14157119976171237  -0.047021035260027974
11.950000000000001  0.15718382844772244  -0.024728833277243453
11.96  0.16947745212604934  0.001369568576722921
11.97  0.17762391098399263  0.030804111742107405
11.98  0.18085796661956963  0.06293376440689186
11.99  0.17851172322346426  0.09695431773442288
12.0  0.17004819555649064  0.13191303687211625
12.01  0.1550926629701315  0.16673009331873367
12.02  0.13346045185055183  0.20022643494934256
12.030000000000001  0.10517984576192418  0.23115747951334642
12.040000000000001  0.07050893314049027  0.2582517574258565
12.05  0.02994536444501173  0.28025339076016903
12.06  -0.015771800069791817  0.2959670875975951
12.07  -0.06566872053624262  0.3043041634652117
12.08  -0.11855217089794896  0.3043279823784978
12.09  -0.1730336739468502  0.29529714529277323
12.1  -0.22756203637956732  0.27670474798385464
12.11  -0.2804636206061341  0.2483120858981701
12.120000000000001  -0.3299893783840532  0.2101753005313475
12.13  -0.37436738138937004  0.16266363838258513
12.14  -0.41185932680748105  0.10646822526605891
12.15  -0.4408192823069767  0.042600539428250865
12.16  -0.45975277349276633  -0.027619911700355416
12.17  -0.4673742156874916  -0.10258885408659374
12.18  -0.4626606563624511  -0.18045122019830112
12.19  -0.44489982832781455  -0.25914522473134544
12.200000000000001  -0.41373061822049506  -0.3364555615500915
12.21  -0.3691742288470921  -0.4100743855955778
12.22  -0.3116545540990675  -0.47766842023342654
12.23  -0.24200658565595567  -0.5369502510139194
12.24  -0.16147202349852544  -0.5857516422595992
12.25  -0.07168165730082866  -0.6220965529746385
12.26  0.02537548878113309  -0.6442714411492085
12.27  0.12739581284269186  -0.6508904363281225
12.280000000000001  0.2318167130800299  -0.64095303263314
12.290000000000001  0.3358827732604008  -0.6138921089709823
12.3  0.43672083663415295  -0.5696103178879534
12.31  0.5314218856922709  -0.5085031946283746
12.32  0.6171273380660748  -0.4314677158537574
12.33  0.6911171307954102  -0.3398954729984814
12.34  0.7508968070786899  -0.2356501057866406
12.35  0.7942807501195329  -0.121029152325354
12.36  0.8194687337826818  0.0012890029720250254
12.370000000000001  0.8251130824260721  0.128311881218172
12.38  0.8103739521559682  0.25681165904567643
12.39  0.7749605590669413  0.3834137563454974
12.4  0.7191565794676044  0.5046927006511448
12.41  0.6438284218929288  0.6172723810421301
12.42  0.5504156068494466  0.7179275676201974
12.43  0.4409030708059404  0.8036834369310539
12.44  0.3177758165777511  0.8719098178644327
12.450000000000001  0.18395694179631172  0.9204069615152636
12.46  0.04273066837350699  0.9474798430192894
12.47  -0.10234745370633998  0.9519983198615689
12.48  -0.24755050710566354  0.9334408914677328
12.49  -0.38908726616294365  0.8919203165026239
12.5  -0.5232129834413101  0.828189930613281
12.51  -0.6463403431290546  0.7436301481926799
12.52  -0.7551469555657421  0.6402153040852882
12.530000000000001  -0.8466758322684879  0.5204616700180092
12.540000000000001  -0.9184254762656526  0.38735813999111
12.55  -0.9684265431349485  0.2442816931461648
12.56  -0.9953024634443273  0.09490028730749177
12.57  -0.9983119519273475  -0.056933710516633186
12.58  -0.9773719429654077  -0.2072961073877878
12.59  -0.9330601625455075  -0.35230581337925904
12.6  -0.866597248042483  -0.4882383626366479
12.61  -0.7798090317922998  -0.6116343243174401
12.620000000000001  -0.6750702851763105  -0.7193990871977987
12.63  -0.5552318505977992  -0.8088908147479986
12.64  -0.42353364531753446  -0.8779937945630105
12.65  -0.28350648293110875  -0.9251749297101646
12.66  -0.1388660087843958  -0.9495217186156508
12.67  0.006597726888988294  -0.950760720631458
12.68  0.1491314363754712  -0.929256180870423
12.69  0.28512691345231883  -0.8859891642761799
12.700000000000001  0.411223074312727  -0.8225181998830028
12.71  0.5243985678719749  -0.7409230382142803
12.72  0.6220521842918634  -0.6437336568084391
12.73  0.7020687594579661  -0.5338470933920805
12.74  0.7628688098836863  -0.4144350296585576
12.75  0.8034407156108628  -0.2888452817087671
12.76  0.8233548757401975  -0.16050047121628716
12.77  0.8227598698817528  -0.03279715399307317
12.780000000000001  0.8023612475627253  0.09099142620534259
12.790000000000001  0.7633841165986756  0.20780600327844306
12.8  0.7075211930417751  0.3148827233769551
12.81  0.6368683947836029  0.40982308155232733
12.82  0.5538503966078862  0.4906505394022038
12.83  0.4611388082733232  0.5558524934358785
12.84  0.3615657843861252  0.6044067812693283
12.85  0.25803592421059734  0.635792438367611
12.86  0.15343927332085816  0.6499849340338781
12.870000000000001  0.050568102372361534  0.6474366049488407
12.88  -0.04796008070854631  0.6290434526361902
12.89  -0.13977111976037185  0.5960998646209869
12.9  -0.22279258587468248  0.5502431469487609
12.91  -0.29530052102903354  0.4933900099072253
12.92  -0.35595355920050836  0.42766732372655203
12.93  -0.40381387797755225  0.3553395539959022
12.94  -0.43835487832361664  0.278735297545372
12.950000000000001  -0.4594559211794167  0.20017527127314444
12.96  -0.46738485342937763  0.12190396398281025
12.97  -0.46276942016736733  0.046026952089542134
12.98  -0.44655897463925476  -0.02554438667633655
12.99  -0.4199781531527704  -0.09113934086527976
13.0  -0.3844743732538029  -0.1493644416216576
13.01  -0.34166113552607613  -0.1991294451920163
13.02  -0.2932591608267587  -0.23966239802274367
13.030000000000001  -0.24103737635958025  -0.27051383563388604
13.040000000000001  -0.18675567875010587  -0.2915505246667783
13.05  -0.13211125541736402  -0.3029394875934016
13.06  -0.07869004415684443  -0.3051233412856075
13.07  -0.02792466374033628  -0.2987882253080994
13.08  0.01894013439960479  -0.2848257866104405
13.09  0.060873750642557616  -0.26429081949038497
13.1  0.09707733532328462  -0.23835623069838474
13.11  0.12699259953764427  -0.20826700899066442
13.120000000000001  0.15030204881669626  -0.17529482815241826
13.13  0.16692114002222228  -0.14069480643312687
13.14  0.17698312115879003  -0.10566578930738935
13.15  0.1808175339851367  -0.07131532401083354
13.16  0.17892353366990787  -0.03863026227876067
13.17  0.17193930350008935  -0.008453672021010395
13.18  0.1606089130867677  0.018531530196494273
13.19  0.14574798500869737  0.04181208531662072
13.200000000000001  0.12820949887747576  0.06104715934495905
13.21  0.10885097689248305  0.07606474041838991
13.22  0.08850416640298334  0.08685225212086772
13.23  0.0679481697146039  0.09354215408263877
13.24  0.04788677754330401  0.0963934449954136
13.25  0.02893054921421642  0.0957700829966437
13.26  0.011583959515489628  0.09211739182145252
13.27  -0.003762291271471976  0.08593752810783217
13.280000000000001  -0.016833921882702992  0.07776504766228777
13.290000000000001  -0.027470983306849384  0.06814353009051331
13.3  -0.03562152609241746  0.05760410735156918
13.31  -0.04133164681032663  0.04664659924274339
13.32  -0.044732642581430976  0.035723795320724186
13.33  -0.046026067822753244  0.025229246699714433
13.34  -0.045467513236225866  0.015488751147895378
13.35  -0.04334991463161176  0.0067555393474766495
13.36  -0.0399871512673085  -0.0007909930825910551
13.370000000000001  -0.03569861439530494  -0.0070433073038535425
13.38  -0.030795322286491372  -0.011960915540801885
13.39  -0.025568034826773514  -0.015563257179354523
13.4  -0.020277686036934167  -0.017920824992827777
13.41  -0.015148313995356705  -0.019145136747835183
13.42  -0.010362531843664112  -0.01937814319179562
13.43  -0.006059457463704429  -0.018781630470435427
13.44  -0.002334908752998589  -0.017527117214258682
13.450000000000001  0.0007564192622612274  -0.0157866687970312
13.46  0.0031971467832284024  -0.013724959292929748
13.47  0.005002165085766049  -0.011492811525573765
13.48  0.006212767578038708  -0.009222343423465647
13.49  0.006890361699932292  -0.007023750456480307
13.5  0.007110139928198103  -0.004983664362107826
13.51  0.006955043046755035  -0.0031649518974854298
13.52  0.006510290302312383  -0.0016077570803523324
13.530000000000001  0.005858683835631894  -0.0003315481861200865
13.540000000000001  0.005076823717103283  0.0006620927338464329
13.55  0.004232299678260995  0.001386205446066444
13.56  0.0033818603877320275  0.0018649688357618333
13.57  0.0025705043190306746  0.002130231582488572
13.58  0.001831390456408507  0.002218252249880652
13.59  0.0011864338556468808  0.002166802053983329
13.6  0.0006474309868227095  0.002012737299845445
13.61  0.00021755245388521807  0.0017901021761655622
13.620000000000001  -0.00010695509974961895  0.001528779347406369
13.63  -0.00033500219823413596  0.0012536680761041324
13.64  -0.0004789479019739993  0.0009843392385579781
13.65  -0.0005530463298742857  0.0007350946018346897
13.66  -0.0005721170238291859  0.0005153443986258518
13.67  -0.0005504796702827279  0.000330212177931578
13.68  -0.0005011676773175735  0.00018127816692770053
13.69  -0.00043541281221013176  6.738057825374425e-05
13.700000000000001  -0.0003623755726546334  -1.4593188709879572e-05
13.71  -0.0002890836957439131  -6.897838456966034e-05
13.72  -0.00022053420096576008  -0.000100704633110828
13.73  -0.0001599121883988372  -0.0001147887858518549
13.74  -0.0001088815178539541  -0.00011595618352633984
13.75  -6.790751851799999e-05  -0.00010838607565708811
13.76  -3.657897308691371e-05  -9.556832261740027e-05
13.77  -1.3904757600751928e-05  -8.025289108530329e-05
13.780000000000001  1.4312190024826907e-06  -6.447088160154205e-05
13.790000000000001  1.0865485420484596e-05  -4.960550524198129e-05
13.8  1.5803099694561055e-05  -3.6493023932727576e-05
13.81  1.7515532348529673e-05  -2.5536592234535566e-05
13.82  1.708203308818819e-05  -1.681960204802885e-05
13.83  1.5366189874203455e-05  -1.0209014104526935e-05
13.84  1.301870438797365e-05  -5.442841941845235e-06
13.85  1.0497745683108574e-05  -2.1991377841841976e-06
13.86  8.099295444496613e-06  -1.4634212137185783e-07
13.870000000000001  5.99136245915854e-06  1.0233606707328661e-06
13.88  4.247556973099851e-06  1.5749587101082185e-06
13.89  2.877070456248983e-06  1.7226046336510511e-06
13.9  1.8494602663001346e-06  1.6294847013582031e-06
13.91  1.1137120774781091e-06  1.412690933950106e-06
13.92  6.118204473722353e-07  1.1507355250572258e-06
13.93  2.8760600773443123e-07  8.919320459131141e-07
13.94  9.172046601834648e-08  6.624370086974818e-07
13.950000000000001  -1.616416967782218e-08  4.7324028138869985e-07
13.96  -6.706740865204653e-08  3.2578357725263737e-07
13.97  -8.355201413447038e-08  2.1616524856426863e-07
13.98  -8.113565431397871e-08  1.3806540979280731e-07
13.99  -6.985922808601581e-08  8.461604184940493e-08
14.0  -5.576140679747555e-08  4.946813947301371e-08
14.01  -4.212850482610387e-08  2.7293784004874327e-08
14.02  -3.047371718612792e-08  1.3923837987097578e-08
14.030000000000001  -2.1253655190017368e-08  6.275980613349329e-09
14.040000000000001  -1.4359193552508016e-08  2.1826497486001524e-09
14.05  -9.428863129328932e-09  1.8964931157521388e-10
14.06  -6.03279843115645e-09  -6.33956615530317e-10
14.07  -3.768780078194608e-09  -8.553810864062055e-10
14.08  -2.302962018377203e-09  -8.014955098030091e-10
14.09  -1.378850231138069e-09  -6.482240018086511e-10
14.1  -8.10304682918611e-10  -4.817053761145286e-10
14.11  -4.682793916862563e-10  -3.3792673022016033e-10
14.120000000000001  -2.6670299540721975e-10  -2.2702751720183874e-10
14.13  -1.500779046428262e-10  -1.4733059966208603e-10
14.14  -8.368762256980399e-11  -9.287766353558935e-11
14.15  -4.640294794470835e-11  -5.709767053326804e-11
14.16  -2.5680846588759882e-11  -3.432443703968536e-11
14.17  -1.4241138820869305e-11  -2.021586035455605e-11
14.18  -7.941855319136848e-12  -1.1679074887716214e-11
14.19  -4.466491658109754e-12  -6.621990008561123e-12
14.200000000000001  -2.5370732065453154e-12  -3.6843453924095685e-12
14.21  -1.4553250437942158e-12  -2.0094712611490976e-12
14.22  -8.414843770790295e-13  -1.0720581726276732e-12
14.23  -4.888387774460856e-13  -5.573324370274669e-13
14.24  -2.8409284271841094e-13  -2.8050570953364003e-13
14.25  -1.643888503761826e-13  -1.3510582990935753e-13
14.26  -9.428464942875313e-14  -6.087360956410267e-14
14.27  -5.338014216314583e-14  -2.431975790817836e-14
14.280000000000001  -2.978287504265234e-14  -7.201211070554736e-15
14.290000000000001  -1.6451223726835643e-14  2.1846359798412181e-16
14.3  -9.143952641607911e-15  3.0052313045588566e-15
14.31  -5.339164224229107e-15  3.708384474262553e-15
14.32  -3.5170540057047745e-15  3.5481524753736024e-15
14.33  -2.7916511061616463e-15  3.0920882074610398e-15
14.34  -2.6570455194409123e-15  2.5284581405441365e-15
14.35  -2.7439099716321556e-15  1.9889849100917324e-15
14.36  -2.927412519629583e-15  1.4522781277557222e-15
14.370000000000001  -3.1412051505380036e-15  9.117196889081946e-16
14.38  -3.2892877246312453e-15  3.782583232172419e-16
14.39  -3.363819883570904e-15  -1.5779092139246436e-16
14.4  -3.3602731823148112e-15  -7.023314424017049e-16
14.41  -3.265307034464534e-15  -1.2553477672503896e-15
14.42  -3.0619214897261923e-15  -1.7601777591495592e-15
14.43  -2.8088146777465095e-15  -2.239065763924384e-15
14.44  -2.458300962873953e-15  -2.6830992925989175e-15
14.450000000000001  -2.018126300548812e-15  -3.0679635813809835e-15
14.46  -1.5116690061236388e-15  -3.3827685106830398e-15
14.47  -9.62630695805855e-16  -3.617791928114466e-15
14.48  -3.625961352343948e-16  -3.791389803276125e-15
14.49  2.64894961315191e-16  -3.818735671862644e-15
14.5  9.129959127633164e-16  -3.747876373931191e-15
14.51  1.5111319133981264e-15  -3.58938344877485e-15
14.52  2.111643808860497e-15  -3.3328235629503348e-15
14.530000000000001  2.6571600975722742e-15  -2.959694029997257e-15
14.540000000000001  3.1391344654424277e-15  -2.5193721782361462e-15
14.55  3.5459695235705e-15  -1.9817152764267203e-15
14.56  3.830651112281589e-15  -1.3731543153675142e-15
14.57  4.043546637801605e-15  -7.290112647808735e-16
14.58  4.107082935148843e-15  -4.661315672866207e-17
14.59  4.0888994686268124e-15  6.293095932267248e-16
14.6  3.9702499734253936e-15  1.2733843503631115e-15
14.61  3.721008150729896e-15  1.9263394553175182e-15
14.620000000000001  3.3481809988512613e-15  2.5360900782095734e-15
14.63  2.897550161023295e-15  3.0779442795499936e-15
14.64  2.333508439172608e-15  3.5440519575534963e-15
14.65  1.7232851920798315e-15  3.923700494494176e-15
14.66  1.0585836335761905e-15  4.128959986291199e-15
14.67  3.424796246910503e-16  4.257822077692398e-15
14.68  -3.570405123516741e-16  4.2416500555191255e-15
14.69  -1.0502212110825825e-15  4.139530824969457e-15
14.700000000000001  -1.7121964935807788e-15  3.927782992143866e-15
14.71  -2.3507137740613762e-15  3.57044085916594e-15
14.72  -2.9320365825190278e-15  3.1405872058113112e-15
14.73  -3.3823919626732494e-15  2.6329535357782524e-15
14.74  -3.761545560317293e-15  2.060761629409564e-15
14.75  -4.076512883717115e-15  1.4200175064940215e-15
14.76  -4.252847592798912e-15  7.620385167240532e-16
14.77  -4.3026004071641295e-15  5.718544701124814e-17
14.780000000000001  -4.266398950084026e-15  -6.298362393024938e-16
14.790000000000001  -4.11974050758183e-15  -1.2901547716873246e-15
14.8  -3.854563592403349e-15  -1.9489097517365455e-15
14.81  -3.49773198316926e-15  -2.5194735183433945e-15
14.82  -3.0436863439997266e-15  -3.03453872583872e-15
14.83  -2.525731785058166e-15  -3.472032795981003e-15
14.84  -1.9505597840962564e-15  -3.825153388282165e-15
14.85  -1.3451550841991145e-15  -4.063040920962081e-15
14.86  -7.046013997240692e-16  -4.200126651044796e-15
14.870000000000001  -7.129926555744101e-17  -4.211658940507864e-15
14.88  5.665852404970803e-16  -4.164053457273674e-15
14.89  1.184518123663699e-15  -4.018386761485293e-15
14.9  1.784359977924509e-15  -3.766176559026064e-15
14.91  2.302224252616089e-15  -3.439963749097067e-15
14.92  2.7629252853102513e-15  -3.027208851028204e-15
14.93  3.139221202930441e-15  -2.5679161754299154e-15
14.94  3.4450039295186716e-15  -2.0516453886608516e-15
14.950000000000001  3.683055283009119e-15  -1.4872367179501298e-15
14.96  3.8511595766372525e-15  -8.356023577392485e-16
14.97  4.010508479875334e-15  -1.2728715383121872e-16
14.98  4.207411765626937e-15  6.325407977837151e-16
14.99  4.593888490715501e-15  1.4334590858014628e-15
15.0  5.493263755681014e-15  2.2112348849740703e-15
