t   Re(psi(x_0,t))   Im(psi(x_0,t))    Re(psi(x_n,t))   Im(psi(x_n,t))
0.0  0.0  0.0  0.0  0.0
0.01  -1.3010426069826053e-18  1.8241701552068612e-17  1.6921978221249536e-17  -1.550598300470262e-18
0.02  5.854691731421724e-18  -2.2307459698889254e-17  6.980071239143454e-18  8.203168329430677e-18
0.03  1.734723475976807e-18  2.2280354644577116e-17  -2.1279303291382844e-18  -3.101128068542098e-17
0.04  1.3010426069826053e-18  -9.974659986866641e-18  -6.61424514690281e-18  -6.053623282373223e-18
0.05  -1.431146867680866e-17  -1.5178830414797062e-17  4.81776232509845e-18  -5.158820344551255e-18
0.06  2.710505431213761e-17  -2.45029690981724e-17  -3.504053713703344e-17  -8.258582552917301e-19
0.07  -3.187554387107383e-17  -1.0516761073109393e-17  -3.555054287233905e-18  -3.555876706307278e-18
0.08  -2.710505431213761e-17  -1.0950441942103595e-17  -1.1992129221840027e-17  1.763876086648349e-18
0.09  -2.905661822261152e-17  2.190088388420719e-17  7.569539855427362e-18  -1.0157675778270227e-17
0.1  9.432558900623889e-18  1.3877787807814457e-17  9.951969686360475e-18  -2.219358815137765e-17
0.11  1.4203048459560108e-17  -3.5344990823027445e-17  -2.53383174649616e-17  8.798460260068455e-19
0.12  -3.4640259410911867e-17  -4.87890977618477e-17  1.1908064135731273e-17  -1.1467536350302497e-18
0.13  -4.830120678422922e-17  -4.662069341687669e-17  -2.5814977367116983e-17  1.2964277337103119e-17
0.14  -4.889751797909625e-17  9.75781955236954e-18  4.153919839743186e-17  -6.351382189955519e-17
0.15  -5.594483210025203e-17  4.7704895589362195e-18  6.4384725100264626e-18  -6.178750670359977e-17
0.16  -4.119968255444917e-18  -4.228388472693467e-17  -1.0102912906201613e-16  -1.8321330739970883e-17
0.17  -7.047314121155779e-18  6.635317295611287e-17  -9.861451500225478e-17  -4.7447014369053426e-17
0.18  -5.659535340374333e-17  -2.8189256484623115e-17  4.947193122160716e-18  7.884630089866479e-17
0.19  -3.903127820947816e-17  -2.233456475320139e-17  2.379407325818762e-17  3.435090822052079e-17
0.2  4.391018798566293e-17  -2.6020852139652106e-18  -3.0304891359404187e-18  -3.865736434506579e-17
0.21  -8.272462576064399e-17  -9.75781955236954e-18  3.937098127962262e-17  -9.795096513882667e-17
0.22  -1.8756697583999227e-17  4.4885969940899884e-17  -7.882878741714551e-17  -7.886767214376586e-17
0.23  2.6454533008646308e-17  -5.551115123125783e-17  -8.11301902553998e-17  3.1404919332314815e-17
0.24  -8.261620554339544e-17  -3.491130995403324e-17  1.6778998902071706e-17  6.519614475559774e-17
0.25  1.8648277366750676e-17  7.827939685345342e-17  2.6753500483851043e-18  -1.2594086957071025e-16
0.26  -4.141652298894627e-17  -6.938893903907228e-17  -5.041080582547807e-17  1.9835965210540546e-17
0.27  3.664603343001005e-17  1.3552527156068805e-16  -7.901101825292187e-17  -1.4564937599407797e-16
0.28  -2.5804011705155006e-17  -1.3379054808471125e-16  1.415183315834358e-17  5.891629233521096e-17
0.29  -1.474514954580286e-17  -1.2457482961858446e-16  -1.5334320186750085e-16  4.317334128626498e-17
0.3  -2.3201926491189795e-17  1.7444812955291766e-16  -1.2378922062207651e-17  -1.2476933783090385e-16
0.31  -5.4643789493269423e-17  -4.0657581468206416e-17  3.64983134482688e-17  7.330561773281494e-17
0.32  6.591949208711867e-17  -2.992397996059992e-17  -2.6112663604176358e-17  -8.458002827054738e-17
0.33  6.657001339060997e-17  -1.4625887306829455e-16  -2.0148660378735815e-16  3.991932277150284e-17
0.34  -9.519295074422729e-17  -4.423544863740858e-17  -9.927622568128966e-17  -1.169366703120494e-17
0.35000000000000003  -2.740863092043355e-16  6.895525817007808e-17  1.1380831955748816e-16  1.0979772443135745e-16
0.36  2.688821387764051e-17  4.705437428587089e-17  1.3557970004499404e-17  1.9665027923366157e-17
0.37  9.128982292327947e-17  1.1926223897340549e-17  -6.720739906597393e-17  4.376235426658745e-18
0.38  -4.683753385137379e-17  2.7972416050126014e-17  -2.069960587654338e-17  -3.6539399922884614e-17
0.39  3.0357660829594124e-18  8.890457814381136e-17  -2.292091669349328e-17  -1.1126258188685006e-16
0.4  -1.1557595158695477e-16  -1.6989448042847854e-16  -9.909422568060299e-17  2.62669205047854e-16
0.41000000000000003  5.551115123125783e-17  1.496198998029996e-16  4.3622487951172086e-17  -3.5812023614319784e-18
0.42  -6.461844948013606e-17  6.581107186987012e-17  -9.508738926317572e-19  -7.131869185115439e-17
0.43  -1.1492543028346347e-17  1.496198998029996e-16  -1.4717197458543468e-19  -3.784670263274302e-17
0.44  3.5561831257524545e-17  -8.250778532614689e-17  -5.07780370011192e-18  2.0123120546598023e-17
0.45  1.695692197767329e-16  -3.209238430557093e-17  -2.2149922158611795e-16  9.230329784466924e-18
0.46  -1.3942839938163587e-16  1.5504091066542713e-17  -8.932068307915004e-18  -5.1920049172254814e-17
0.47000000000000003  -9.475926987523309e-17  -9.053088140253962e-17  -1.1023890286542383e-16  2.684378699955702e-16
0.48  -7.48099499014998e-17  1.5720931501039814e-16  2.8040602202379986e-17  3.8867906729776486e-17
0.49  -3.122502256758253e-17  2.5977484052752686e-16  1.2555082333205823e-16  3.885191898289706e-17
0.5  2.3830763751231387e-16  -3.187554387107383e-17  -9.274841365845138e-17  8.615637974644479e-17
0.51  8.304988641238964e-17  -2.5045070184415152e-17  3.0768260050775646e-17  -2.2960733859459133e-17
0.52  -1.1514227071796057e-16  -1.1600963245594897e-16  1.1012021237368982e-16  6.829245488885159e-17
0.53  -8.239936510889834e-17  1.218643241873707e-16  -4.705268021997638e-18  -1.6278025070448968e-16
0.54  -2.6020852139652106e-18  5.594483210025203e-17  -1.295486070848617e-16  1.0347481538600621e-16
0.55  1.5764299587939234e-16  1.8344700758454735e-16  -1.2396496589656136e-16  1.3134939913072435e-17
0.56  -1.1058862159352145e-17  4.2717565595928875e-17  1.593099567195888e-16  7.028171176547832e-17
0.5700000000000001  1.48318857196017e-16  -4.119968255444917e-17  -1.3408531555035574e-17  2.0159384144652348e-17
0.58  1.5829351718288365e-16  -1.0473392986209973e-16  -5.717133580787626e-17  4.0188325215427534e-17
0.59  1.691355389077387e-17  -3.9898639947466563e-17  1.3655526362454928e-16  -2.5626134786231602e-17
0.6  -1.2576745200831851e-17  -3.7513395167998453e-17  1.311240883667547e-16  -1.202871488395832e-16
0.61  1.2771901591879242e-16  -2.0773313624822265e-16  -1.017540679536591e-16  7.257378292074845e-18
0.62  -8.673617379884035e-18  2.168404344971009e-18  -8.509631801295603e-17  -8.461520329891559e-17
0.63  -9.367506770274758e-17  -3.252606517456513e-17  3.030175665507534e-17  1.3652815857023715e-16
0.64  5.442694905877232e-17  6.591949208711867e-17  -4.089813882522664e-17  -2.5031517657259084e-17
0.65  -6.483528991463317e-17  1.0169816377914032e-16  1.9419754975109893e-16  2.411333394243542e-16
0.66  2.244298497044994e-16  1.2576745200831851e-17  9.871830187069969e-17  4.659358836256455e-17
0.67  9.063930161978817e-17  2.7321894746634712e-17  1.6484955219463193e-16  -1.9935767446577213e-17
0.68  1.1622647289044608e-16  9.75781955236954e-17  1.1856428382486794e-16  -1.0767482825496666e-16
0.6900000000000001  1.222980050563649e-16  8.023096076392733e-18  2.111127977077673e-16  -2.0816681711721685e-17
0.7000000000000001  1.700029006457271e-16  -1.0950441942103595e-16  1.703772892084135e-16  -9.657530851414631e-17
0.71  2.3765711620882257e-16  -1.0863705768304754e-16  -1.0452555975707517e-16  -5.0442506074888094e-17
0.72  1.1102230246251565e-16  9.454242944073599e-17  3.8298700589221597e-17  -1.9473626270555267e-16
0.73  -4.336808689942018e-19  -7.37257477290143e-18  9.835746583516936e-17  3.900417315516602e-17
0.74  1.0755285551056204e-16  -6.028164079019405e-17  9.115429765171879e-17  1.902503762168939e-16
0.75  2.6237692574149207e-16  3.8163916471489756e-17  1.0440866921035408e-16  8.407987847625087e-17
0.76  2.8796409701215e-16  1.5872719805187785e-16  1.459945987887512e-16  -6.434739893701469e-17
0.77  1.691355389077387e-16  9.107298248878237e-18  3.071951330466116e-16  -1.226503707624227e-16
0.78  2.0122792321330962e-16  -8.370040771588094e-17  1.563555057995658e-16  4.119968255444917e-17
0.79  3.634245682171411e-16  -2.0946785972419946e-16  1.839077935078537e-16  7.979727989493313e-17
0.8  3.668940151690947e-16  8.673617379884035e-19  1.5233040523421337e-17  -3.1002761122223e-16
0.81  1.244664094013359e-16  -4.85722573273506e-17  2.563596036841975e-16  -2.7143001388174604e-16
0.8200000000000001  1.496198998029996e-16  -4.128641872824801e-16  7.578573185673676e-17  1.8360963791042018e-16
0.8300000000000001  2.3245294578089215e-16  -1.3140530330524314e-16  9.860818758755663e-17  -1.1828645701816853e-16
0.84  1.8474805019152996e-16  -2.47198095326695e-17  1.4848148752188983e-16  -1.7477339020466331e-16
0.85  3.638582490861353e-16  -7.24247051220317e-17  8.391724815037804e-17  -2.725684261628558e-16
0.86  7.589415207398531e-17  -3.612561638721701e-16  1.9125326322644298e-16  -1.096128396382845e-16
0.87  2.888314587501384e-16  -3.9985376121265404e-16  -1.0776969594505914e-16  -1.0576392192596096e-16
0.88  -6.114900252818245e-17  -2.502338614096544e-16  1.5363144784119598e-16  -2.0383000842727483e-16
0.89  3.0314292742694704e-16  -2.2898349882893854e-16  -1.6469031000054812e-16  -2.038842185358991e-16
0.9  -8.239936510889834e-17  -2.727852665973529e-16  7.231628490478315e-17  -2.1721990525747081e-16
0.91  -4.7704895589362195e-18  -5.143455106271233e-16  -1.2967057982926633e-16  8.857931749206571e-17
0.92  -8.413408858487514e-17  -2.3548871186385156e-16  -8.435092901937224e-17  5.149960319306146e-18
0.93  -1.227316859253591e-16  7.806255641895632e-18  5.637851296924623e-17  -1.9136168344369153e-17
0.9400000000000001  -5.204170427930421e-17  -4.336808689942018e-18  2.2898349882893854e-16  4.0657581468206416e-17
0.9500000000000001  3.0054084221298183e-16  -1.3660947373317356e-16  -2.3635607360183997e-17  -1.1056151653920931e-16
0.96  -2.6020852139652106e-17  -2.3505503099485736e-16  1.2576745200831851e-16  8.498789779570748e-17
0.97  6.808789643208968e-17  -2.6020852139652106e-18  2.7820627745978044e-16  3.415236843329339e-18
0.98  1.5092094240998222e-16  -8.847089727481716e-17  2.207435623180487e-16  -1.8104821027792317e-16
0.99  1.4007892068512717e-16  -1.201296007113939e-16  1.5048726154098802e-16  -3.756760527662273e-17
1.0  3.0921445959286586e-16  5.637851296924623e-18  2.172741153660951e-16  -1.218643241873707e-16
1.01  1.5395670849294163e-16  -2.992397996059992e-16  2.5760643618255585e-16  -1.3877787807814457e-17
1.02  1.9992688060632702e-16  2.168404344971009e-18  3.2873009869760494e-16  -1.3227266504323154e-16
1.03  3.135512682828079e-16  -1.470178145890344e-16  3.0661237437890065e-16  -1.0256552551712872e-16
1.04  2.38524477946811e-16  -7.762887554996212e-17  4.761815941556335e-16  -1.3574211199518516e-16
1.05  4.748805515486509e-16  -1.8648277366750676e-17  4.154662724964453e-16  -4.163336342344337e-16
1.06  5.208507236620363e-16  -4.0939474033052647e-16  2.927345865710862e-16  -2.8406096919120216e-16
1.07  2.5153490401663703e-16  -3.8077180297690916e-16  3.0357660829594124e-16  -3.465110143263672e-16
1.08  4.787836793695988e-16  -3.3350058825654116e-16  1.4181364416110398e-16  -2.2985086056692694e-16
1.09  1.8388068845354155e-16  -4.0809369772354387e-16  4.709774237277031e-16  -3.3393426912553537e-16
1.1  3.8294020732188017e-16  -3.408731630294426e-16  1.7911019889460533e-16  -5.143455106271233e-16
1.11  2.168404344971009e-18  -4.584006785268713e-16  3.369700352084948e-16  -2.2681509448396753e-16
1.12  3.7643499428696714e-16  -2.5977484052752686e-16  1.5092094240998222e-16  -1.9212062496443139e-16
1.1300000000000001  4.0462425077159025e-16  -2.727852665973529e-16  3.5561831257524545e-16  -3.452099717193846e-16
1.1400000000000001  3.452099717193846e-16  -2.1163626406917047e-16  5.048045315092509e-16  -5.082739784612045e-16
1.1500000000000001  2.2898349882893854e-16  -6.331740687315346e-16  5.711577044653637e-16  -3.452099717193846e-16
1.16  6.76975836499949e-16  -4.948298715223842e-16  1.0191500421363742e-16  -6.435824095873954e-16
1.17  2.445960101127298e-16  -4.2370620900733513e-16  3.0487765090292385e-16  -7.016956460326185e-16
1.18  2.8666305440516737e-16  -6.435824095873954e-16  2.415602440297704e-16  -5.750608322863116e-16
1.19  2.706168622523819e-16  -6.29704621779581e-16  1.4094628242311558e-16  -4.2500725161431774e-16
1.2  2.688821387764051e-16  -6.019490461639521e-16  2.723515857283587e-16  -5.039371697712625e-16
1.21  1.9905951886833861e-16  -5.299580219109146e-16  2.3505503099485736e-16  -8.708311849403572e-16
1.22  1.3140530330524314e-16  -6.713379852030243e-16  -9.454242944073599e-17  -4.40619762898109e-16
1.23  2.198762005800603e-16  -3.2786273695961654e-16  2.0046898169256977e-16  -5.620504062164855e-16
1.24  1.5872719805187785e-16  -6.722053469410127e-16  2.914335439641036e-16  -4.510281037539698e-16
1.25  3.664603343001005e-16  -6.687358999890591e-16  3.4934894527658355e-17  -5.637851296924623e-16
1.26  1.5742615544489524e-16  -4.926614671774132e-16  1.1806961658367143e-16  -7.216449660063518e-16
1.27  1.3834419720915037e-16  -5.793976409762536e-16  1.6978606021123e-16  -4.978656376053436e-16
1.28  2.7950732006676304e-16  -7.494005416219807e-16  1.1600963245594897e-16  -4.579669976578771e-16
1.29  1.2576745200831851e-16  -7.112366251504909e-16  2.3418766925686896e-16  -5.863365348801608e-16
1.3  1.218643241873707e-16  -5.100087019371813e-16  2.216109240560371e-16  -7.216449660063518e-16
1.31  2.259477327459791e-16  -5.342948306008566e-16  1.3791051634015616e-16  -7.008282842946301e-16
1.32  4.0288952729561345e-16  -7.060324547225605e-16  2.706168622523819e-16  -5.412337245047638e-16
1.33  2.7885679876327174e-16  -8.569533971325427e-16  2.740863092043355e-16  -8.430756093247282e-16
1.34  2.2703193491846463e-16  -8.153200337090993e-16  2.0816681711721685e-17  -8.569533971325427e-16
1.35  1.5439038936193583e-16  -7.181755190543981e-16  6.071532165918825e-17  -7.563394355258879e-16
1.36  1.8257964584655895e-16  -9.575673587391975e-16  1.1449174941446927e-16  -6.505213034913027e-16
1.37  1.218643241873707e-16  -8.135853102331225e-16  2.0469737016526324e-16  -7.875644580934704e-16
1.3800000000000001  2.5153490401663703e-17  -7.91033905045424e-16  2.3592239273284576e-16  -9.697104230710352e-16
1.3900000000000001  1.8908485888147197e-16  -8.413408858487514e-16  3.122502256758253e-17  -9.783840404509192e-16
1.4000000000000001  2.0556473190325164e-16  -9.662409761190816e-16  -2.8102520310824275e-16  -9.783840404509192e-16
1.41  -1.465841337200402e-16  -8.708311849403572e-16  6.938893903907228e-18  -7.754213937616328e-16
1.42  -6.071532165918825e-17  -8.396061623727746e-16  -2.0816681711721685e-17  -8.222589276130066e-16
1.43  8.500145032286355e-17  -9.107298248878237e-16  -1.5612511283791264e-17  -9.835882108788496e-16
1.44  1.0061396160665481e-16  -8.72565908416334e-16  -3.5388358909926865e-16  -1.061650767297806e-15
1.45  5.724587470723463e-17  -1.0061396160665481e-15  -2.949029909160572e-16  -9.124645483638005e-16
1.46  -3.0010716134398763e-16  -1.0408340855860843e-15  -4.85722573273506e-17  -7.7021722333370235e-16
1.47  6.591949208711867e-17  -9.35015953551499e-16  -2.393918396847994e-16  -8.291978215169138e-16
1.48  -1.0755285551056204e-16  -9.506284648352903e-16  -1.2836953722228372e-16  -1.007874339542525e-15
1.49  1.5612511283791264e-17  -1.0651202142497596e-15  -3.434752482434078e-16  -1.033895191682177e-15
1.5  -3.2612801348363973e-16  -1.124100812432971e-15  -3.365363543395006e-16  -8.673617379884035e-16
1.51  -2.3071822230491534e-16  -9.332812300755222e-16  -3.3306690738754696e-16  -8.153200337090993e-16
1.52  -3.0184188481996443e-16  -1.0998146837692957e-15  -3.469446951953614e-18  -7.494005416219807e-16
1.53  -1.0755285551056204e-16  -9.54097911787244e-16  -2.8102520310824275e-16  -1.19522447494802e-15
1.54  -2.8449465006019636e-16  -1.052977149917922e-15  -5.967448757360216e-16  -1.2420620087993939e-15
1.55  -4.822531263215524e-16  -9.54097911787244e-16  -4.85722573273506e-16  -8.734332701543224e-16
1.56  -2.983724378680108e-16  -1.1830814106161824e-15  -6.522560269672795e-16  -7.840950111415168e-16
1.57  -5.342948306008566e-16  -9.488937413593135e-16  -4.475586568020162e-16  -8.083811398051921e-16
1.58  -3.7470027081099033e-16  -9.870576578308032e-16  -5.967448757360216e-16  -1.0070069778045365e-15
1.59  -7.251144129583054e-16  -8.291978215169138e-16  -6.38378239159465e-16  -8.96418356211015e-16
1.6  -5.551115123125783e-16  -6.678685382510707e-16  -5.759281940243e-16  -7.934191498248921e-16
1.61  -2.7755575615628914e-16  -1.0651202142497596e-15  -7.355227538141662e-16  -3.89011739487799e-16
1.62  -3.677613769070831e-16  -6.062858548538941e-16  -4.961309141293668e-16  -7.0830927928478e-16
1.6300000000000001  -3.712308238590367e-16  -7.112366251504909e-16  -1.9081958235744878e-16  -8.285473002134225e-16
1.6400000000000001  -2.7755575615628914e-16  -9.272096979096034e-16  -3.0184188481996443e-16  -9.566999970012091e-16
1.6500000000000001  -2.2898349882893854e-16  -1.3114509478384662e-15  -6.591949208711867e-16  -6.613633252161577e-16
1.6600000000000001  -5.655198531684391e-16  -9.189697613987136e-16  -5.828670879282072e-16  -1.1752751549742868e-15
1.67  -5.134781488891349e-16  -8.526165884426007e-16  -7.771561172376096e-16  -8.153200337090993e-16
1.68  -5.967448757360216e-16  -9.770829978439366e-16  -3.885780586188048e-16  -6.123573870198129e-16
1.69  -3.5388358909926865e-16  -9.527968691802613e-16  -4.85722573273506e-16  -8.777700788442644e-16
1.7  -3.226585665316861e-16  -8.055622141567298e-16  -6.314393452555578e-16  -1.1050188541972261e-15
1.71  -2.983724378680108e-16  -1.2791417230983981e-15  -7.424616477180734e-16  -8.066464163292153e-16
1.72  -6.38378239159465e-16  -1.0113437864944785e-15  -5.273559366969494e-16  -1.1119577481011333e-15
1.73  -5.48172618408671e-16  -1.3660947373317356e-15  -9.08995101411847e-16  -8.552186736565659e-16
1.74  -8.81239525796218e-16  -1.1856834958301476e-15  -8.951173136040325e-16  -8.066464163292153e-16
1.75  -9.992007221626409e-16  -8.517492267046123e-16  -6.869504964868156e-16  -9.71445146547012e-16
1.76  -5.967448757360216e-16  -9.809861256648844e-16  -1.0755285551056204e-15  -8.153200337090993e-16
1.77  -9.020562075079397e-16  -9.610368056911511e-16  -8.743006318923108e-16  -8.534839501805891e-16
1.78  -8.881784197001252e-16  -1.0234868508263162e-15  -1.0269562977782698e-15  -6.904199434387692e-16
1.79  -7.91033905045424e-16  -8.205242041370298e-16  -9.783840404509192e-16  -6.800116025829084e-16
1.8  -8.81239525796218e-16  -1.0096090630185017e-15  -9.853229343548264e-16  -6.487865800153259e-16
1.81  -1.1032841307212493e-15  -9.593020822151743e-16  -9.71445146547012e-16  -5.48172618408671e-16
1.82  -1.0408340855860843e-15  -5.863365348801608e-16  -8.951173136040325e-16  -6.626643678231403e-16
1.83  -7.424616477180734e-16  -7.181755190543981e-16  -1.0408340855860843e-15  -5.828670879282072e-16
1.84  -1.0477729794899915e-15  -9.575673587391975e-16  -7.771561172376096e-16  -3.712308238590367e-16
1.85  -8.743006318923108e-16  -4.926614671774132e-16  -8.604228440844963e-16  -7.181755190543981e-16
1.86  -9.228728892196614e-16  -5.759281940243e-16  -7.979727989493313e-16  -6.973588373426765e-16
1.87  -5.48172618408671e-16  -7.7021722333370235e-16  -1.0443035325380379e-15  -6.661338147750939e-16
1.8800000000000001  -8.743006318923108e-16  -8.847089727481716e-16  -8.222589276130066e-16  -6.938893903907228e-16
1.8900000000000001  -8.187894806610529e-16  -1.0269562977782698e-15  -1.124100812432971e-15  -6.522560269672795e-16
1.9000000000000001  -1.0824674490095276e-15  -7.216449660063518e-16  -1.0269562977782698e-15  -8.534839501805891e-16
1.9100000000000001  -1.061650767297806e-15  -8.257283745649602e-16  -1.2247147740396258e-15  -5.412337245047638e-16
1.92  -9.853229343548264e-16  -7.355227538141662e-16  -1.1553258350005535e-15  -3.3306690738754696e-16
1.93  -1.0269562977782698e-15  -7.042977312465837e-16  -9.332812300755222e-16  -5.412337245047638e-16
1.94  -1.033895191682177e-15  -7.563394355258879e-16  -1.0755285551056204e-15  -5.898059818321144e-16
1.95  -1.1102230246251565e-15  -4.926614671774132e-16  -1.0998146837692957e-15  -6.661338147750939e-16
1.96  -9.783840404509192e-16  -6.938893903907228e-16  -1.2871648191747909e-15  -3.5388358909926865e-16
1.97  -8.673617379884035e-16  -7.216449660063518e-16  -1.2385925618474403e-15  -2.2898349882893854e-16
1.98  -8.118505867571457e-16  -6.38378239159465e-16  -1.0234868508263162e-15  -4.787836793695988e-16
1.99  -1.4988010832439613e-15  -9.159339953157541e-16  -8.049116928532385e-16  -4.718447854656915e-16
2.0  -1.0685896612017132e-15  -6.591949208711867e-16  -1.4988010832439613e-15  -2.3592239273284576e-16
2.0100000000000002  -1.0269562977782698e-15  -4.2327252813834093e-16  -1.0894063429134349e-15  -3.122502256758253e-16
2.02  -1.096345236817342e-15  -5.065392549852277e-16  -1.0130785099704553e-15  -5.689893001203927e-16
2.0300000000000002  -1.3183898417423734e-15  -8.951173136040325e-16  -1.1449174941446927e-15  -1.942890293094024e-16
2.04  -1.2073675392798577e-15  -5.48172618408671e-16  -1.3548190347378863e-15  -2.3592239273284576e-16
2.05  -1.1379786002407855e-15  -3.3306690738754696e-16  -1.2455314557513475e-15  -3.7470027081099033e-16
2.06  -1.1518563880486e-15  -3.5388358909926865e-16  -1.3062467774105357e-15  -3.469446951953614e-16
2.07  -1.2732870313669764e-15  -5.898059818321144e-16  -1.0269562977782698e-15  9.71445146547012e-17
2.08  -9.8879238130678e-16  -6.036837696399289e-16  -1.2108369862318114e-15  -1.3877787807814457e-16
2.09  -1.2281842209915794e-15  -4.85722573273506e-16  -1.186550857568136e-15  -3.95516952522712e-16
2.1  -1.294103713078698e-15  -5.273559366969494e-16  -1.2559397966072083e-15  -4.85722573273506e-17
2.11  -1.4363510381087963e-15  -2.914335439641036e-16  -8.881784197001252e-16  -5.134781488891349e-16
2.12  -1.4502288259166107e-15  -7.7021722333370235e-16  -1.4762496780562628e-15  2.7755575615628914e-17
2.13  -1.1830814106161824e-15  -4.163336342344337e-17  -1.6939574742913521e-15  -2.8449465006019636e-16
2.14  -1.474514954580286e-15  -1.249000902703301e-16  -1.3804062060085442e-15  1.0408340855860843e-16
2.15  -1.3340023530261647e-15  -2.0816681711721685e-17  -1.0152469143154264e-15  2.0816681711721685e-17
2.16  -1.0599160438218291e-15  -7.28583859910259e-16  -1.4017920938608208e-15  5.273559366969494e-16
2.17  -1.268082860939046e-15  0.0  -1.2503019453102837e-15  -3.0531133177191805e-16
2.18  -1.6601303665098044e-15  -3.2612801348363973e-16  -1.244664094013359e-15  3.3306690738754696e-16
2.19  -1.294103713078698e-15  1.8041124150158794e-16  -1.2117043479697998e-15  1.6653345369377348e-16
2.2  -1.2542050731312315e-15  5.551115123125783e-17  -1.1483869410966463e-15  1.8041124150158794e-16
2.21  -9.35015953551499e-16  -2.0122792321330962e-16  -1.4172690798730514e-15  3.0531133177191805e-16
2.22  -1.4354836763708079e-15  -1.734723475976807e-16  -1.2073675392798577e-15  4.163336342344337e-16
2.23  -1.3309665869432052e-15  8.326672684688674e-17  -9.332812300755222e-16  4.440892098500626e-16
2.24  -1.1544584732625651e-15  6.938893903907228e-17  -1.1275702593849246e-15  2.498001805406602e-16
2.25  -1.285430095698814e-15  1.6653345369377348e-16  -8.89913143176102e-16  3.469446951953614e-16
2.2600000000000002  -1.0364972768961422e-15  -1.942890293094024e-16  -1.1726730697603216e-15  5.273559366969494e-16
2.27  -1.2195106036116954e-15  1.6653345369377348e-16  -9.43689570931383e-16  3.0531133177191805e-16
2.2800000000000002  -1.3817072486155269e-15  -1.3877787807814457e-17  -7.077671781985373e-16  4.996003610813204e-16
2.29  -1.1162945567910754e-15  2.3592239273284576e-16  -6.800116025829084e-16  9.71445146547012e-17
2.3000000000000003  -1.0711917464156784e-15  1.1102230246251565e-16  -1.016547956922409e-15  -2.636779683484747e-16
2.31  -1.186550857568136e-15  -3.191891195797325e-16  -1.429412144204889e-15  3.885780586188048e-16
2.32  -1.1813466871402056e-15  4.0245584642661925e-16  -1.339206523454095e-15  2.7755575615628914e-16
2.33  -1.1553258350005535e-15  2.914335439641036e-16  -8.777700788442644e-16  5.551115123125783e-16
2.34  -1.2628786905111156e-15  4.163336342344337e-17  -5.793976409762536e-16  2.7755575615628914e-16
2.35  -7.355227538141662e-16  -1.3877787807814457e-16  -1.3773704399255848e-15  4.718447854656915e-16
2.36  -1.1483869410966463e-15  2.914335439641036e-16  -1.1518563880486e-15  1.3877787807814457e-17
2.37  -1.4190038033490282e-15  1.6653345369377348e-16  -9.575673587391975e-16  6.106226635438361e-16
2.38  -1.0512424264419451e-15  -2.7755575615628914e-17  -8.81239525796218e-16  6.245004513516506e-16
2.39  -9.506284648352903e-16  8.326672684688674e-17  -1.0547118733938987e-15  3.469446951953614e-16
2.4  -1.2212453270876722e-15  -9.71445146547012e-17  -9.43689570931383e-16  2.498001805406602e-16
2.41  -1.4849232954361469e-15  1.249000902703301e-16  -1.366962099069724e-15  4.163336342344337e-16
2.42  -1.609823385706477e-15  3.3306690738754696e-16  -8.187894806610529e-16  8.049116928532385e-16
2.43  -1.1900203045200897e-15  4.996003610813204e-16  -8.673617379884035e-16  6.522560269672795e-16
2.44  -1.016547956922409e-15  4.996003610813204e-16  -9.298117831235686e-16  5.273559366969494e-16
2.45  -1.1275702593849246e-15  4.163336342344337e-16  -8.465450562766819e-16  5.551115123125783e-16
2.46  -1.1171619185290638e-15  4.440892098500626e-16  -9.159339953157541e-16  5.689893001203927e-16
2.47  -1.124100812432971e-15  6.38378239159465e-16  -7.355227538141662e-16  6.800116025829084e-16
2.48  -8.673617379884035e-16  2.3592239273284576e-16  -9.575673587391975e-16  7.632783294297951e-16
2.49  -1.0200174038743626e-15  6.661338147750939e-16  -7.91033905045424e-16  8.881784197001252e-16
2.5  -8.951173136040325e-16  5.551115123125783e-16  -2.0816681711721685e-16  6.661338147750939e-16
2.5100000000000002  -6.036837696399289e-16  5.134781488891349e-16  -6.591949208711867e-16  2.220446049250313e-16
2.52  -9.08995101411847e-16  1.3877787807814457e-17  -7.494005416219807e-16  6.036837696399289e-16
2.5300000000000002  -9.992007221626409e-16  1.3877787807814457e-16  -8.534839501805891e-16  6.106226635438361e-16
2.54  -1.1379786002407855e-15  5.273559366969494e-16  -8.326672684688674e-16  4.579669976578771e-16
2.5500000000000003  -9.367506770274758e-16  4.163336342344337e-16  -9.506284648352903e-16  8.673617379884035e-16
2.56  -1.1796119636642288e-15  7.355227538141662e-16  -2.706168622523819e-16  5.273559366969494e-16
2.57  -6.800116025829084e-16  1.942890293094024e-16  -6.314393452555578e-16  5.967448757360216e-16
2.58  -9.020562075079397e-16  2.0122792321330962e-16  -1.1449174941446927e-15  4.579669976578771e-16
2.59  -1.0477729794899915e-15  5.342948306008566e-16  -9.71445146547012e-16  7.632783294297951e-16
2.6  -1.3461454173580023e-15  4.85722573273506e-16  -4.2327252813834093e-16  8.396061623727746e-16
2.61  -1.1657341758564144e-15  5.065392549852277e-16  -3.5388358909926865e-16  1.0755285551056204e-15
2.62  -7.008282842946301e-16  5.967448757360216e-16  -8.049116928532385e-16  4.3021142204224816e-16
2.63  -9.298117831235686e-16  5.759281940243e-16  -8.326672684688674e-16  8.049116928532385e-16
2.64  -1.429412144204889e-15  7.563394355258879e-16  -1.5265566588595902e-16  6.036837696399289e-16
2.65  -1.0408340855860843e-15  7.147060721024445e-16  -7.494005416219807e-16  9.020562075079397e-16
2.66  -6.522560269672795e-16  9.159339953157541e-16  -6.661338147750939e-16  7.147060721024445e-16
2.67  -9.228728892196614e-16  6.175615574477433e-16  -5.412337245047638e-16  7.840950111415168e-16
2.68  -1.0269562977782698e-15  8.881784197001252e-16  -6.522560269672795e-16  7.424616477180734e-16
2.69  -9.228728892196614e-16  1.1379786002407855e-15  -4.718447854656915e-16  7.771561172376096e-16
2.7  -3.885780586188048e-16  5.551115123125783e-16  -6.661338147750939e-16  1.124100812432971e-15
2.71  -9.367506770274758e-16  6.661338147750939e-16  -3.3306690738754696e-16  8.257283745649602e-16
2.72  -6.38378239159465e-16  7.077671781985373e-16  -5.412337245047638e-16  1.0269562977782698e-15
2.73  -8.465450562766819e-16  1.0130785099704553e-15  1.3877787807814457e-17  5.551115123125783e-16
2.74  -6.106226635438361e-16  5.134781488891349e-16  -4.440892098500626e-16  6.661338147750939e-16
2.75  -9.992007221626409e-16  5.342948306008566e-16  -5.828670879282072e-16  9.08995101411847e-16
2.7600000000000002  -5.828670879282072e-16  1.214306433183765e-15  -5.967448757360216e-16  7.077671781985373e-16
2.77  -6.38378239159465e-16  7.632783294297951e-16  -2.3592239273284576e-16  1.0755285551056204e-15
2.7800000000000002  -5.828670879282072e-16  8.257283745649602e-16  -1.249000902703301e-16  7.008282842946301e-16
2.79  -6.106226635438361e-16  6.106226635438361e-16  -1.3877787807814457e-16  5.620504062164855e-16
2.8000000000000003  -5.551115123125783e-16  5.967448757360216e-16  -5.967448757360216e-16  5.689893001203927e-16
2.81  -7.632783294297951e-16  7.91033905045424e-16  -6.938893903907228e-16  6.38378239159465e-16
2.82  -6.938893903907228e-16  9.645062526431047e-16  -4.163336342344337e-16  9.020562075079397e-16
2.83  -4.3021142204224816e-16  7.28583859910259e-16  -4.0245584642661925e-16  8.257283745649602e-16
2.84  -7.077671781985373e-16  4.996003610813204e-16  -4.3021142204224816e-16  8.187894806610529e-16
2.85  -8.881784197001252e-16  6.38378239159465e-16  -5.828670879282072e-16  1.2455314557513475e-15
2.86  -4.163336342344337e-16  1.2836953722228372e-15  -4.440892098500626e-16  8.777700788442644e-16
2.87  -7.216449660063518e-16  9.71445146547012e-16  2.914335439641036e-16  9.298117831235686e-16
2.88  -4.996003610813204e-16  6.522560269672795e-16  2.7755575615628914e-17  8.708311849403572e-16
2.89  1.3877787807814457e-17  9.020562075079397e-16  -5.828670879282072e-16  3.95516952522712e-16
2.9  -4.579669976578771e-16  3.95516952522712e-16  -2.636779683484747e-16  9.853229343548264e-16
2.91  -5.689893001203927e-16  7.216449660063518e-16  -2.498001805406602e-16  3.400058012914542e-16
2.92  -9.853229343548264e-16  4.926614671774132e-16  -1.3877787807814457e-16  9.922618282587337e-16
2.93  -5.689893001203927e-16  7.008282842946301e-16  -3.7470027081099033e-16  9.228728892196614e-16
2.94  -5.551115123125783e-16  9.43689570931383e-16  -1.6653345369377348e-16  8.187894806610529e-16
2.95  -2.7755575615628914e-16  1.0477729794899915e-15  -2.498001805406602e-16  5.273559366969494e-16
2.96  -7.355227538141662e-16  5.863365348801608e-16  2.220446049250313e-16  8.187894806610529e-16
2.97  -4.163336342344337e-16  6.349087922075114e-16  -3.0531133177191805e-16  7.754213937616328e-16
2.98  -4.579669976578771e-16  9.124645483638005e-16  -1.8041124150158794e-16  7.233796894823286e-16
2.99  -3.7470027081099033e-16  1.124100812432971e-15  -1.6653345369377348e-16  4.735795089416683e-16
3.0  -1.1102230246251565e-16  7.4593109467002705e-16  -8.326672684688674e-17  8.760353553682876e-16
3.0100000000000002  -3.0531133177191805e-16  5.065392549852277e-16  -5.551115123125783e-17  7.615436059538183e-16
3.02  -3.7470027081099033e-16  5.828670879282072e-16  -5.551115123125783e-17  7.546047120499111e-16
3.0300000000000002  -1.6653345369377348e-16  7.563394355258879e-16  -2.7755575615628914e-16  4.683753385137379e-16
3.04  -5.828670879282072e-16  5.689893001203927e-16  0.0  9.410874857174178e-16
3.0500000000000003  -4.163336342344337e-16  7.91033905045424e-16  1.1102230246251565e-16  4.9439619065339e-16
3.06  -7.077671781985373e-16  4.926614671774132e-16  2.7755575615628914e-17  7.563394355258879e-16
3.0700000000000003  -1.942890293094024e-16  1.061650767297806e-15  -4.718447854656915e-16  3.139849491518021e-16
3.08  -4.0245584642661925e-16  7.979727989493313e-16  -4.718447854656915e-16  9.107298248878237e-16
3.09  -4.85722573273506e-16  1.1102230246251565e-15  0.0  9.573505183047004e-16
3.1  -6.938893903907228e-17  7.4593109467002705e-16  6.938893903907228e-17  1.277732260274167e-15
3.11  -4.163336342344337e-17  6.869504964868156e-16  3.0531133177191805e-16  8.658438549469238e-16
3.12  -2.498001805406602e-16  6.002143226879753e-16  2.498001805406602e-16  5.646524914304507e-16
3.13  -4.996003610813204e-16  9.818534874028728e-16  1.3877787807814457e-16  4.2197148553135833e-16
3.14  -2.498001805406602e-16  7.7021722333370235e-16  8.326672684688674e-17  8.239936510889834e-16
3.15  -2.7755575615628914e-17  7.181755190543981e-16  -6.938893903907228e-17  8.352693536828326e-16
3.16  -1.6653345369377348e-16  8.604228440844963e-16  1.3877787807814457e-17  6.418476861114186e-16
3.17  -5.551115123125783e-16  9.26342336171615e-16  4.440892098500626e-16  8.933825901280557e-16
3.18  1.3877787807814457e-17  8.144526719711109e-16  1.5265566588595902e-16  6.852157730108388e-16
3.19  -1.1102230246251565e-16  1.1032841307212493e-15  2.498001805406602e-16  6.071532165918825e-16
3.2  1.6653345369377348e-16  7.73686670285656e-16  2.3592239273284576e-16  6.036837696399289e-16
3.21  -2.7755575615628914e-17  7.650130529057719e-16  3.608224830031759e-16  3.434752482434078e-16
3.22  1.3877787807814457e-16  4.90059381963448e-16  -8.326672684688674e-17  6.140921104957897e-16
3.23  -3.0531133177191805e-16  7.082008590675315e-16  2.636779683484747e-16  4.85722573273506e-16
3.24  9.71445146547012e-17  7.788908407135864e-16  8.326672684688674e-17  5.741934705483231e-16
3.25  1.3877787807814457e-17  5.685556192513985e-16  9.71445146547012e-17  6.210310043996969e-16
3.2600000000000002  1.1102230246251565e-16  4.518954654919582e-16  1.249000902703301e-16  8.257283745649602e-16
3.27  -3.0531133177191805e-16  6.080205783298709e-16  4.579669976578771e-16  4.753142324176451e-16
3.2800000000000002  -2.7755575615628914e-16  8.439429710627167e-16  4.163336342344337e-16  5.516420653606247e-16
3.29  6.938893903907228e-17  6.947567521287112e-16  3.469446951953614e-16  4.2674197509029455e-16
3.3000000000000003  8.326672684688674e-17  6.279698983036042e-16  -1.3877787807814457e-16  4.163336342344337e-16
3.31  -1.249000902703301e-16  1.1102230246251565e-15  3.3306690738754696e-16  3.677613769070831e-16
3.3200000000000003  -8.326672684688674e-17  4.145989107584569e-16  3.3306690738754696e-16  8.604228440844963e-16
3.33  2.498001805406602e-16  1.061650767297806e-15  3.0531133177191805e-16  4.891920202254596e-16
3.34  4.440892098500626e-16  6.800116025829084e-16  4.0245584642661925e-16  3.8163916471489756e-16
3.35  2.636779683484747e-16  5.342948306008566e-16  2.914335439641036e-16  3.0184188481996443e-16
3.36  6.938893903907228e-17  4.163336342344337e-16  5.134781488891349e-16  6.210310043996969e-16
3.37  1.3877787807814457e-16  5.672545766444159e-16  5.134781488891349e-16  1.6306400674181987e-16
3.38  2.0816681711721685e-16  3.157196726277789e-16  1.5265566588595902e-16  2.3245294578089215e-16
3.39  9.71445146547012e-17  4.198030811863873e-16  -1.3877787807814457e-16  3.608224830031759e-16
3.4  -3.191891195797325e-16  7.598088824778415e-16  2.7755575615628914e-16  3.95516952522712e-16
3.41  -1.942890293094024e-16  3.2959746043559335e-16  5.689893001203927e-16  7.355227538141662e-16
3.42  1.942890293094024e-16  8.81239525796218e-16  2.7755575615628914e-17  2.914335439641036e-16
3.43  -5.551115123125783e-17  1.061650767297806e-15  3.608224830031759e-16  6.938893903907228e-17
3.44  3.885780586188048e-16  4.440892098500626e-16  1.1102230246251565e-16  7.771561172376096e-16
3.45  6.938893903907228e-16  8.604228440844963e-16  1.3877787807814457e-17  4.579669976578771e-16
3.46  -2.498001805406602e-16  3.2612801348363973e-16  7.077671781985373e-16  4.787836793695988e-16
3.47  4.163336342344337e-16  2.5326962749261384e-16  2.220446049250313e-16  1.0408340855860843e-15
3.48  2.0816681711721685e-16  1.096345236817342e-15  2.498001805406602e-16  7.632783294297951e-17
3.49  -1.3877787807814457e-17  3.95516952522712e-16  8.326672684688674e-16  7.91033905045424e-16
3.5  6.661338147750939e-16  8.465450562766819e-16  5.134781488891349e-16  4.579669976578771e-16
3.5100000000000002  4.163336342344337e-17  6.730727086790012e-16  8.743006318923108e-16  -1.457167719820518e-16
3.52  7.077671781985373e-16  -2.42861286636753e-17  1.942890293094024e-16  5.828670879282072e-16
3.5300000000000002  5.828670879282072e-16  8.743006318923108e-16  -2.7755575615628914e-16  -4.163336342344337e-17
3.54  -4.579669976578771e-16  2.5673907444456745e-16  1.1102230246251565e-15  6.730727086790012e-16
3.5500000000000003  9.159339953157541e-16  4.0939474033052647e-16  -1.5265566588595902e-16  7.077671781985373e-16
3.56  -2.636779683484747e-16  6.38378239159465e-16  7.494005416219807e-16  3.469446951953614e-17
3.5700000000000003  4.718447854656915e-16  -6.938893903907228e-18  2.914335439641036e-16  1.1587952819525071e-15
3.58  5.551115123125783e-17  1.3600232051658168e-15  2.3592239273284576e-16  -2.2898349882893854e-16
3.59  -1.249000902703301e-16  1.5959455978986625e-16  1.1102230246251565e-15  1.2073675392798577e-15
3.6  9.853229343548264e-16  9.020562075079397e-16  1.8041124150158794e-16  5.134781488891349e-16
3.61  -3.191891195797325e-16  7.632783294297951e-16  1.4432899320127035e-15  -6.245004513516506e-17
3.62  1.2906342661267445e-15  2.636779683484747e-16  9.71445146547012e-17  7.979727989493313e-16
3.63  1.3877787807814457e-16  9.43689570931383e-16  6.38378239159465e-16  -4.787836793695988e-16
3.64  1.942890293094024e-16  -1.734723475976807e-16  1.1657341758564144e-15  1.1449174941446927e-15
3.65  6.38378239159465e-16  1.2559397966072083e-15  2.636779683484747e-16  -4.510281037539698e-16
3.66  5.967448757360216e-16  1.0408340855860843e-16  9.575673587391975e-16  4.2327252813834093e-16
3.67  1.1102230246251565e-15  8.187894806610529e-16  -1.1102230246251565e-16  -5.551115123125783e-17
3.68  -1.6653345369377348e-16  -9.71445146547012e-17  1.2212453270876722e-15  3.400058012914542e-16
3.69  1.0408340855860843e-15  1.3877787807814457e-16  0.0  8.118505867571457e-16
3.7  -4.0245584642661925e-16  1.0200174038743626e-15  9.992007221626409e-16  -3.2612801348363973e-16
3.71  1.2628786905111156e-15  1.3877787807814457e-17  2.914335439641036e-16  1.4363510381087963e-15
3.72  2.914335439641036e-16  1.2281842209915794e-15  1.2073675392798577e-15  -5.273559366969494e-16
3.73  6.38378239159465e-16  -4.371503159461554e-16  1.0685896612017132e-15  7.216449660063518e-16
3.74  3.7470027081099033e-16  8.396061623727746e-16  3.0531133177191805e-16  -6.938893903907228e-17
3.75  6.106226635438361e-16  1.734723475976807e-16  1.0685896612017132e-15  5.551115123125783e-16
3.7600000000000002  5.551115123125783e-16  9.71445146547012e-16  4.996003610813204e-16  1.3877787807814457e-17
3.77  4.440892098500626e-16  3.608224830031759e-16  1.3877787807814457e-15  3.469446951953614e-16
3.7800000000000002  1.3183898417423734e-15  7.840950111415168e-16  3.3306690738754696e-16  2.7755575615628914e-17
3.79  3.7470027081099033e-16  -6.245004513516506e-17  1.4016565685892601e-15  5.412337245047638e-16
3.8000000000000003  1.5265566588595902e-15  5.551115123125783e-16  3.608224830031759e-16  1.3877787807814457e-17
3.81  4.718447854656915e-16  4.163336342344337e-16  1.429412144204889e-15  -3.0531133177191805e-16
3.8200000000000003  1.1518563880486e-15  -1.0408340855860843e-16  7.494005416219807e-16  4.718447854656915e-16
3.83  8.187894806610529e-16  -9.020562075079397e-17  7.494005416219807e-16  -1.942890293094024e-16
3.84  5.689893001203927e-16  -2.8449465006019636e-16  1.0408340855860843e-15  4.718447854656915e-16
3.85  3.885780586188048e-16  5.412337245047638e-16  6.38378239159465e-16  -3.3306690738754696e-16
3.86  4.718447854656915e-16  4.371503159461554e-16  1.0685896612017132e-15  5.551115123125783e-17
3.87  4.996003610813204e-16  1.249000902703301e-16  1.0269562977782698e-15  5.134781488891349e-16
3.88  1.3877787807814457e-15  3.7470027081099033e-16  2.7755575615628914e-16  2.7755575615628914e-17
3.89  5.273559366969494e-16  6.522560269672795e-16  1.8318679906315083e-15  -1.5265566588595902e-16
3.9  6.938893903907228e-16  -1.942890293094024e-16  9.71445146547012e-16  1.942890293094024e-16
3.91  1.5404344466674047e-15  2.7755575615628914e-16  5.828670879282072e-16  -3.191891195797325e-16
3.92  -8.326672684688674e-17  -1.3877787807814457e-17  1.5959455978986625e-15  1.1102230246251565e-16
3.93  1.4432899320127035e-15  2.636779683484747e-16  3.0531133177191805e-16  -8.326672684688674e-17
3.94  3.608224830031759e-16  6.938893903907228e-16  1.6792123247455493e-15  -5.412337245047638e-16
3.95  1.5265566588595902e-15  -4.440892098500626e-16  2.914335439641036e-16  6.522560269672795e-16
3.96  8.881784197001252e-16  4.996003610813204e-16  1.4988010832439613e-15  -9.159339953157541e-16
3.97  7.077671781985373e-16  -5.689893001203927e-16  1.0269562977782698e-15  4.3021142204224816e-16
3.98  9.298117831235686e-16  -4.163336342344337e-17  7.771561172376096e-16  -8.604228440844963e-16
3.99  5.273559366969494e-16  6.938893903907228e-16  9.298117831235686e-16  -2.220446049250313e-16
4.0  1.096345236817342e-15  -9.575673587391975e-16  8.187894806610529e-16  9.71445146547012e-17
4.01  8.604228440844963e-16  9.43689570931383e-16  9.298117831235686e-16  -8.049116928532385e-16
4.0200000000000005  3.608224830031759e-16  -1.1518563880486e-15  1.0685896612017132e-15  4.579669976578771e-16
4.03  1.4432899320127035e-15  1.3183898417423734e-15  9.71445146547012e-17  -1.1518563880486e-15
4.04  1.3877787807814457e-16  -1.1657341758564144e-15  1.7486012637846216e-15  1.0547118733938987e-15
4.05  1.2073675392798577e-15  8.465450562766819e-16  -2.7755575615628914e-17  -1.0130785099704553e-15
4.0600000000000005  9.020562075079397e-16  -1.6653345369377348e-16  1.5959455978986625e-15  1.1657341758564144e-15
4.07  8.465450562766819e-16  2.220446049250313e-16  1.457167719820518e-15  -8.326672684688674e-16
4.08  1.4016565685892601e-15  -2.0816681711721685e-16  1.609823385706477e-15  1.249000902703301e-16
4.09  6.38378239159465e-16  -3.885780586188048e-16  9.853229343548264e-16  -8.604228440844963e-16
4.1  1.457167719820518e-15  8.743006318923108e-16  1.0824674490095276e-15  -1.0269562977782698e-15
4.11  3.3306690738754696e-16  -1.2490009027033011e-15  1.2906342661267445e-15  9.71445146547012e-17
4.12  2.1649348980190553e-15  5.689893001203927e-16  5.551115123125783e-17  -7.077671781985373e-16
4.13  1.3877787807814457e-16  -9.575673587391975e-16  1.8041124150158794e-15  -1.1102230246251565e-16
4.14  1.2073675392798577e-15  6.800116025829084e-16  5.551115123125783e-16  -1.124100812432971e-15
4.15  8.187894806610529e-16  -1.1657341758564144e-15  1.6237011735142914e-15  7.077671781985373e-16
4.16  1.3600232051658168e-15  5.134781488891349e-16  7.008282842946301e-16  -1.8041124150158794e-15
4.17  1.1796119636642288e-15  -8.326672684688674e-16  1.1379786002407855e-15  1.942890293094024e-16
4.18  8.465450562766819e-16  -6.661338147750939e-16  9.853229343548264e-16  -1.4155343563970746e-15
4.19  8.187894806610529e-16  -2.220446049250313e-16  5.412337245047638e-16  -2.914335439641036e-16
4.2  6.522560269672795e-16  -1.0685896612017132e-15  1.3877787807814457e-15  -5.551115123125783e-16
4.21  8.604228440844963e-16  1.6653345369377348e-16  2.8449465006019636e-16  -1.0824674490095276e-15
4.22  1.2212453270876722e-15  -1.0269562977782698e-15  7.840950111415168e-16  -1.3877787807814457e-16
4.23  -4.163336342344337e-17  -5.551115123125783e-17  9.853229343548264e-16  -1.3739009929736312e-15
4.24  1.1518563880486e-15  -9.020562075079397e-16  3.95516952522712e-16  3.885780586188048e-16
4.25  1.1102230246251565e-16  -2.914335439641036e-16  1.214306433183765e-15  -1.3322676295501878e-15
4.26  1.304512053934559e-15  6.938893903907228e-17  -2.220446049250313e-16  -6.661338147750939e-16
4.2700000000000005  2.498001805406602e-16  -1.1518563880486e-15  9.853229343548264e-16  -2.7755575615628914e-17
4.28  6.938893903907228e-16  0.0  1.249000902703301e-16  -4.163336342344337e-16
4.29  2.220446049250313e-16  -2.498001805406602e-16  1.2559397966072083e-15  5.551115123125783e-17
4.3  5.828670879282072e-16  0.0  1.0547118733938987e-15  -4.85722573273506e-16
4.3100000000000005  1.4710455076283324e-15  -2.3592239273284576e-16  5.551115123125783e-17  -2.914335439641036e-16
4.32  2.914335439641036e-16  -1.8041124150158794e-16  1.304512053934559e-15  -6.800116025829084e-16
4.33  4.0245584642661925e-16  -5.967448757360216e-16  5.620504062164855e-16  3.191891195797325e-16
4.34  8.604228440844963e-16  1.942890293094024e-16  1.0685896612017132e-15  -6.938893903907228e-17
4.3500000000000005  7.147060721024445e-16  -2.3592239273284576e-16  1.2698175844150228e-15  -3.3306690738754696e-16
4.36  1.0477729794899915e-15  2.3592239273284576e-16  1.3600232051658168e-15  -5.273559366969494e-16
4.37  1.1310397063368782e-15  -5.828670879282072e-16  1.061650767297806e-15  -9.43689570931383e-16
4.38  5.273559366969494e-16  -2.914335439641036e-16  9.298117831235686e-16  -4.0245584642661925e-16
4.39  1.304512053934559e-15  -8.187894806610529e-16  7.424616477180734e-16  -2.7755575615628914e-16
4.4  2.0816681711721685e-16  1.6653345369377348e-16  1.0894063429134349e-15  -9.159339953157541e-16
4.41  1.2559397966072083e-15  -8.326672684688674e-17  5.065392549852277e-16  -4.85722573273506e-16
4.42  3.400058012914542e-16  -6.245004513516506e-16  1.7277845820728999e-15  2.498001805406602e-16
4.43  1.817990202823694e-15  0.0  5.412337245047638e-16  -1.582067810090848e-15
4.44  4.0245584642661925e-16  -1.2490009027033011e-15  7.91033905045424e-16  0.0
4.45  4.163336342344337e-16  1.942890293094024e-16  8.187894806610529e-16  -1.1934897514720433e-15
4.46  5.828670879282072e-16  -2.7755575615628914e-16  4.0245584642661925e-16  3.469446951953614e-16
4.47  1.27675647831893e-15  2.220446049250313e-16  1.4155343563970746e-15  -4.440892098500626e-16
4.48  9.645062526431047e-16  -7.632783294297951e-16  6.938893903907228e-16  -1.5265566588595902e-16
4.49  6.800116025829084e-16  4.996003610813204e-16  1.6445178552260131e-15  -4.579669976578771e-16
4.5  1.9220736113823023e-15  -9.71445146547012e-16  6.522560269672795e-16  2.7755575615628914e-17
4.51  3.608224830031759e-16  -5.551115123125783e-17  2.3245294578089215e-15  -5.412337245047638e-16
4.5200000000000005  1.7694179454963432e-15  -6.106226635438361e-16  1.1449174941446927e-15  -9.575673587391975e-16
4.53  5.065392549852277e-16  -7.632783294297951e-16  1.9984014443252818e-15  -7.632783294297951e-16
4.54  1.797173521111972e-15  -3.469446951953614e-16  4.0245584642661925e-16  -1.7763568394002505e-15
4.55  7.563394355258879e-16  -9.43689570931383e-16  8.81239525796218e-16  -3.3306690738754696e-16
4.5600000000000005  8.951173136040325e-16  -3.3306690738754696e-16  1.5890067039947553e-15  -1.124100812432971e-15
4.57  9.298117831235686e-16  -1.4016565685892601e-15  9.783840404509192e-16  -4.718447854656915e-16
4.58  9.43689570931383e-16  -5.551115123125783e-17  1.2212453270876722e-15  -1.582067810090848e-15
4.59  1.5681900222830336e-15  -9.159339953157541e-16  -6.938893903907228e-17  -1.2351231148954867e-15
4.6000000000000005  1.0408340855860843e-16  -7.632783294297951e-16  1.6583956430338276e-15  -5.412337245047638e-16
4.61  1.4363510381087963e-15  -1.2073675392798577e-15  2.0122792321330962e-16  -9.159339953157541e-16
4.62  1.457167719820518e-16  -1.2906342661267445e-15  1.2836953722228372e-15  6.938893903907228e-17
4.63  1.0824674490095276e-15  2.7755575615628914e-17  7.632783294297951e-16  -1.9290125052862095e-15
4.64  -1.942890293094024e-16  -1.2628786905111156e-15  1.0269562977782698e-15  -3.469446951953614e-16
4.65  3.608224830031759e-16  2.7755575615628914e-16  1.2004286453759505e-15  -1.2490009027033011e-15
4.66  1.4432899320127035e-15  -8.326672684688674e-16  -2.914335439641036e-16  -5.689893001203927e-16
4.67  3.191891195797325e-16  -1.6653345369377348e-16  1.3114509478384662e-15  -2.498001805406602e-16
4.68  1.186550857568136e-15  -3.7470027081099033e-16  7.7021722333370235e-16  -1.0824674490095276e-15
4.69  1.942890293094024e-16  -4.3021142204224816e-16  1.457167719820518e-15  -3.191891195797325e-16
4.7  1.6653345369377348e-15  -3.191891195797325e-16  5.93275428784068e-16  -1.1379786002407855e-15
4.71  8.743006318923108e-16  -1.1657341758564144e-15  6.38378239159465e-16  -2.498001805406602e-16
4.72  3.7470027081099033e-16  -6.938893903907228e-17  1.4536982728685643e-15  -7.91033905045424e-16
4.73  1.3530843112619095e-15  -4.3021142204224816e-16  8.014422459012849e-16  -8.881784197001252e-16
4.74  4.2327252813834093e-16  -7.632783294297951e-16  1.6237011735142914e-15  -2.498001805406602e-16
4.75  1.4016565685892601e-15  -2.220446049250313e-16  1.2004286453759505e-15  -1.1657341758564144e-15
4.76  1.061650767297806e-15  -7.216449660063518e-16  1.1032841307212493e-15  -9.853229343548264e-16
4.7700000000000005  9.645062526431047e-16  -1.3877787807814457e-17  1.3461454173580023e-15  -1.5265566588595902e-15
4.78  1.734723475976807e-15  -9.992007221626409e-16  6.002143226879753e-16  -9.298117831235686e-16
4.79  9.506284648352903e-16  -1.2628786905111156e-15  1.1622647289044608e-15  -5.551115123125783e-16
4.8  1.2073675392798577e-15  -7.494005416219807e-16  1.0685896612017132e-15  -1.4155343563970746e-15
4.8100000000000005  8.743006318923108e-16  -1.1796119636642288e-15  8.118505867571457e-16  -1.1796119636642288e-15
4.82  5.689893001203927e-16  -7.494005416219807e-16  1.0651202142497596e-15  -1.1379786002407855e-15
4.83  9.228728892196614e-16  -1.0269562977782698e-15  3.7816971776294395e-16  -8.881784197001252e-16
4.84  4.3021142204224816e-16  -8.187894806610529e-16  1.0477729794899915e-15  -5.551115123125783e-16
4.8500000000000005  1.0547118733938987e-15  -3.469446951953614e-16  6.696032617270475e-16  -1.0685896612017132e-15
4.86  6.453171330633722e-16  -5.273559366969494e-16  1.1657341758564144e-15  -6.38378239159465e-16
4.87  9.575673587391975e-16  -6.106226635438361e-16  1.3912482277333993e-15  -9.159339953157541e-16
4.88  1.4606371667724716e-15  -8.049116928532385e-16  5.48172618408671e-16  -9.992007221626409e-16
4.89  7.216449660063518e-16  -1.1379786002407855e-15  1.033895191682177e-15  -6.661338147750939e-16
4.9  6.696032617270475e-16  -1.6653345369377348e-16  1.186550857568136e-15  -9.853229343548264e-16
4.91  1.2524703496552547e-15  -9.71445146547012e-16  1.3287981825982342e-15  -5.828670879282072e-16
4.92  8.81239525796218e-16  -8.049116928532385e-16  1.4398204850607499e-15  -1.0269562977782698e-15
4.93  1.2698175844150228e-15  -4.163336342344337e-16  1.169203622808368e-15  -1.609823385706477e-15
4.94  1.0894063429134349e-15  -9.992007221626409e-16  1.0061396160665481e-15  -1.0824674490095276e-15
4.95  1.2698175844150228e-15  -1.1796119636642288e-15  1.096345236817342e-15  -1.0824674490095276e-15
4.96  1.0581813203458523e-15  -1.3183898417423734e-15  5.707240235963695e-16  -1.4016565685892601e-15
4.97  2.220446049250313e-16  -9.020562075079397e-16  1.1258355359089478e-15  -8.881784197001252e-16
4.98  7.389922007661198e-16  -6.661338147750939e-16  1.1449174941446927e-15  -9.992007221626409e-16
4.99  1.2732870313669764e-15  -9.71445146547012e-16  5.950101522600448e-16  -9.298117831235686e-16
5.0  5.204170427930421e-16  -6.661338147750939e-16  1.3565537582138631e-15  -1.2073675392798577e-15
5.01  7.945033519973776e-16  -7.077671781985373e-16  1.0633854907737827e-15  -1.1102230246251565e-15
5.0200000000000005  7.112366251504909e-16  -9.159339953157541e-16  8.690964614643804e-16  -7.632783294297951e-16
5.03  1.6792123247455493e-15  -5.551115123125783e-17  6.730727086790012e-16  -1.27675647831893e-15
5.04  9.922618282587337e-16  -1.4016565685892601e-15  1.6445178552260131e-15  -7.494005416219807e-16
5.05  7.494005416219807e-16  -1.0547118733938987e-15  1.1882855810441129e-15  -1.3739009929736312e-15
5.0600000000000005  8.673617379884035e-16  -9.298117831235686e-16  7.788908407135864e-16  -1.0547118733938987e-15
5.07  8.153200337090993e-16  -5.689893001203927e-16  8.309325449928906e-16  -1.2212453270876722e-15
5.08  1.1587952819525071e-15  -6.106226635438361e-16  7.216449660063518e-16  -7.216449660063518e-16
5.09  8.777700788442644e-16  -8.604228440844963e-16  1.7520707107365752e-15  -5.828670879282072e-16
5.1000000000000005  1.1934897514720433e-15  -9.853229343548264e-16  1.0685896612017132e-15  -1.2073675392798577e-15
5.11  8.465450562766819e-16  -6.38378239159465e-16  1.420738526825005e-15  -9.43689570931383e-16
5.12  1.429412144204889e-15  -6.661338147750939e-16  1.1874182193061245e-15  -1.5265566588595902e-15
5.13  8.534839501805891e-16  -1.0408340855860843e-15  9.055256544598933e-16  -8.604228440844963e-16
5.14  1.016547956922409e-15  -5.689893001203927e-16  1.726049858596923e-15  -9.71445146547012e-16
5.15  1.5057399771478686e-15  -8.326672684688674e-16  1.061650767297806e-15  -1.2212453270876722e-15
5.16  1.6150275561344074e-15  -9.992007221626409e-16  1.1466522176206695e-15  -1.0269562977782698e-15
5.17  1.2420620087993939e-15  -9.575673587391975e-16  1.6237011735142914e-15  -1.4016565685892601e-15
5.18  8.205242041370298e-16  -1.6514567491299204e-15  1.4536982728685643e-15  -9.992007221626409e-16
5.19  1.1223660889569942e-15  -7.355227538141662e-16  1.3010426069826053e-15  -1.1379786002407855e-15
5.2  1.519617764955683e-15  -8.604228440844963e-16  1.4892601041260889e-15  -1.2490009027033011e-15
5.21  1.366962099069724e-15  -1.0685896612017132e-15  1.79283671242203e-15  -1.582067810090848e-15
5.22  1.1483869410966463e-15  -1.429412144204889e-15  1.5877056613877727e-15  -1.6792123247455493e-15
5.23  1.1917550279960665e-15  -1.4155343563970746e-15  1.1184629611360464e-15  -1.4155343563970746e-15
5.24  9.402201239794294e-16  -9.298117831235686e-16  1.4213890481284963e-15  -1.5404344466674047e-15
5.25  1.5872719805187785e-15  -1.0547118733938987e-15  1.3755272962323595e-15  -1.6375789613221059e-15
5.26  1.1275702593849246e-15  -1.4155343563970746e-15  1.2851319401013805e-15  -1.915134717478395e-15
5.2700000000000005  9.419548474554063e-16  -1.609823385706477e-15  1.1556510956522992e-15  -1.3600232051658168e-15
5.28  8.257283745649602e-16  -1.1379786002407855e-15  1.2346894340264924e-15  -1.3739009929736312e-15
5.29  1.4866580189121237e-15  -8.326672684688674e-16  1.1522900689175941e-15  -1.7208456881689926e-15
5.3  1.061650767297806e-15  -1.3322676295501878e-15  1.4645402945934194e-15  -1.4710455076283324e-15
5.3100000000000005  1.0850695342234928e-15  -1.457167719820518e-15  1.569057384021022e-15  -1.5265566588595902e-15
5.32  9.593020822151743e-16  -1.304512053934559e-15  1.2498682644412895e-15  -1.8318679906315083e-15
5.33  9.861902960928148e-16  -9.298117831235686e-16  1.0343288725511712e-15  -1.609823385706477e-15
5.34  1.5057399771478686e-15  -9.71445146547012e-16  1.193056070603049e-15  -1.6375789613221059e-15
5.3500000000000005  1.0226194890883278e-15  -1.0547118733938987e-15  1.465841337200402e-15  -1.6375789613221059e-15
5.36  1.4398204850607499e-15  -1.7763568394002505e-15  1.3860440573054689e-15  -1.27675647831893e-15
5.37  1.003537530852583e-15  -1.1657341758564144e-15  1.2420620087993939e-15  -2.1649348980190553e-15
5.38  9.93129189996722e-16  -9.853229343548264e-16  1.2533377113932431e-15  -1.9012569296705806e-15
5.39  1.3526506303929153e-15  -1.457167719820518e-15  7.008282842946301e-16  -1.6375789613221059e-15
5.4  1.0742275124986378e-15  -1.0824674490095276e-15  1.038232000372119e-15  -1.4016565685892601e-15
5.41  1.0750948742366262e-15  -9.43689570931383e-16  1.4693107841523556e-15  -1.5959455978986625e-15
5.42  1.4888264232570947e-15  -1.915134717478395e-15  1.339206523454095e-15  -1.0824674490095276e-15
5.43  9.666746569880758e-16  -8.604228440844963e-16  1.2177758801357186e-15  -2.0816681711721685e-15
5.44  1.394717674685353e-15  -8.465450562766819e-16  1.3565537582138631e-15  -1.9845236565174673e-15
5.45  1.0169816377914032e-15  -1.7208456881689926e-15  1.3027773304585821e-15  -1.5681900222830336e-15
5.46  1.3869114190434573e-15  -1.3183898417423734e-15  9.454242944073599e-16  -1.1796119636642288e-15
5.47  1.6930901125533637e-15  -1.0408340855860843e-15  1.2472661792273243e-15  -1.6375789613221059e-15
5.48  1.1340754724198376e-15  -1.2906342661267445e-15  2.1111584702637742e-15  -1.9984014443252818e-15
5.49  1.2949710748166865e-15  -1.457167719820518e-15  1.2975731600306517e-15  -2.040034807748725e-15
5.5  1.4059933772792022e-15  -1.6653345369377348e-15  1.3235940121703038e-15  -1.2351231148954867e-15
5.51  1.7585759237714882e-15  -1.3877787807814457e-15  1.3773704399255848e-15  -2.3592239273284576e-15
5.5200000000000005  1.2888995426507677e-15  -1.8041124150158794e-15  1.061650767297806e-15  -2.0539125955565396e-15
5.53  4.584006785268713e-16  -1.3739009929736312e-15  1.3895135042574225e-15  -2.0261570199409107e-15
5.54  1.1505553454416173e-15  -1.6930901125533637e-15  1.2437967322753707e-15  -1.2351231148954867e-15
5.55  1.149687983703629e-15  -1.304512053934559e-15  1.1934897514720433e-15  -1.8596235662471372e-15
5.5600000000000005  1.654926196081874e-15  -7.355227538141662e-16  8.760353553682876e-16  -2.248201624865942e-15
5.57  9.384854005034526e-16  -1.790234627208065e-15  1.736458199452784e-15  -1.609823385706477e-15
5.58  9.6710833785707e-16  -1.2490009027033011e-15  1.2750217548429532e-15  -1.6653345369377348e-15
5.59  1.848347863653288e-15  -1.4710455076283324e-15  9.384854005034526e-16  -1.4432899320127035e-15
5.6000000000000005  1.502270530195915e-15  -8.881784197001252e-16  1.6080886622305002e-15  -1.8596235662471372e-15
5.61  1.3955850364233413e-15  -1.9567680809018384e-15  2.0261570199409107e-15  -1.6792123247455493e-15
5.62  1.0902737046514233e-15  -1.4432899320127035e-15  1.8665624601510444e-15  -2.1649348980190553e-15
5.63  1.6627324517237696e-15  -1.4710455076283324e-15  1.349614864309956e-15  -2.456368441983159e-15
5.64  1.523954573645625e-15  -1.0547118733938987e-15  1.0894063429134349e-15  -2.67841304690819e-15
5.65  1.6688039838896884e-15  -2.040034807748725e-15  1.016547956922409e-15  -1.5681900222830336e-15
5.66  1.6323747908941755e-15  -1.6375789613221059e-15  1.4641066137244252e-15  -1.8735013540549517e-15
5.67  1.5265566588595902e-15  -1.7763568394002505e-15  1.6063539387545234e-15  -2.42861286636753e-15
5.68  1.1848161340921592e-15  -2.3592239273284576e-15  1.2906342661267445e-15  -1.8318679906315083e-15
5.69  1.1639994523804376e-15  -1.6792123247455493e-15  1.4328815911568427e-15  -2.4424906541753444e-15
5.7  1.1830814106161824e-15  -1.6792123247455493e-15  9.645062526431047e-16  -2.248201624865942e-15
5.71  1.124100812432971e-15  -1.304512053934559e-15  1.3183898417423734e-15  -1.970645868709653e-15
5.72  1.2732870313669764e-15  -1.5681900222830336e-15  1.6063539387545234e-15  -2.0539125955565396e-15
5.73  1.9186041644303486e-15  -1.790234627208065e-15  1.0061396160665481e-15  -1.8735013540549517e-15
5.74  1.1483869410966463e-15  -1.7208456881689926e-15  1.6965595595053173e-15  -2.1788126858268697e-15
5.75  1.4675760606763788e-15  -1.1379786002407855e-15  1.3114509478384662e-15  -2.3037127760972e-15
5.76  1.4762496780562628e-15  -2.1649348980190553e-15  1.8457457784393227e-15  -1.7763568394002505e-15
5.7700000000000005  1.6601303665098044e-15  -1.1379786002407855e-15  1.3877787807814457e-15  -2.4702462297909733e-15
5.78  2.085137618124122e-15  -1.9567680809018384e-15  1.654926196081874e-15  -2.123301534595612e-15
5.79  1.5629858518551032e-15  -2.0261570199409107e-15  1.5543122344752192e-15  -2.525757381022231e-15
5.8  1.3617579286417936e-15  -1.8596235662471372e-15  1.7416623698807143e-15  -2.4147350785597155e-15
5.8100000000000005  1.5612511283791264e-15  -1.582067810090848e-15  1.4363510381087963e-15  -2.525757381022231e-15
5.82  2.123301534595612e-15  -1.9290125052862095e-15  1.4849232954361469e-15  -2.2898349882893854e-15
5.83  1.9914625504213745e-15  -2.123301534595612e-15  1.627170620466245e-15  -2.7755575615628914e-15
5.84  1.4849232954361469e-15  -2.3869795029440866e-15  1.474514954580286e-15  -2.7755575615628914e-15
5.8500000000000005  1.5300261058115439e-15  -2.0122792321330962e-15  1.3114509478384662e-15  -2.609024107869118e-15
5.86  1.8839096949108125e-15  -2.3314683517128287e-15  1.4155343563970746e-15  -2.5396351688300456e-15
5.87  1.582067810090848e-15  -2.2898349882893854e-15  1.0512424264419451e-15  -2.7478019859472624e-15
5.88  1.3808398868775384e-15  -2.1371793224034263e-15  1.5751289161869408e-15  -2.3592239273284576e-15
5.89  1.6583956430338276e-15  -2.220446049250313e-15  1.2663481374630692e-15  -2.525757381022231e-15
5.9  1.9810542095655137e-15  -2.0539125955565396e-15  1.3739009929736312e-15  -2.4147350785597155e-15
5.91  1.7659484985443896e-15  -2.6506574712925612e-15  1.942890293094024e-15  -2.6229018956769323e-15
5.92  1.214306433183765e-15  -2.9282132274488504e-15  1.7763568394002505e-15  -2.9837243786801082e-15
5.93  1.141448047192739e-15  -2.2620794126737565e-15  9.8879238130678e-16  -3.2751579226442118e-15
5.94  1.2836953722228372e-15  -1.582067810090848e-15  8.534839501805891e-16  -3.191891195797325e-15
5.95  1.6514567491299204e-15  -2.858824288409778e-15  1.1379786002407855e-15  -1.7763568394002505e-15
5.96  1.4190038033490282e-15  -2.192690473634684e-15  1.2490009027033011e-15  -2.8171909249863347e-15
5.97  1.4883927423881005e-15  -1.8596235662471372e-15  1.3600232051658168e-15  -2.581268532253489e-15
5.98  1.5577816814271728e-15  -2.6367796834847468e-15  1.9845236565174673e-15  -2.4702462297909733e-15
5.99  1.700029006457271e-15  -2.1649348980190553e-15  1.3739009929736312e-15  -2.914335439641036e-15
6.0  1.7832957333041577e-15  -2.2898349882893854e-15  1.5404344466674047e-15  -3.1780134079895106e-15
6.01  1.8006429680639258e-15  -2.3314683517128287e-15  1.3357370765021415e-15  -2.942091015256665e-15
6.0200000000000005  1.6688039838896884e-15  -3.0531133177191805e-15  1.6237011735142914e-15  -2.7200464103316335e-15
6.03  1.519617764955683e-15  -2.5673907444456745e-15  1.394717674685353e-15  -2.7755575615628914e-15
6.04  1.6930901125533637e-15  -2.123301534595612e-15  1.8318679906315083e-15  -3.8441472227646045e-15
6.05  1.7763568394002505e-15  -2.9004576518332215e-15  1.1726730697603216e-15  -2.8449465006019636e-15
6.0600000000000005  1.3808398868775384e-15  -2.831068712794149e-15  1.797173521111972e-15  -3.1363800445660672e-15
6.07  2.0816681711721685e-15  -2.525757381022231e-15  1.1657341758564144e-15  -3.4833247397614286e-15
6.08  1.7139067942650854e-15  -2.6645352591003757e-15  1.3253287356462806e-15  -3.802513859341161e-15
6.09  1.5265566588595902e-15  -3.2890357104520263e-15  1.2073675392798577e-15  -3.1502578323738817e-15
6.1000000000000005  1.824929096727601e-15  -3.316791286067655e-15  1.27675647831893e-15  -3.469446951953614e-15
6.11  1.1969591984239969e-15  -3.3584246494910985e-15  7.494005416219807e-16  -3.6637359812630166e-15
6.12  1.0894063429134349e-15  -3.1780134079895106e-15  1.0408340855860843e-15  -3.58046925441613e-15
6.13  9.71445146547012e-16  -2.7200464103316335e-15  7.355227538141662e-16  -3.774758283725532e-15
6.140000000000001  9.575673587391975e-16  -3.400058012914542e-15  7.771561172376096e-16  -2.8171909249863347e-15
6.15  1.4190038033490282e-15  -2.7478019859472624e-15  5.273559366969494e-16  -3.3861802251067274e-15
6.16  1.0685896612017132e-15  -2.42861286636753e-15  8.465450562766819e-16  -3.5388358909926865e-15
6.17  1.2524703496552547e-15  -3.2612801348363973e-15  1.2559397966072083e-15  -2.858824288409778e-15
6.18  1.339206523454095e-15  -3.316791286067655e-15  7.355227538141662e-16  -3.2612801348363973e-15
6.19  8.673617379884035e-16  -2.581268532253489e-15  8.673617379884035e-16  -3.6914915568786455e-15
6.2  1.3183898417423734e-15  -2.831068712794149e-15  9.853229343548264e-16  -3.191891195797325e-15
6.21  1.4363510381087963e-15  -2.733924198139448e-15  6.938893903907228e-16  -3.802513859341161e-15
6.22  1.231653667943533e-15  -3.469446951953614e-15  8.049116928532385e-16  -2.831068712794149e-15
6.23  1.4363510381087963e-15  -2.761679773755077e-15  7.355227538141662e-16  -3.524958103184872e-15
6.24  1.3183898417423734e-15  -2.886579864025407e-15  1.0408340855860843e-15  -3.58046925441613e-15
6.25  1.4363510381087963e-15  -3.4139358007223564e-15  7.494005416219807e-16  -3.2751579226442118e-15
6.26  1.717376241217039e-15  -3.1502578323738817e-15  3.7470027081099033e-16  -3.3861802251067274e-15
6.2700000000000005  8.743006318923108e-16  -3.70536934468646e-15  1.304512053934559e-15  -2.9698465908722937e-15
6.28  1.366962099069724e-15  -2.9698465908722937e-15  9.08995101411847e-16  -3.58046925441613e-15
6.29  1.4779844015322396e-15  -3.497202527569243e-15  9.159339953157541e-16  -3.497202527569243e-15
6.3  1.2073675392798577e-15  -3.747002708109903e-15  8.81239525796218e-16  -3.469446951953614e-15
6.3100000000000005  8.326672684688674e-16  -3.6914915568786455e-15  9.992007221626409e-16  -3.635980405647388e-15
6.32  9.367506770274758e-16  -3.4416913763379853e-15  7.077671781985373e-16  -3.3861802251067274e-15
6.33  4.2327252813834093e-16  -3.608224830031759e-15  1.2004286453759505e-15  -3.594347042223944e-15
6.34  1.0408340855860843e-15  -2.456368441983159e-15  7.147060721024445e-16  -4.246603069191224e-15
6.3500000000000005  1.0269562977782698e-15  -3.58046925441613e-15  5.967448757360216e-16  -3.774758283725532e-15
6.36  1.3183898417423734e-15  -3.7192471324942744e-15  -3.885780586188048e-16  -3.1225022567582528e-15
6.37  1.3183898417423734e-16  -3.164135620181696e-15  1.4849232954361469e-15  -3.094746681142624e-15
6.38  9.783840404509192e-16  -2.7200464103316335e-15  9.71445146547012e-16  -3.733124920302089e-15
6.390000000000001  1.5681900222830336e-15  -3.039235529911366e-15  7.632783294297951e-16  -3.9968028886505635e-15
6.4  9.43689570931383e-16  -3.885780586188048e-15  6.245004513516506e-16  -3.774758283725532e-15
6.41  9.853229343548264e-16  -3.2751579226442118e-15  2.0122792321330962e-16  -3.4555691641457997e-15
6.42  1.1796119636642288e-15  -3.0531133177191805e-15  5.412337245047638e-16  -3.524958103184872e-15
6.43  9.783840404509192e-16  -3.5388358909926865e-15  9.853229343548264e-16  -3.3306690738754696e-15
6.44  9.08995101411847e-16  -3.6914915568786455e-15  1.033895191682177e-15  -3.247402347028583e-15
6.45  1.0894063429134349e-15  -3.3584246494910985e-15  9.853229343548264e-16  -3.913536161803677e-15
6.46  1.124100812432971e-15  -2.8727020762175925e-15  5.273559366969494e-16  -4.4825254619240695e-15
6.47  1.3461454173580023e-15  -3.70536934468646e-15  7.494005416219807e-16  -3.3584246494910985e-15
6.48  1.3114509478384662e-15  -4.288236432614667e-15  9.645062526431047e-16  -3.552713678800501e-15
6.49  9.922618282587337e-16  -3.58046925441613e-15  7.91033905045424e-16  -4.690692279041286e-15
6.5  5.551115123125783e-16  -4.2049697057677804e-15  4.579669976578771e-16  -3.9968028886505635e-15
6.51  7.008282842946301e-16  -3.039235529911366e-15  2.5673907444456745e-16  -4.3298697960381105e-15
6.5200000000000005  1.1587952819525071e-15  -4.121702978920894e-15  1.5959455978986625e-16  -3.316791286067655e-15
6.53  1.0547118733938987e-15  -3.497202527569243e-15  6.245004513516506e-16  -3.6914915568786455e-15
6.54  9.298117831235686e-16  -4.191091917959966e-15  9.298117831235686e-16  -3.7192471324942744e-15
6.55  7.077671781985373e-16  -3.747002708109903e-15  8.187894806610529e-16  -4.1772141301521515e-15
6.5600000000000005  6.938893903907228e-16  -3.70536934468646e-15  9.228728892196614e-16  -4.274358644806853e-15
6.57  1.0477729794899915e-15  -3.594347042223944e-15  4.0245584642661925e-16  -4.579669976578771e-15
6.58  1.4432899320127035e-15  -4.315992008230296e-15  2.7755575615628914e-17  -3.982925100842749e-15
6.59  1.0477729794899915e-15  -4.066191827689636e-15  2.5673907444456745e-16  -4.232725281383409e-15
6.6000000000000005  3.469446951953614e-16  -4.898859096158503e-15  1.0269562977782698e-15  -3.941291737419306e-15
6.61  4.2327252813834093e-16  -4.038436252074007e-15  4.2327252813834093e-16  -4.718447854656915e-15
6.62  5.759281940243e-16  -4.538036613155327e-15  -3.122502256758253e-16  -4.454769886308441e-15
6.63  -7.632783294297951e-17  -3.941291737419306e-15  6.245004513516506e-17  -4.288236432614667e-15
6.640000000000001  2.5673907444456745e-16  -3.70536934468646e-15  -5.551115123125783e-17  -4.135580766728708e-15
6.65  4.510281037539698e-16  -4.066191827689636e-15  1.249000902703301e-16  -3.70536934468646e-15
6.66  6.175615574477433e-16  -4.1772141301521515e-15  1.1102230246251565e-16  -4.121702978920894e-15
6.67  7.632783294297951e-17  -4.0245584642661925e-15  8.326672684688674e-17  -4.274358644806853e-15
6.68  -1.942890293094024e-16  -4.08006961549745e-15  6.938893903907228e-18  -4.08006961549745e-15
6.69  1.1102230246251565e-16  -3.191891195797325e-15  -4.3021142204224816e-16  -4.08006961549745e-15
6.7  6.314393452555578e-16  -3.83026943495679e-15  -6.938893903907228e-17  -3.3584246494910985e-15
6.71  2.1510571102112408e-16  -3.913536161803677e-15  4.85722573273506e-16  -3.747002708109903e-15
6.72  4.371503159461554e-16  -3.677613769070831e-15  3.95516952522712e-16  -4.2049697057677804e-15
6.73  4.440892098500626e-16  -3.927413949611491e-15  -1.8735013540549517e-16  -4.440892098500626e-15
6.74  -1.3183898417423734e-16  -3.622102617839573e-15  -2.0122792321330962e-16  -3.83026943495679e-15
6.75  7.7021722333370235e-16  -3.4416913763379853e-15  2.3592239273284576e-16  -3.524958103184872e-15
6.76  8.81239525796218e-16  -4.218847493575595e-15  6.938893903907228e-17  -3.608224830031759e-15
6.7700000000000005  6.106226635438361e-16  -3.760880495917718e-15  6.591949208711867e-16  -3.913536161803677e-15
6.78  6.453171330633722e-16  -4.052314039881821e-15  9.228728892196614e-16  -4.6629367034256575e-15
6.79  4.163336342344337e-17  -4.73232564246473e-15  4.163336342344337e-16  -4.288236432614667e-15
6.8  7.008282842946301e-16  -4.260480856999038e-15  -2.5673907444456745e-16  -4.385380947269368e-15
6.8100000000000005  4.649058915617843e-16  -3.969047313034935e-15  1.3877787807814457e-17  -4.746203430272544e-15
6.82  -2.220446049250313e-16  -4.3298697960381105e-15  5.342948306008566e-16  -4.649058915617843e-15
6.83  5.273559366969494e-16  -4.524158825347513e-15  -3.469446951953614e-16  -4.524158825347513e-15
6.84  -6.938893903907228e-18  -4.746203430272544e-15  -2.220446049250313e-16  -4.3298697960381105e-15
6.8500000000000005  1.3877787807814457e-16  -4.2049697057677804e-15  -4.371503159461554e-16  -4.773959005888173e-15
6.86  -7.979727989493313e-16  -3.774758283725532e-15  -1.5959455978986625e-16  -5.023759186428833e-15
6.87  3.8163916471489756e-16  -4.2049697057677804e-15  -9.228728892196614e-16  -3.95516952522712e-15
6.88  0.0  -4.218847493575595e-15  -5.759281940243e-16  -4.052314039881821e-15
6.890000000000001  3.7470027081099033e-16  -4.135580766728708e-15  -6.453171330633722e-16  -3.913536161803677e-15
6.9  -2.2898349882893854e-16  -4.440892098500626e-15  -9.71445146547012e-17  -3.95516952522712e-15
6.91  -3.8163916471489756e-16  -4.246603069191224e-15  4.926614671774132e-16  -3.927413949611491e-15
6.92  -1.1102230246251565e-16  -3.858025010572419e-15  8.326672684688674e-17  -4.954370247389761e-15
6.93  4.926614671774132e-16  -4.454769886308441e-15  -9.783840404509192e-16  -4.85722573273506e-15
6.94  -4.926614671774132e-16  -4.232725281383409e-15  -9.298117831235686e-16  -4.163336342344337e-15
6.95  -4.163336342344337e-17  -4.232725281383409e-15  -5.551115123125783e-16  -3.594347042223944e-15
6.96  -1.457167719820518e-16  -4.274358644806853e-15  1.5265566588595902e-16  -4.08006961549745e-15
6.97  -4.579669976578771e-16  -4.6351811278100286e-15  2.7755575615628914e-17  -4.343747583845925e-15
6.98  -2.7755575615628914e-16  -4.274358644806853e-15  -6.661338147750939e-16  -4.8155923693116165e-15
6.99  -6.453171330633722e-16  -3.608224830031759e-15  -7.91033905045424e-16  -4.773959005888173e-15
7.0  -1.942890293094024e-16  -4.010680676458378e-15  -8.465450562766819e-16  -4.052314039881821e-15
7.01  -5.551115123125783e-17  -4.260480856999038e-15  -9.43689570931383e-16  -3.552713678800501e-15
7.0200000000000005  -6.938893903907228e-18  -4.038436252074007e-15  -2.1510571102112408e-16  -3.6637359812630166e-15
7.03  2.7755575615628914e-16  -4.454769886308441e-15  1.249000902703301e-16  -3.969047313034935e-15
7.04  -5.689893001203927e-16  -4.454769886308441e-15  9.71445146547012e-17  -5.204170427930421e-15
7.05  -6.453171330633722e-16  -4.690692279041286e-15  -7.7021722333370235e-16  -4.121702978920894e-15
7.0600000000000005  -7.632783294297951e-16  -3.899658373995862e-15  -5.412337245047638e-16  -4.385380947269368e-15
7.07  1.734723475976807e-16  -3.6914915568786455e-15  -9.43689570931383e-16  -4.066191827689636e-15
7.08  4.787836793695988e-16  -4.163336342344337e-15  -2.7755575615628914e-16  -4.343747583845925e-15
7.09  -4.996003610813204e-16  -5.023759186428833e-15  5.551115123125783e-17  -4.413136522884997e-15
7.1000000000000005  -8.604228440844963e-16  -5.204170427930421e-15  -4.926614671774132e-16  -4.3021142204224816e-15
7.11  -6.869504964868156e-16  -4.232725281383409e-15  -1.4363510381087963e-15  -4.579669976578771e-15
7.12  -9.922618282587337e-16  -3.3861802251067274e-15  -4.3021142204224816e-16  -4.524158825347513e-15
7.13  -4.85722573273506e-16  -3.788636071533347e-15  -6.175615574477433e-16  -4.163336342344337e-15
7.140000000000001  1.457167719820518e-16  -4.871103520542874e-15  -7.771561172376096e-16  -3.469446951953614e-15
7.15  -7.632783294297951e-17  -4.440892098500626e-15  -8.465450562766819e-16  -4.066191827689636e-15
7.16  -1.186550857568136e-15  -4.3021142204224816e-15  2.7755575615628914e-17  -4.135580766728708e-15
7.17  -9.992007221626409e-16  -3.8441472227646045e-15  -1.5265566588595902e-16  -4.038436252074007e-15
7.18  -4.3021142204224816e-16  -3.552713678800501e-15  1.457167719820518e-16  -4.246603069191224e-15
7.19  8.187894806610529e-16  -4.4825254619240695e-15  -4.718447854656915e-16  -4.163336342344337e-15
7.2  -5.828670879282072e-16  -4.760081218080359e-15  2.0816681711721685e-16  -5.259681579161679e-15
7.21  -7.147060721024445e-16  -3.802513859341161e-15  -1.0477729794899915e-15  -5.4539706084710815e-15
7.22  -2.1510571102112408e-16  -4.760081218080359e-15  -8.326672684688674e-16  -3.635980405647388e-15
7.23  -4.787836793695988e-16  -4.773959005888173e-15  -4.0245584642661925e-16  -4.274358644806853e-15
7.24  -3.191891195797325e-16  -4.871103520542874e-15  -5.065392549852277e-16  -4.468647674116255e-15
7.25  -1.5265566588595902e-15  -4.08006961549745e-15  -3.122502256758253e-16  -5.551115123125783e-15
7.26  -9.645062526431047e-16  -4.427014310692812e-15  -1.1518563880486e-15  -4.288236432614667e-15
7.2700000000000005  -5.828670879282072e-16  -3.885780586188048e-15  -9.992007221626409e-16  -4.066191827689636e-15
7.28  -2.7755575615628914e-16  -4.343747583845925e-15  -5.412337245047638e-16  -4.038436252074007e-15
7.29  -5.551115123125783e-16  -4.191091917959966e-15  1.1102230246251565e-16  -4.690692279041286e-15
7.3  -8.465450562766819e-16  -4.746203430272544e-15  -1.249000902703301e-16  -5.134781488891349e-15
7.3100000000000005  -9.506284648352903e-16  -4.121702978920894e-15  -1.3461454173580023e-15  -5.467848396278896e-15
7.32  -8.187894806610529e-16  -4.427014310692812e-15  -1.2490009027033011e-15  -4.246603069191224e-15
7.33  -7.28583859910259e-16  -3.802513859341161e-15  -1.0685896612017132e-15  -4.524158825347513e-15
7.34  -4.0245584642661925e-16  -4.0245584642661925e-15  -7.355227538141662e-16  -4.163336342344337e-15
7.3500000000000005  -4.163336342344337e-16  -4.218847493575595e-15  -4.3021142204224816e-16  -4.8433479449272454e-15
7.36  -6.175615574477433e-16  -4.3021142204224816e-15  -7.494005416219807e-16  -4.649058915617843e-15
7.37  -8.326672684688674e-17  -4.315992008230296e-15  -8.881784197001252e-16  -4.6074255521944e-15
7.38  1.6653345369377348e-16  -4.801714581503802e-15  -1.1657341758564144e-15  -4.98212582300539e-15
7.390000000000001  -1.0408340855860843e-15  -5.009881398621019e-15  -9.298117831235686e-16  -4.718447854656915e-15
7.4  -1.0477729794899915e-15  -4.746203430272544e-15  -9.298117831235686e-16  -4.524158825347513e-15
7.41  -1.0061396160665481e-15  -4.496403249731884e-15  -9.575673587391975e-16  -4.524158825347513e-15
7.42  -3.677613769070831e-16  -4.413136522884997e-15  -1.2351231148954867e-15  -4.551914400963142e-15
7.43  -4.579669976578771e-16  -4.3021142204224816e-15  -6.800116025829084e-16  -4.9404924595819466e-15
7.44  -6.38378239159465e-16  -5.10702591327572e-15  -1.0130785099704553e-15  -4.912736883966318e-15
7.45  -1.0685896612017132e-15  -5.578870698741412e-15  -1.096345236817342e-15  -4.191091917959966e-15
7.46  -1.2212453270876722e-15  -4.593547764386585e-15  -1.1379786002407855e-15  -4.524158825347513e-15
7.47  -1.27675647831893e-15  -4.2049697057677804e-15  -3.608224830031759e-16  -4.746203430272544e-15
7.48  -7.7021722333370235e-16  -4.524158825347513e-15  -8.743006318923108e-16  -5.051514762044462e-15
7.49  -1.0061396160665481e-15  -4.288236432614667e-15  -4.163336342344337e-16  -5.245803791353865e-15
7.5  -3.95516952522712e-16  -5.412337245047638e-15  -1.429412144204889e-15  -5.2735593669694936e-15
7.51  -7.91033905045424e-16  -4.898859096158503e-15  -2.2065682614424986e-15  -5.093148125467906e-15
7.5200000000000005  -1.5612511283791264e-15  -4.8433479449272454e-15  -9.575673587391975e-16  -4.551914400963142e-15
7.53  -1.3253287356462806e-15  -4.871103520542874e-15  -9.298117831235686e-16  -4.718447854656915e-15
7.54  -9.43689570931383e-16  -5.190292640122607e-15  -1.1518563880486e-15  -4.8433479449272454e-15
7.55  -1.4085954624931674e-15  -5.093148125467906e-15  -1.4710455076283324e-15  -5.1486592766991635e-15
7.5600000000000005  -1.8388068845354155e-15  -4.454769886308441e-15  -1.3183898417423734e-15  -5.329070518200751e-15
7.57  -1.5334955527634975e-15  -4.551914400963142e-15  -1.4432899320127035e-15  -4.9960036108132044e-15
7.58  -1.457167719820518e-15  -5.1209037010835345e-15  -1.6930901125533637e-15  -4.440892098500626e-15
7.59  -1.2420620087993939e-15  -4.218847493575595e-15  -1.8041124150158794e-15  -4.746203430272544e-15
7.6000000000000005  -1.5126788710517758e-15  -4.3021142204224816e-15  -8.326672684688674e-16  -5.051514762044462e-15
7.61  -1.4641066137244252e-15  -4.926614671774132e-15  -1.2351231148954867e-15  -4.8155923693116165e-15
7.62  -1.0547118733938987e-15  -4.6351811278100286e-15  -1.7486012637846216e-15  -5.4539706084710815e-15
7.63  -1.3600232051658168e-15  -4.9404924595819466e-15  -2.3592239273284576e-15  -5.162537064506978e-15
7.640000000000001  -1.8457457784393227e-15  -4.551914400963142e-15  -1.762479051592436e-15  -4.135580766728708e-15
7.65  -1.1934897514720433e-15  -4.6629367034256575e-15  -1.4155343563970746e-15  -4.3021142204224816e-15
7.66  -1.6514567491299204e-15  -4.746203430272544e-15  -6.938893903907228e-16  -4.829470157119431e-15
7.67  -1.3600232051658168e-15  -5.023759186428833e-15  -1.4155343563970746e-15  -5.4817261840867104e-15
7.68  -1.6237011735142914e-15  -4.593547764386585e-15  -2.067790383364354e-15  -5.814793091474257e-15
7.69  -2.0261570199409107e-15  -5.1209037010835345e-15  -2.2620794126737565e-15  -4.9960036108132044e-15
7.7  -1.970645868709653e-15  -4.718447854656915e-15  -2.7755575615628914e-15  -4.3298697960381105e-15
7.71  -2.220446049250313e-15  -4.496403249731884e-15  -1.6653345369377348e-15  -3.802513859341161e-15
7.72  -1.9567680809018384e-15  -3.70536934468646e-15  -1.0685896612017132e-15  -4.690692279041286e-15
7.73  -1.3461454173580023e-15  -4.218847493575595e-15  -1.0547118733938987e-15  -5.037636974236648e-15
7.74  -1.0130785099704553e-15  -4.829470157119431e-15  -2.3314683517128287e-15  -5.4817261840867104e-15
7.75  -1.8596235662471372e-15  -4.690692279041286e-15  -2.2065682614424986e-15  -5.10702591327572e-15
7.76  -1.9567680809018384e-15  -5.134781488891349e-15  -2.373101715136272e-15  -4.107825191113079e-15
7.7700000000000005  -2.2620794126737565e-15  -4.218847493575595e-15  -1.7486012637846216e-15  -4.565792188770956e-15
7.78  -1.5681900222830336e-15  -3.899658373995862e-15  -1.8318679906315083e-15  -4.7878367936959876e-15
7.79  -1.4988010832439613e-15  -4.829470157119431e-15  -1.762479051592436e-15  -4.3576253716537394e-15
7.8  -1.2490009027033011e-15  -4.690692279041286e-15  -1.942890293094024e-15  -4.690692279041286e-15
7.8100000000000005  -2.0539125955565396e-15  -5.093148125467906e-15  -1.27675647831893e-15  -5.079270337660091e-15
7.82  -2.456368441983159e-15  -5.23192600354605e-15  -2.1649348980190553e-15  -5.023759186428833e-15
7.83  -2.6922908347160046e-15  -4.454769886308441e-15  -1.970645868709653e-15  -4.718447854656915e-15
7.84  -1.7763568394002505e-15  -3.747002708109903e-15  -2.3175905639050143e-15  -5.329070518200751e-15
7.8500000000000005  -2.55351295663786e-15  -4.7878367936959876e-15  -1.6514567491299204e-15  -4.73232564246473e-15
7.86  -1.8318679906315083e-15  -4.246603069191224e-15  -2.6367796834847468e-15  -4.85722573273506e-15
7.87  -2.123301534595612e-15  -4.288236432614667e-15  -2.373101715136272e-15  -5.065392549852277e-15
7.88  -2.2065682614424986e-15  -4.246603069191224e-15  -2.6506574712925612e-15  -4.551914400963142e-15
7.890000000000001  -1.8596235662471372e-15  -4.2049697057677804e-15  -2.1094237467877974e-15  -4.427014310692812e-15
7.9  -2.3869795029440866e-15  -4.9682480351975755e-15  -2.192690473634684e-15  -4.3576253716537394e-15
7.91  -2.0261570199409107e-15  -3.913536161803677e-15  -2.5396351688300456e-15  -5.218048215738236e-15
7.92  -2.4147350785597155e-15  -4.385380947269368e-15  -2.6645352591003757e-15  -4.496403249731884e-15
7.930000000000001  -2.55351295663786e-15  -4.288236432614667e-15  -2.1510571102112408e-15  -3.927413949611491e-15
7.94  -1.9012569296705806e-15  -4.6074255521944e-15  -2.123301534595612e-15  -4.551914400963142e-15
7.95  -2.7755575615628914e-15  -3.6914915568786455e-15  -2.3175905639050143e-15  -5.564992910933597e-15
7.96  -2.2898349882893854e-15  -4.218847493575595e-15  -2.8449465006019636e-15  -4.6074255521944e-15
7.97  -2.3037127760972e-15  -3.982925100842749e-15  -3.011479954295737e-15  -4.246603069191224e-15
7.98  -2.0261570199409107e-15  -4.163336342344337e-15  -2.7200464103316335e-15  -4.163336342344337e-15
7.99  -2.2343238370581275e-15  -4.191091917959966e-15  -2.248201624865942e-15  -4.274358644806853e-15
8.0  -2.4841240175987878e-15  -4.052314039881821e-15  -2.6367796834847468e-15  -4.746203430272544e-15
