t   error=Max(Abs(psi_num(x,t)-psi_exact(x,t)))
0.0  0.0
0.01  1.6617507898695032e-14
0.02  2.1882169111068973e-14
0.03  1.961683109444575e-14
0.04  2.001685083848629e-14
0.05  1.541111933812476e-14
0.06  1.589839758910881e-14
0.07  1.4650001758177456e-14
0.08  1.4813184769919358e-14
0.09  1.704021122076746e-14
0.1  1.8774426121452697e-14
0.11  1.7211254595357094e-14
0.12  1.8031898399975882e-14
0.13  1.608904318091317e-14
0.14  1.579523938494726e-14
0.15  1.6311456517053174e-14
0.16  1.534702633616194e-14
0.17  1.51712341920413e-14
0.18  1.9232676320677848e-14
0.19  1.620668951610957e-14
0.2  1.1689052328849668e-14
0.21  1.9657787232482852e-14
0.22  2.3417285553483775e-14
0.23  2.1095252028459886e-14
0.24  1.924476924077102e-14
0.25  1.4840592490338865e-14
0.26  1.5910956348381306e-14
0.27  1.6565219542049342e-14
0.28  1.5475295355911185e-14
0.29  2.039732683873544e-14
0.3  1.990096062414554e-14
0.31  2.178202684920952e-14
0.32  1.8244937149463952e-14
0.33  1.7166705719340097e-14
0.34  1.6412448273635802e-14
0.35000000000000003  1.6056834387237914e-14
0.36  1.632067968561696e-14
0.37  1.64647422086143e-14
0.38  1.8934511110867707e-14
0.39  2.0978239865921778e-14
0.4  1.639760319838955e-14
0.41000000000000003  1.9825564998614296e-14
0.42  1.8967357014714114e-14
0.43  1.5981867954201746e-14
0.44  1.7516297263186312e-14
0.45  1.3741813237239416e-14
0.46  1.5808522193421584e-14
0.47000000000000003  1.8665701986783902e-14
0.48  1.591304876344953e-14
0.49  2.0908866654413825e-14
0.5  1.7009214821350367e-14
0.51  1.698173503658797e-14
0.52  1.5590353380997627e-14
0.53  1.2458049225235459e-14
0.54  1.7221076564617995e-14
0.55  1.5353726149730192e-14
0.56  1.5396497532782998e-14
0.5700000000000001  1.705014866579136e-14
0.58  1.5434595845470412e-14
0.59  1.7745366155677608e-14
0.6  1.3853702823938808e-14
0.61  1.3986386794570813e-14
0.62  1.4541908674370036e-14
0.63  1.2275874095171448e-14
0.64  1.7203537398072228e-14
0.65  1.435596612384127e-14
0.66  1.644452271123548e-14
0.67  1.6162517584858577e-14
0.68  1.3627394063341489e-14
0.6900000000000001  1.6094213582045058e-14
0.7000000000000001  1.2595160941694983e-14
0.71  1.3638993907275997e-14
0.72  1.4672700940978208e-14
0.73  1.2538272159930402e-14
0.74  1.705586332133202e-14
0.75  1.3907731525115764e-14
0.76  1.5478182370747084e-14
0.77  1.4818208981265987e-14
0.78  1.2643144541459199e-14
0.79  1.5915662760988627e-14
0.8  1.2939933929853807e-14
0.81  1.4146959985979304e-14
0.8200000000000001  1.5034608881674645e-14
0.8300000000000001  1.4023792982119355e-14
0.84  1.6667124937748077e-14
0.85  1.3657322697147308e-14
0.86  1.4912675851448386e-14
0.87  1.4599854905750168e-14
0.88  1.33320405113216e-14
0.89  1.6457371261022597e-14
0.9  1.3080505198934864e-14
0.91  1.5032456651485764e-14
0.92  1.5059081639849882e-14
0.93  1.4170709635776168e-14
0.9400000000000001  1.669087141753331e-14
0.9500000000000001  1.3411429803201921e-14
0.96  1.5366465294452336e-14
0.97  1.5308602764748352e-14
0.98  1.343931735351876e-14
0.99  1.64560371177389e-14
1.0  1.359524646304234e-14
1.01  1.5176311188998268e-14
1.02  1.5391836877353976e-14
1.03  1.3946810810334617e-14
1.04  1.7141826422615288e-14
1.05  1.3842688128785506e-14
1.06  1.5369673492262638e-14
1.07  1.492135201765904e-14
1.08  1.3550073313280411e-14
1.09  1.6836931155831925e-14
1.1  1.3123457231951569e-14
1.11  1.536747419447037e-14
1.12  1.5387707141830597e-14
1.1300000000000001  1.4268046491743264e-14
1.1400000000000001  1.7042013836797432e-14
1.1500000000000001  1.3470643283275257e-14
1.16  1.5143458334808366e-14
1.17  1.4998755841503095e-14
1.18  1.3457447617973822e-14
1.19  1.6809180822074132e-14
1.2  1.3496888890400302e-14
1.21  1.5463617361248924e-14
1.22  1.5748152591801924e-14
1.23  1.4046076445151096e-14
1.24  1.728682225045781e-14
1.25  1.395503904207006e-14
1.26  1.5473005271463355e-14
1.27  1.4926720450463006e-14
1.28  1.3464887415226524e-14
1.29  1.691371579752336e-14
1.3  1.3930340630455689e-14
1.31  1.5638980001829527e-14
1.32  1.5767086328795735e-14
1.33  1.373609388304064e-14
1.34  1.7359221027410568e-14
1.35  1.364050474518893e-14
1.36  1.4650673846218948e-14
1.37  1.5368647505747583e-14
1.3800000000000001  1.3338402401473004e-14
1.3900000000000001  1.6920341613718027e-14
1.4000000000000001  1.4364227717424512e-14
1.41  1.493755467393936e-14
1.42  1.5697489633845294e-14
1.43  1.3235546790614522e-14
1.44  1.7385716815590618e-14
1.45  1.4693268000480448e-14
1.46  1.5419015428972548e-14
1.47  1.6153363483850808e-14
1.48  1.3852701849921226e-14
1.49  1.6883627900091697e-14
1.5  1.4383816594832035e-14
1.51  1.5796507416851114e-14
1.52  1.6444522711235478e-14
1.53  1.3788683915077173e-14
1.54  1.7843339701934603e-14
1.55  1.4473195404446414e-14
1.56  1.5284126309556694e-14
1.57  1.5949353674076264e-14
1.58  1.3325747847583044e-14
1.59  1.7655431606392458e-14
1.6  1.4580107167973647e-14
1.61  1.5175981235808223e-14
1.62  1.6173881479541382e-14
1.6300000000000001  1.3556574397139765e-14
1.6400000000000001  1.7352984762073185e-14
1.6500000000000001  1.5113720120078287e-14
1.6600000000000001  1.5358297658720333e-14
1.67  1.6330571449039487e-14
1.68  1.3457075520141756e-14
1.69  1.3418615239794525e-14
1.7  1.488196269586e-14
1.71  1.5141887592650085e-14
1.72  1.684140453216784e-14
1.73  1.4249352732034564e-14
1.74  1.4325776252820704e-14
1.75  1.4892929089315074e-14
1.76  1.4859579326213068e-14
1.77  1.6007750016433687e-14
1.78  1.3379223921854632e-14
1.79  1.4464490090513492e-14
1.8  1.4820028456481275e-14
1.81  1.5381066346411325e-14
1.82  1.6209470028133956e-14
1.83  1.3314469971652634e-14
1.84  1.789244619764756e-14
1.85  1.517486441793079e-14
1.86  1.523073144381226e-14
1.87  1.6790838642753403e-14
1.8800000000000001  1.3657463714537329e-14
1.8900000000000001  1.8122924405184214e-14
1.9000000000000001  1.4680574392601578e-14
1.9100000000000001  1.610297672982658e-14
1.92  1.6198701802522635e-14
1.93  1.3820743884189025e-14
1.94  1.4596899725881818e-14
1.95  1.4928638229427038e-14
1.96  1.5787557385582004e-14
1.97  1.7219919026946274e-14
1.98  1.3810909195168696e-14
1.99  1.4088415495492456e-14
2.0  1.5134604087646898e-14
2.0100000000000002  1.5150070199583012e-14
2.02  1.722091999402444e-14
2.0300000000000002  1.7087699333045715e-14
2.04  1.488537497820806e-14
2.05  1.5686198063741044e-14
2.06  1.5446376826929583e-14
2.07  1.765263337300854e-14
2.08  1.3746269319041858e-14
2.09  1.422667526063584e-14
2.1  1.5111279653000574e-14
2.11  1.503953351130458e-14
2.12  1.6365744247367e-14
2.13  1.3517050813993554e-14
2.14  1.8028138407472025e-14
2.15  1.480392483781548e-14
2.16  1.5521696132676825e-14
2.17  1.6582231778744682e-14
2.18  1.500293487396392e-14
2.19  1.4698300444393955e-14
2.2  1.502702346173435e-14
2.21  1.5462228612246015e-14
2.22  1.5444381739690547e-14
2.23  1.3951118586256671e-14
2.24  1.7640502565834613e-14
2.25  1.5271139159162432e-14
2.2600000000000002  1.5766046503242156e-14
2.27  1.675813989172599e-14
2.2800000000000002  1.6934472572923662e-14
2.29  1.515670459362744e-14
2.3000000000000003  1.493910177874135e-14
2.31  1.6162517584858577e-14
2.32  1.7464146957953162e-14
2.33  1.3762651917367456e-14
2.34  1.5755488619779588e-14
2.35  1.517689493476193e-14
2.36  1.5766046503242156e-14
2.37  1.695190952754414e-14
2.38  1.391039006946115e-14
2.39  1.8563417274535613e-14
2.4  1.5362153223602293e-14
2.41  1.6008904973281743e-14
2.42  1.652725088393636e-14
2.43  1.4310361354718758e-14
2.44  1.478895260440164e-14
2.45  1.5729944478707736e-14
2.46  1.6490835749478986e-14
2.47  1.613312977708506e-14
2.48  1.3980436875153429e-14
2.49  1.7667448944451685e-14
2.5  1.5144469001567762e-14
2.5100000000000002  1.5905593183752144e-14
2.52  1.6403429246671778e-14
2.5300000000000002  1.7404759955046195e-14
2.54  1.4723044436279133e-14
2.5500000000000003  1.5843256002726262e-14
2.56  1.5632082117998628e-14
2.57  1.7179154277847265e-14
2.58  1.451648446308718e-14
2.59  1.509015282098275e-14
2.6  1.577161587007883e-14
2.61  1.514803608703362e-14
2.62  1.7981843328177072e-14
2.63  1.4262720456418373e-14
2.64  1.949777329805856e-14
2.65  1.5499668734875787e-14
2.66  1.6230618687758406e-14
2.67  1.8122499318705095e-14
2.68  1.4123224945184262e-14
2.69  1.7014779097960052e-14
2.7  1.5697489633845294e-14
2.71  1.688134632874343e-14
2.72  1.7511332283362396e-14
2.73  1.4272412492565828e-14
2.74  1.9386827499801453e-14
2.75  1.5443876692357308e-14
2.7600000000000002  1.5791727380593687e-14
2.77  1.6946182546274173e-14
2.7800000000000002  1.9327528864636273e-14
2.79  1.633660266045222e-14
2.8000000000000003  1.61883368663289e-14
2.81  1.6360822989037764e-14
2.82  1.8492879977247018e-14
2.83  1.492259105818523e-14
2.84  1.6238617253774835e-14
2.85  1.7238983322650346e-14
2.86  1.4511315971488726e-14
2.87  1.788512522917511e-14
2.88  1.467808158986802e-14
2.89  1.907581569518011e-14
2.9  1.5981524505029476e-14
2.91  1.65357088390096e-14
2.92  1.7103313605180583e-14
2.93  1.4797470674179657e-14
2.94  1.6205073272808376e-14
2.95  1.6418637091546412e-14
2.96  1.613916913953877e-14
2.97  1.756715262393962e-14
2.98  1.5502029422910172e-14
2.99  1.9623427508275388e-14
3.0  1.6126347719263224e-14
3.0100000000000002  1.7092257786175352e-14
3.02  1.8686244169154817e-14
3.0300000000000002  1.9715916768526785e-14
3.04  1.702973645214964e-14
3.0500000000000003  1.6580024892204573e-14
3.06  1.6584206112507138e-14
3.0700000000000003  1.823353313869537e-14
3.08  1.5311621835918997e-14
3.09  1.5165520538866055e-14
3.1  1.72982046351509e-14
3.11  1.4571782933347715e-14
3.12  1.7570507056581637e-14
3.13  1.574140042654456e-14
3.14  1.9398129346986026e-14
3.15  1.6443019155526682e-14
3.16  1.631633650537409e-14
3.17  1.8168096778823147e-14
3.18  1.4491414355405445e-14
3.19  1.629743965702586e-14
3.2  1.62385061973621e-14
3.21  1.7399447687157154e-14
3.22  1.7659723550911694e-14
3.23  1.5732839851393565e-14
3.24  1.9856005911950163e-14
3.25  1.6428993009930068e-14
3.2600000000000002  1.6971989808250874e-14
3.27  1.8149769672805873e-14
3.2800000000000002  1.9266613333179102e-14
3.29  1.7139039849939962e-14
3.3000000000000003  1.6253490659292492e-14
3.31  1.7283167606505803e-14
3.3200000000000003  1.783707699419493e-14
3.33  1.5416873139576682e-14
3.34  1.701354764716682e-14
3.35  1.6549808917002012e-14
3.36  1.7460446703040453e-14
3.37  1.7657358202270442e-14
3.38  1.4662721832996625e-14
3.39  1.6436341531355365e-14
3.4  1.633530581368828e-14
3.41  1.726896509825478e-14
3.42  1.7739439349910168e-14
3.43  1.912973893439194e-14
3.44  1.6146971609294617e-14
3.45  1.7148004705998717e-14
3.46  1.6671059040136494e-14
3.47  1.783368630699583e-14
3.48  1.5941585864702212e-14
3.49  2.0073372340917845e-14
3.5  1.705529871730528e-14
3.5100000000000002  1.6631687719939245e-14
3.52  1.7779121241801924e-14
3.5300000000000002  1.8909518418296228e-14
3.54  1.674618342196888e-14
3.5500000000000003  1.6762368599770286e-14
3.56  1.7228321989248626e-14
3.5700000000000003  1.8033009156818392e-14
3.58  1.5373338289405702e-14
3.59  1.5950257785430533e-14
3.6  1.678283058684513e-14
3.61  1.6998658638175285e-14
3.62  1.8037762476626503e-14
3.63  1.6023118556711054e-14
3.64  1.6764459577467464e-14
3.65  1.617033856425278e-14
3.66  1.705936344921788e-14
3.67  1.7684026709146925e-14
3.68  1.9325461079121923e-14
3.69  1.6136567477907604e-14
3.7  1.6136239256851987e-14
3.71  1.6470379341192e-14
3.72  1.8827448017942183e-14
3.73  1.4405651785587952e-14
3.74  1.959388342616123e-14
3.75  1.58464649013269e-14
3.7600000000000002  1.676785973155931e-14
3.77  1.744033249697342e-14
3.7800000000000002  1.8729420471189824e-14
3.79  1.6110025658011214e-14
3.8000000000000003  1.6684495000382108e-14
3.81  1.647596778782502e-14
3.8200000000000003  1.8393299765483312e-14
3.83  1.5797500525901063e-14
3.84  1.6329150282256697e-14
3.85  1.7146117757405692e-14
3.86  1.6322691555365914e-14
3.87  1.74531155665717e-14
3.88  1.5347528296191647e-14
3.89  1.735192481803694e-14
3.9  1.5974412845905168e-14
3.91  1.688662912283201e-14
3.92  1.835204032827704e-14
3.93  2.004919661646479e-14
3.94  1.621581351369809e-14
3.95  1.630025195019243e-14
3.96  1.7153574486020033e-14
3.97  1.894329727639734e-14
3.98  1.5612906024765332e-14
3.99  2.0168221900469113e-14
4.0  1.7102930741645813e-14
4.01  1.487751282149068e-14
4.0200000000000005  1.6765838101425344e-14
4.03  2.043081869203268e-14
4.04  1.7814171925756692e-14
4.05  1.662417646982222e-14
4.0600000000000005  2.0994318129547886e-14
4.07  1.8488367695939107e-14
4.08  1.6831508327761236e-14
4.09  1.7367190642458602e-14
4.1  1.893891614345988e-14
4.11  1.748425029026687e-14
4.12  1.8488734565385767e-14
4.13  1.6300307426804577e-14
4.14  1.7785071371330844e-14
4.15  1.6151074147917852e-14
4.16  1.752194782010811e-14
4.17  1.913011647043932e-14
4.18  1.663742456244555e-14
4.19  2.0133489730868353e-14
4.2  1.6546606929944562e-14
4.21  1.790270262645731e-14
4.22  1.5488690306261282e-14
4.23  1.6844768521071813e-14
4.24  2.127892115437847e-14
4.25  1.7507234977502108e-14
4.26  1.5112190891773236e-14
4.2700000000000005  1.75381857756768e-14
4.28  2.107978866395066e-14
4.29  1.753185937579237e-14
4.3  1.6157941182623908e-14
4.3100000000000005  2.0236688968274426e-14
4.32  1.863052568182959e-14
4.33  1.6759042029029726e-14
4.34  1.8048040367924586e-14
4.3500000000000005  2.0513680084683596e-14
4.36  1.7508907014082367e-14
4.37  1.922345081132281e-14
4.38  1.6771402739628463e-14
4.39  1.850787069537842e-14
4.4  1.7207495762085388e-14
4.41  1.8007529976440748e-14
4.42  1.8599218112032795e-14
4.43  1.6874317150682894e-14
4.44  1.894152816802008e-14
4.45  1.7866055111942392e-14
4.46  1.7434832232703768e-14
4.47  1.5123291107612565e-14
4.48  1.747819086515577e-14
4.49  2.0876916681699167e-14
4.5  1.7058211873512577e-14
4.51  1.5725732075902033e-14
4.5200000000000005  1.8145725066118424e-14
4.53  1.9184435467814197e-14
4.54  1.7033241948796075e-14
4.55  1.7668337013591242e-14
4.5600000000000005  2.0500174954490966e-14
4.57  1.813414308425618e-14
4.58  1.775185514869973e-14
4.59  1.736230504234392e-14
4.6000000000000005  2.0116263916617365e-14
4.61  1.8322800725262278e-14
4.62  1.9088169427340744e-14
4.63  1.651288807696213e-14
4.64  1.753748295505555e-14
4.65  1.578723868252727e-14
4.66  1.7772819989156864e-14
4.67  1.9584346741946354e-14
4.68  1.6522215996450963e-14
4.69  1.827265849609488e-14
4.7  1.815712315358478e-14
4.71  1.7889582763795e-14
4.72  1.593162787121386e-14
4.73  1.783161270290677e-14
4.74  2.0509440732081565e-14
4.75  1.7985377417653372e-14
4.76  1.444635050297155e-14
4.7700000000000005  1.906102914715686e-14
4.78  2.0833254445218024e-14
4.79  2.0775752886701464e-14
4.8  1.7432004112246346e-14
4.8100000000000005  2.1412074067529355e-14
4.82  1.8524997970045486e-14
4.83  1.792262432849896e-14
4.84  1.730063161116181e-14
4.8500000000000005  1.9681971656063656e-14
4.86  2.0435272271405062e-14
4.87  1.920011879575473e-14
4.88  1.7394687402850938e-14
4.89  2.010900551950376e-14
4.9  1.6331414655515562e-14
4.91  1.8999091922953404e-14
4.92  1.9432887430009648e-14
4.93  1.8024292149290414e-14
4.94  1.8307742626593797e-14
4.95  1.8892773268829876e-14
4.96  1.843321312187554e-14
4.97  1.6054627255630463e-14
4.98  1.7864006827279154e-14
4.99  2.1758522528781355e-14
5.0  1.9472791427928292e-14
5.01  1.5573382399907407e-14
5.0200000000000005  1.9124558387233767e-14
5.03  2.0680087839944057e-14
5.04  1.7738939931508108e-14
5.05  1.8701759576267732e-14
5.0600000000000005  2.099527015325288e-14
5.07  1.934091678236581e-14
5.08  1.8149684782055936e-14
5.09  1.883628412300858e-14
5.1000000000000005  2.101938372593864e-14
5.11  1.7860815347356583e-14
5.12  1.9129149963279643e-14
5.13  1.874307120457727e-14
5.14  1.7384830580503226e-14
5.15  1.8578517507411392e-14
5.16  1.758127308983787e-14
5.17  1.8673315129328808e-14
5.18  1.9205579802287613e-14
5.19  1.9901971904804533e-14
5.2  1.8610729195778455e-14
5.21  1.8126574756976655e-14
5.22  1.5400531607861256e-14
5.23  2.0789000249660507e-14
5.24  2.181298662184321e-14
5.25  1.7997944582823283e-14
5.26  1.5338967630123897e-14
5.2700000000000005  1.9633847679268753e-14
5.28  2.2152132699638774e-14
5.29  1.9015486447283886e-14
5.3  1.901830188349488e-14
5.3100000000000005  2.2476700352497245e-14
5.32  1.9557623273095308e-14
5.33  1.903735082837978e-14
5.34  1.7367013209981723e-14
5.3500000000000005  2.2141991963938696e-14
5.36  1.797363727829251e-14
5.37  1.8845197843084755e-14
5.38  1.802029544494573e-14
5.39  1.923987993140705e-14
5.4  1.9027049356800834e-14
5.41  1.767156359566431e-14
5.42  1.9720761300567452e-14
5.43  1.9316365178412977e-14
5.44  2.2767491120630317e-14
5.45  2.085081621306605e-14
5.46  1.9043673909046788e-14
5.47  1.650785995148357e-14
5.48  2.2438112717916665e-14
5.49  2.1200699954511037e-14
5.5  1.9093193413081185e-14
5.51  1.7713994548469026e-14
5.5200000000000005  1.995971353943152e-14
5.53  2.0520832886125e-14
5.54  1.9643183849726055e-14
5.55  1.8272409487966308e-14
5.5600000000000005  2.556949921451384e-14
5.57  1.8958846121664296e-14
5.58  1.9456816882947603e-14
5.59  1.8733923845520265e-14
5.6000000000000005  2.226852249094817e-14
5.61  1.8310334330341284e-14
5.62  2.014144690645951e-14
5.63  2.000668790894572e-14
5.64  1.8808125045344483e-14
5.65  2.0401613088311114e-14
5.66  2.001559999879232e-14
5.67  2.0406672347425625e-14
5.68  2.0336485820164692e-14
5.69  2.1574992917145636e-14
5.7  2.1083278472869777e-14
5.71  1.8782487385251804e-14
5.72  1.844326150434854e-14
5.73  2.0599050593350066e-14
5.74  2.1473436110718874e-14
5.75  2.0118102039528143e-14
5.76  1.750424251341653e-14
5.7700000000000005  2.010249179855562e-14
5.78  2.131295692679446e-14
5.79  1.9825487283453315e-14
5.8  1.8888281002014542e-14
5.8100000000000005  2.387420001376898e-14
5.82  1.8918926995620204e-14
5.83  1.9313299019438026e-14
5.84  1.9927807457643578e-14
5.8500000000000005  2.1769998638374118e-14
5.86  1.816845719614921e-14
5.87  2.0147876341273476e-14
5.88  1.9090207428328772e-14
5.89  2.089895434695896e-14
5.9  1.8666444869086018e-14
5.91  1.9922539910723115e-14
5.92  1.8268854823393675e-14
5.93  1.9426365112566624e-14
5.94  2.0881122933059348e-14
5.95  1.8703551363593668e-14
5.96  1.8951510282322508e-14
5.97  1.6835649970092322e-14
5.98  2.108760795641132e-14
5.99  2.2483112738488026e-14
6.0  1.9740283641622623e-14
6.01  1.7422013638940487e-14
6.0200000000000005  1.9270366542156335e-14
6.03  2.1258161882316028e-14
6.04  1.8521518342032722e-14
6.05  1.8016859066654978e-14
6.0600000000000005  2.5068432711713122e-14
6.07  1.9280697834403128e-14
6.08  1.8269832252148366e-14
6.09  1.7610251087506115e-14
6.1000000000000005  2.272142689508049e-14
6.11  1.8427716574940455e-14
6.12  2.019972917545766e-14
6.13  1.8806082077788914e-14
6.140000000000001  2.3022676953094886e-14
6.15  1.8596530822033855e-14
6.16  1.9663899789579517e-14
6.17  1.9007848236747456e-14
6.18  1.9917309007117252e-14
6.19  2.3932598152829764e-14
6.2  1.8177385842962547e-14
6.21  1.968242698977833e-14
6.22  1.671337425937458e-14
6.23  2.3616782028516385e-14
6.24  2.121637361987215e-14
6.25  1.958061437304779e-14
6.26  1.6962903544714128e-14
6.2700000000000005  2.0355314750548205e-14
6.28  2.327407213889498e-14
6.29  1.9291382998366303e-14
6.3  2.0726558558410974e-14
6.3100000000000005  2.462322078948077e-14
6.32  2.0253298870437373e-14
6.33  2.0879056810211247e-14
6.34  2.114000278248359e-14
6.3500000000000005  2.1992345114976446e-14
6.36  1.978218443831361e-14
6.37  1.9959713539431524e-14
6.38  2.0128591443930597e-14
6.390000000000001  2.2605583043755134e-14
6.4  2.0689249770855815e-14
6.41  1.8374274911057768e-14
6.42  2.0185689608884006e-14
6.43  1.9900960624145543e-14
6.44  2.2460572549710636e-14
6.45  2.0296235015514226e-14
6.46  1.897028111780164e-14
6.47  2.0175387399284667e-14
6.48  2.675191534674859e-14
6.49  2.356767504584112e-14
6.5  2.042223869160366e-14
6.51  1.8695394253863585e-14
6.5200000000000005  2.1475857575848334e-14
6.53  2.0467888129431758e-14
6.54  2.3677848676073965e-14
6.55  2.1481815908058875e-14
6.5600000000000005  2.6264753781453917e-14
6.57  2.1377577856617343e-14
6.58  2.0790834475945937e-14
6.59  2.3840149156336288e-14
6.6000000000000005  1.8897144716289615e-14
6.61  2.7193552653352525e-14
6.62  2.0313137552755493e-14
6.63  2.0122313771233477e-14
6.640000000000001  2.3606016098134496e-14
6.65  1.8904868404936374e-14
6.66  1.936384720681874e-14
6.67  1.9266148504092663e-14
6.68  2.1948716270119206e-14
6.69  2.2846952796452245e-14
6.7  2.2413929120019424e-14
6.71  1.6993861167467803e-14
6.72  2.0342891481675735e-14
6.73  2.799358613503716e-14
6.74  2.340873473423888e-14
6.75  2.049453735929192e-14
6.76  1.9060264068138403e-14
6.7700000000000005  2.148369407649441e-14
6.78  2.221797096231004e-14
6.79  2.4960992698217417e-14
6.8  2.1835756219181622e-14
6.8100000000000005  2.5651753437676836e-14
6.82  2.0599424574170777e-14
6.83  2.1394850355690808e-14
6.84  2.4073414141945668e-14
6.8500000000000005  2.1841363132939776e-14
6.86  2.6597662842066225e-14
6.87  1.9544734556640618e-14
6.88  1.9863860939565362e-14
6.890000000000001  2.4674988686422415e-14
6.9  2.1393394698285072e-14
6.91  1.8079002772109296e-14
6.92  1.920963067530306e-14
6.93  2.1205445957121315e-14
6.94  2.1493875463856348e-14
6.95  2.0631206836273828e-14
6.96  1.837068983187433e-14
6.97  2.181842478122239e-14
6.98  2.708318469847359e-14
6.99  2.4285224608099858e-14
7.0  2.0713936060110443e-14
7.01  1.8918229658859966e-14
7.0200000000000005  2.0597853809094276e-14
7.03  2.289083046185999e-14
7.04  2.4152454719873943e-14
7.05  2.054520127765539e-14
7.0600000000000005  2.553060379972272e-14
7.07  2.013832944544689e-14
7.08  2.1675256474553342e-14
7.09  2.3239556336661123e-14
7.1000000000000005  2.1626082287163157e-14
7.11  2.690098109734401e-14
7.12  2.0294109345903245e-14
7.13  2.0977505404433566e-14
7.140000000000001  2.47771957467522e-14
7.15  2.077541452584497e-14
7.16  1.8763261812221955e-14
7.17  2.247819524903961e-14
7.18  2.0132112208126173e-14
7.19  2.3662665971352687e-14
7.2  2.1989371203597767e-14
7.21  1.929300023635138e-14
7.22  2.0750332667375856e-14
7.23  2.600287511973711e-14
7.24  2.200045907987133e-14
7.25  2.0431063781957677e-14
7.26  2.004725587655413e-14
7.2700000000000005  2.1998250487762347e-14
7.28  2.1577349431196314e-14
7.29  2.380539049615119e-14
7.3  2.0828742641278763e-14
7.3100000000000005  2.5395365815386226e-14
7.32  2.0468734968676802e-14
7.33  2.11217742073354e-14
7.34  2.3018058810870786e-14
7.3500000000000005  2.2639908450682025e-14
7.36  2.633271382097144e-14
7.37  2.1833319809023195e-14
7.38  2.0755900785080177e-14
7.390000000000001  2.5486152080471075e-14
7.4  2.314821662347219e-14
7.41  1.9284752902047817e-14
7.42  2.1478296701719547e-14
7.43  2.1601974780057592e-14
7.44  2.3730562669749204e-14
7.45  2.2627382987867507e-14
7.46  2.0630310653651816e-14
7.47  2.2367829896748274e-14
7.48  2.6028449581937627e-14
7.49  2.508841510667319e-14
7.5  2.1772068671493033e-14
7.51  2.071815680849274e-14
7.5200000000000005  2.2127304720229725e-14
7.53  2.189886773356811e-14
7.54  2.417438935809862e-14
7.55  2.199425788044253e-14
7.5600000000000005  2.7930440017187632e-14
7.57  2.394012924840674e-14
7.58  2.2934235795681786e-14
7.59  2.594366968962662e-14
7.6000000000000005  2.0857793381986865e-14
7.61  2.8166002025281224e-14
7.62  2.300692063309992e-14
7.63  2.200835135019207e-14
7.640000000000001  2.5454995364402066e-14
7.65  2.2901535507248733e-14
7.66  1.9016357454094105e-14
7.67  2.248609783240939e-14
7.68  2.156077696375043e-14
7.69  2.4569438715463425e-14
7.7  2.2792854360404544e-14
7.71  2.145001452144392e-14
7.72  2.2136702894737696e-14
7.73  2.6633148907887054e-14
7.74  2.7371684075956846e-14
7.75  2.2539937083977995e-14
7.76  2.064354872572549e-14
7.7700000000000005  2.376661821819511e-14
7.78  2.1334777765716796e-14
7.79  2.6288442561636278e-14
7.8  2.4019866008707122e-14
7.8100000000000005  2.8458199901739784e-14
7.82  2.0906508488002142e-14
7.83  2.4440608627103253e-14
7.84  2.6667100039663696e-14
7.8500000000000005  2.1948961959825893e-14
7.86  2.88022110353629e-14
7.87  2.3028515234526148e-14
7.88  2.161124048345403e-14
7.890000000000001  2.5225588895275644e-14
7.9  2.179050921050434e-14
7.91  2.0616229173716545e-14
7.92  2.332063038204253e-14
7.930000000000001  2.4879463843705225e-14
7.94  2.6802991866946792e-14
7.95  2.303819783060131e-14
7.96  1.9771109132988576e-14
7.97  2.306359739260357e-14
7.98  2.714229929853166e-14
7.99  2.4739872810874376e-14
8.0  2.198585002136797e-14
8.01  2.148396301318887e-14
8.02  1.9795388609593008e-14
8.03  2.4315065446390044e-14
8.040000000000001  2.2241093376269e-14
8.05  2.0572040867025535e-14
8.06  2.7705626145656547e-14
8.07  2.2514973254751258e-14
8.08  2.228035072351081e-14
8.09  2.5938680613707505e-14
8.1  2.332910204530885e-14
8.11  2.0860027798997857e-14
8.120000000000001  2.8912798072156206e-14
8.13  2.7246943303473975e-14
8.14  2.4823076177307855e-14
8.15  2.2975396598413297e-14
8.16  2.0958254490978036e-14
8.17  2.301405901873945e-14
8.18  2.2101511297112808e-14
8.19  1.951033861195986e-14
8.2  2.47996339934434e-14
8.21  2.2914917332395244e-14
8.22  2.3866567418712916e-14
8.23  2.7217635985603474e-14
8.24  2.622684541422885e-14
8.25  2.19738293006384e-14
8.26  2.183522948470376e-14
8.27  1.941184558971735e-14
8.28  2.1865880795501012e-14
8.290000000000001  2.33234091955079e-14
8.3  1.958182906920679e-14
8.31  2.887780576705359e-14
8.32  2.370251811116925e-14
8.33  2.224716301725504e-14
8.34  2.3976319478859682e-14
8.35  2.4071430001651092e-14
8.36  2.0344609730644045e-14
8.370000000000001  2.7474154133015743e-14
8.38  2.3836675141914078e-14
8.39  2.623718281855345e-14
8.4  2.259161066235307e-14
8.41  2.0806539203897374e-14
8.42  2.258862245977482e-14
8.43  2.1573796709257615e-14
8.44  1.8958907072425844e-14
8.45  2.404574943045172e-14
8.46  2.1956506804688187e-14
8.47  2.2335052424119722e-14
8.48  2.7280102316789723e-14
8.49  2.504149809649299e-14
8.5  2.2680976022947495e-14
8.51  2.116453185632628e-14
8.52  1.9193858541576123e-14
8.53  2.2487224099168482e-14
8.540000000000001  2.142034637523123e-14
8.55  2.030686002592544e-14
8.56  2.9048580214633966e-14
8.57  2.2680585415681643e-14
8.58  2.227196007001726e-14
8.59  2.4462536823810174e-14
8.6  2.2444223193641933e-14
8.61  2.050162168724772e-14
8.620000000000001  2.901415326692723e-14
8.63  2.339154550088966e-14
8.64  2.585212481482653e-14
8.65  2.267639127082998e-14
8.66  1.932178834589994e-14
8.67  2.230367319388498e-14
8.68  2.407989346115594e-14
8.69  1.9408516669229535e-14
8.700000000000001  2.7715926211447526e-14
8.71  2.1881535403490815e-14
8.72  2.395471802827668e-14
8.73  2.7649228485281188e-14
8.74  2.3225165141461424e-14
8.75  2.2942238380933553e-14
8.76  2.0021757224193306e-14
8.77  1.951783444729164e-14
8.78  2.365126847522948e-14
8.790000000000001  2.1947277175176417e-14
8.8  2.093339055782478e-14
8.81  2.6969180335367493e-14
8.82  2.1966504116304876e-14
8.83  2.2533737180387008e-14
8.84  2.3729199172680964e-14
8.85  2.369380605622975e-14
8.86  2.011367877206964e-14
8.870000000000001  2.7606683929673933e-14
8.88  2.5115161375590928e-14
8.89  2.5459186594225053e-14
8.9  2.2098406437361164e-14
8.91  2.0134350634723244e-14
8.92  2.401152476415362e-14
8.93  2.1986901179583067e-14
8.94  1.7918175013686732e-14
8.950000000000001  2.645129655605636e-14
8.96  2.3228386526076964e-14
8.97  2.389886017458633e-14
8.98  2.691267689965986e-14
8.99  2.5132516626887823e-14
9.0  2.4664776407933922e-14
9.01  2.0682597532510377e-14
9.02  1.883203533302565e-14
9.03  2.3359709806826985e-14
9.040000000000001  2.454434198809382e-14
9.05  2.0909161406515144e-14
9.06  2.7567644758722393e-14
9.07  2.2731799484397905e-14
9.08  2.3314815686161355e-14
9.09  2.558597798829824e-14
9.1  2.3418617867491628e-14
9.11  2.2101187514464143e-14
9.120000000000001  2.751304245884048e-14
9.13  2.5190723269751735e-14
9.14  2.399725944376438e-14
9.15  2.358962683917383e-14
9.16  2.087219401635948e-14
9.17  2.3994438270904535e-14
9.18  2.440144193040978e-14
9.19  1.9508754199131143e-14
9.200000000000001  2.7802720055405748e-14
9.21  2.4517526810090256e-14
9.22  2.1672395191792898e-14
9.23  2.8200976082029872e-14
9.24  2.570220253963763e-14
9.25  2.42872705805117e-14
9.26  1.9868253794120926e-14
9.27  1.828859191339883e-14
9.28  2.208472362655377e-14
9.290000000000001  2.354615265708269e-14
9.3  2.1774598444725157e-14
9.31  2.9187782320826273e-14
9.32  2.426696182301079e-14
9.33  2.336208827174831e-14
9.34  2.7179161145521976e-14
9.35  2.350043869764446e-14
9.36  2.011509705222939e-14
9.370000000000001  2.8677729087153904e-14
9.38  2.5336462499638265e-14
9.39  2.6826822773685132e-14
9.4  2.2398044443428743e-14
9.41  2.175272299424884e-14
9.42  2.398781945255589e-14
9.43  2.3661689258232326e-14
9.44  1.9393740483860163e-14
9.450000000000001  2.806916298319913e-14
9.46  2.3377944012670578e-14
9.47  2.3267384976560528e-14
9.48  2.8746590492752504e-14
9.49  2.6820038544332306e-14
9.5  2.264652576786581e-14
9.51  2.0000294937558798e-14
9.52  1.9478403400799703e-14
9.53  2.1794278181216932e-14
9.540000000000001  2.254007379591976e-14
9.55  2.2338738411074638e-14
9.56  2.8285437342163492e-14
9.57  2.2399299811471462e-14
9.58  2.395965703445015e-14
9.59  2.5317223612468172e-14
9.6  2.414128846211678e-14
9.61  2.0489330602378747e-14
9.620000000000001  2.8350042726201348e-14
9.63  2.539192254356367e-14
9.64  2.5486707497028377e-14
9.65  2.507213549477442e-14
9.66  2.152007752447052e-14
9.67  2.2724496157774524e-14
9.68  2.4507644119583222e-14
9.69  2.055826463512589e-14
9.700000000000001  2.7575091038965905e-14
9.71  2.338563314045992e-14
9.72  2.2433980619716226e-14
9.73  2.862489783940915e-14
9.74  2.4697278049317437e-14
9.75  2.263784226926707e-14
9.76  2.2055827402465386e-14
9.77  1.9569235846855874e-14
9.78  2.2737695513115035e-14
9.790000000000001  2.263784226926707e-14
9.8  2.4121495545648005e-14
9.81  2.906818523129924e-14
9.82  2.3075635698373982e-14
9.83  2.167191531235411e-14
9.84  2.4978819138626106e-14
9.85  2.4045509146042283e-14
9.86  2.462919118160452e-14
9.870000000000001  2.954237828137147e-14
9.88  2.6860110604456238e-14
9.89  2.621845888168882e-14
9.9  2.4407868768850236e-14
9.91  2.2757443695771023e-14
9.92  2.3857156441808772e-14
9.93  2.3045218929586676e-14
9.94  1.8107615005075577e-14
9.950000000000001  2.903881916866449e-14
9.96  2.4995617984417833e-14
9.97  2.5112231877597485e-14
9.98  2.8050484024202798e-14
9.99  2.5514968646060728e-14
10.0  2.5796444693957553e-14
10.01  2.552917047302026e-14
10.02  2.0539594794397087e-14
10.03  2.373381511567408e-14
10.040000000000001  2.4798515669820947e-14
10.05  2.1950572036802212e-14
10.06  2.851815160554322e-14
10.07  2.3470125244102546e-14
10.08  2.5591845776423797e-14
10.09  2.7408191746414816e-14
10.1  2.3857204878293495e-14
10.11  2.4935955766422393e-14
10.120000000000001  2.820333892168394e-14
10.13  2.6702941001810966e-14
10.14  2.4915047194397843e-14
10.15  2.342131618795576e-14
10.16  2.31916003513493e-14
10.17  2.418924007602322e-14
10.18  2.384557730022252e-14
10.19  2.064813830586017e-14
10.200000000000001  3.114269585495613e-14
10.21  2.447728633650849e-14
10.22  2.6005833889633295e-14
10.23  2.8335967301354003e-14
10.24  2.5760957385183548e-14
10.25  2.275633926611747e-14
10.26  2.3394525817980684e-14
10.27  1.960040895528995e-14
10.28  2.4757055506697133e-14
10.290000000000001  2.694127226930862e-14
10.3  2.4096459791213616e-14
10.31  2.8533717200780283e-14
10.32  2.331633557619269e-14
10.33  2.4590336678734145e-14
10.34  2.4059393645666065e-14
10.35  2.4279640922585517e-14
10.36  2.1918159107573383e-14
10.370000000000001  3.2340903422721825e-14
10.38  3.0101123499054776e-14
10.39  2.6261233823370457e-14
10.4  2.413043629249706e-14
10.41  2.0562760857495014e-14
10.42  2.4278197204070025e-14
10.43  2.418178143633405e-14
10.44  1.801719712204443e-14
10.450000000000001  2.958681870865316e-14
10.46  3.029435572774728e-14
10.47  2.4354469826966126e-14
10.48  2.7961975799982723e-14
10.49  2.4606006575265063e-14
10.5  2.2394484318474807e-14
10.51  2.6876012085918416e-14
10.52  1.9171610093121602e-14
10.53  2.546670865081523e-14
10.540000000000001  2.4059393645666062e-14
10.55  2.5776323783549414e-14
10.56  3.030823708431427e-14
10.57  2.408638753291561e-14
10.58  2.6540314046921652e-14
10.59  2.4027609215093602e-14
10.6  2.3883604274909556e-14
10.61  2.204358928778789e-14
10.620000000000001  3.103605827906897e-14
10.63  3.038686705735217e-14
10.64  2.4491051873693803e-14
10.65  2.4845441921750675e-14
10.66  2.421947138725273e-14
10.67  2.5944382336440067e-14
10.68  2.332301799328036e-14
10.69  1.8929383964333824e-14
10.700000000000001  2.8559394866974545e-14
10.71  2.910526471583512e-14
10.72  2.168696424977473e-14
10.73  2.8223343421213895e-14
10.74  2.5986713516836936e-14
10.75  2.5554008446580192e-14
10.76  2.214721020183924e-14
10.77  1.932570033384702e-14
10.78  2.5064821587374526e-14
10.790000000000001  2.617386928041526e-14
10.8  2.3834122832546363e-14
10.81  3.0508933261825974e-14
10.82  2.266187934065758e-14
10.83  2.2220067518869328e-14
10.84  2.5941178983715885e-14
10.85  2.5032636550261247e-14
10.86  2.1153468158388812e-14
10.870000000000001  3.207180482446123e-14
10.88  2.9744765579347844e-14
10.89  2.4449369662280984e-14
10.9  2.260258390715594e-14
10.91  2.437596985644571e-14
10.92  2.1723326415478522e-14
10.93  2.2536118427113994e-14
10.94  2.1101540302601824e-14
10.950000000000001  2.648001559670129e-14
10.96  2.732069440176287e-14
10.97  2.176626500407235e-14
10.98  3.0272720165606746e-14
10.99  2.229111431740898e-14
11.0  2.5306571301922508e-14
11.01  2.2956277353672217e-14
11.02  1.864675365249522e-14
11.03  2.241108050590024e-14
11.040000000000001  2.2380100467089303e-14
11.05  2.229061751763363e-14
11.06  2.924880914066378e-14
11.07  2.075404491183144e-14
11.08  2.5105727477124718e-14
11.09  2.377433150670813e-14
11.1  2.414264464032973e-14
11.11  2.463702527946264e-14
11.120000000000001  2.9915566626053744e-14
11.13  2.6481715867056387e-14
11.14  2.366442395338221e-14
11.15  2.3368810144953667e-14
11.16  2.4217324254775897e-14
11.17  2.390956397067321e-14
11.18  2.3361292728978703e-14
11.19  2.13733251327206e-14
11.200000000000001  2.870833665863409e-14
11.21  2.9314526554147683e-14
11.22  2.2933654515564328e-14
11.23  2.8337362940803206e-14
11.24  2.31088805956495e-14
11.25  2.1706760036321692e-14
11.26  2.238999465842321e-14
11.27  1.9685221313631426e-14
11.28  2.1655130619759557e-14
11.290000000000001  2.1750969882713837e-14
11.3  2.2094275025718255e-14
11.31  3.002788999652554e-14
11.32  2.4381421880664056e-14
11.33  2.1732354278427786e-14
11.34  2.459444718771719e-14
11.35  2.0385861237945332e-14
11.36  2.0308756764270534e-14
11.370000000000001  3.36608768571192e-14
11.38  2.864242270497785e-14
11.39  2.4591580965799672e-14
11.4  2.1762920114812465e-14
11.41  2.21469493191452e-14
11.42  2.2545426271142896e-14
11.43  2.433732339271744e-14
11.44  1.941398849728274e-14
11.450000000000001  2.6438347694366507e-14
11.46  3.0202925655621747e-14
11.47  2.3040404692257177e-14
11.48  2.7477726356710954e-14
11.49  2.3316401656120524e-14
11.5  2.410878120653186e-14
11.51  2.3226176795564052e-14
11.52  1.9873302256533947e-14
11.53  2.4434130374956602e-14
11.540000000000001  2.5893735673308996e-14
11.55  2.255645613681758e-14
11.56  2.6290391244511577e-14
11.57  2.511227789329667e-14
11.58  2.2179049600641124e-14
11.59  2.5357904622744132e-14
11.6  2.281839197500512e-14
11.61  2.494082260851886e-14
11.620000000000001  3.580190612020094e-14
11.63  2.7869306995980675e-14
11.64  2.1382244067402623e-14
11.65  2.3743933775441773e-14
11.66  2.302294464307749e-14
11.67  2.4085571430894545e-14
11.68  2.1477777738117844e-14
11.69  1.9966061628594846e-14
11.700000000000001  2.508299486218901e-14
11.71  2.921850155542083e-14
11.72  2.2335375780648042e-14
11.73  2.58392483646988e-14
11.74  2.1733448712818794e-14
11.75  2.1391195296918754e-14
11.76  2.357901392813092e-14
11.77  2.0518416043840546e-14
11.78  2.1833888759892665e-14
11.790000000000001  2.310106079335255e-14
11.8  2.3618690202969595e-14
11.81  2.849950289170762e-14
11.82  2.3614759521477512e-14
11.83  2.2459817962169545e-14
11.84  2.1844272816490606e-14
11.85  2.193963698425072e-14
11.86  2.0567087543193626e-14
11.870000000000001  3.505510520679798e-14
11.88  2.611202306569506e-14
11.89  2.3009398342209355e-14
11.9  2.4299653324703158e-14
11.91  2.0843383953259754e-14
11.92  2.5476231888929305e-14
11.93  2.4171776100084164e-14
11.94  1.9431757580432474e-14
11.950000000000001  2.9435164162769235e-14
11.96  2.6639641847586793e-14
11.97  2.117473936975306e-14
11.98  3.0590391384960825e-14
11.99  2.4919081920995123e-14
12.0  2.203493804301906e-14
12.01  2.164839937896173e-14
12.02  2.006528481916346e-14
12.030000000000001  3.037352890660873e-14
12.040000000000001  2.1498588099824493e-14
12.05  2.33362873363299e-14
12.06  2.7072843979383746e-14
12.07  2.575920790474439e-14
12.08  2.1833994609581492e-14
12.09  2.1350154548329875e-14
12.1  1.9332242837662058e-14
12.11  2.4107247365772794e-14
12.120000000000001  3.131424338190078e-14
12.13  2.719056375699757e-14
12.14  2.3639946953469337e-14
12.15  2.1607818117846912e-14
12.16  2.0207279036649797e-14
12.17  2.4519275538120378e-14
12.18  2.070225479266241e-14
12.19  1.908913800939681e-14
12.200000000000001  2.85443225372873e-14
12.21  2.5998045565540017e-14
12.22  2.1040941519715113e-14
12.23  2.7822233853447456e-14
12.24  2.1681848427692082e-14
12.25  2.1238323446511985e-14
12.26  2.0880182134614428e-14
12.27  1.8920754201421527e-14
12.280000000000001  2.605318857207816e-14
12.290000000000001  2.245947495945171e-14
12.3  2.2485725403220096e-14
12.31  2.978647890054145e-14
12.32  2.21291324556469e-14
12.33  2.4798841852753687e-14
12.34  2.435613043178796e-14
12.35  2.2167393206929535e-14
12.36  2.111265009815625e-14
12.370000000000001  3.5112426762551365e-14
12.38  2.7007673526866882e-14
12.39  2.4547857074529383e-14
12.4  2.5150671617164273e-14
12.41  2.248550904919025e-14
12.42  2.3293080331483166e-14
12.43  2.158077662864979e-14
12.44  1.9327528864636273e-14
12.450000000000001  2.8354640153954938e-14
12.46  2.9024426914368635e-14
12.47  2.240480196469201e-14
12.48  3.0616865848614294e-14
12.49  2.4706204339281116e-14
12.5  2.199264662312053e-14
12.51  2.464946714870676e-14
12.52  1.88529274900635e-14
12.530000000000001  2.7852122867316895e-14
12.540000000000001  2.3652652749860702e-14
12.55  2.330518190481774e-14
12.56  2.6537770479452963e-14
12.57  2.2759610084079667e-14
12.58  2.2590123004629387e-14
12.59  2.334802651288731e-14
12.6  2.3700325303936344e-14
12.61  2.042599170665666e-14
12.620000000000001  3.0974479369329663e-14
12.63  2.6641478093545644e-14
12.64  2.39353018956748e-14
12.65  2.1011630704723125e-14
12.66  2.3112262973305352e-14
12.67  2.5412745695355096e-14
12.68  2.3353485285623105e-14
12.69  2.0896875010573575e-14
12.700000000000001  2.911120532824749e-14
12.71  3.0652775677913936e-14
12.72  2.289651625933189e-14
12.73  2.784867819925045e-14
12.74  2.3472045341112844e-14
12.75  2.4363720326739717e-14
12.76  2.163989934694452e-14
12.77  2.0409092985758398e-14
12.780000000000001  3.067557467921567e-14
12.790000000000001  2.3368233235990862e-14
12.8  2.4477798811294622e-14
12.81  2.3710426891358966e-14
12.82  1.8284689846042176e-14
12.83  2.767770914587285e-14
12.84  2.2568612417439082e-14
12.85  2.197518839612668e-14
12.86  2.4391719236334527e-14
12.870000000000001  3.554903092559182e-14
12.88  2.8178348354437998e-14
12.89  2.1728729678715912e-14
12.9  2.395648763099112e-14
12.91  2.5284476291186366e-14
12.92  1.9583815697289062e-14
12.93  2.915245944628762e-14
12.94  2.193486106230793e-14
12.950000000000001  2.2658755910235014e-14
12.96  3.118700512480404e-14
12.97  3.1661229283303807e-14
12.98  2.9913557938321735e-14
12.99  2.0891860712478072e-14
13.0  2.224711107538206e-14
13.01  1.9302261803154904e-14
13.02  2.0684459816238375e-14
13.030000000000001  2.907082291255177e-14
13.040000000000001  2.2464122200972157e-14
13.05  2.2570676403458653e-14
13.06  2.010155288240404e-14
13.07  1.883098704849182e-14
13.08  2.7708688069827275e-14
13.09  2.414760999575979e-14
13.1  2.023117365252146e-14
13.11  2.3395497220509175e-14
13.120000000000001  3.063591989704802e-14
13.13  2.901121667812149e-14
13.14  2.3960055912097916e-14
13.15  2.2750367647127965e-14
13.16  2.4451149848552155e-14
13.17  1.9165742483534982e-14
13.18  2.6600964521444677e-14
13.19  2.201269137120639e-14
13.200000000000001  2.322080291501578e-14
13.21  3.3677442441698753e-14
13.22  2.9809233008687827e-14
13.23  2.843550340275198e-14
13.24  2.176888392362393e-14
13.25  2.6296236426694512e-14
13.26  2.100266442560423e-14
13.27  2.0126696864882683e-14
13.280000000000001  2.8078788696595162e-14
13.290000000000001  2.315974526258392e-14
13.3  2.086894461730681e-14
13.31  2.1791610390695684e-14
13.32  1.9708510929136848e-14
13.33  2.9574578469347945e-14
13.34  2.200852007793457e-14
13.35  2.471777379649716e-14
13.36  2.1871182247224364e-14
13.370000000000001  3.098647428421904e-14
13.38  2.7104509797785798e-14
13.39  2.4523743506929992e-14
13.4  2.1028307457542435e-14
13.41  2.4032225692241745e-14
13.42  1.8652758708281632e-14
13.43  2.5585500942049912e-14
13.44  2.258874182494651e-14
13.450000000000001  2.2012813859382644e-14
13.46  3.45395612184161e-14
13.47  3.36192896975373e-14
13.48  2.7820295550533463e-14
13.49  2.3356147839743904e-14
13.5  2.5036406167659628e-14
13.51  2.3397707422584503e-14
13.52  2.1375848037115902e-14
13.530000000000001  2.5419016211934422e-14
13.540000000000001  2.423087185773562e-14
13.55  2.364463911952216e-14
13.56  2.0282926934951467e-14
13.57  1.969897107766703e-14
13.58  2.6298466482710135e-14
13.59  2.4478859932545893e-14
13.6  2.535779829268196e-14
13.61  2.304354743338804e-14
13.620000000000001  3.2311555332676415e-14
13.63  2.8474839886942756e-14
13.64  2.222079991267578e-14
13.65  2.4435627933782747e-14
13.66  2.424280023643221e-14
13.67  1.9210392625261437e-14
13.68  2.7739764311764288e-14
13.69  2.2281279942060174e-14
13.700000000000001  2.383467129406032e-14
13.71  3.340669198370897e-14
13.72  3.3317155259819466e-14
13.73  2.5403554982822287e-14
13.74  2.5738040242631573e-14
13.75  2.3626321359649732e-14
13.76  2.2915013986235753e-14
13.77  1.90636964214663e-14
13.780000000000001  2.3732055933796552e-14
13.790000000000001  2.0878835427779383e-14
13.8  2.2379652184221253e-14
13.81  2.1625280769325358e-14
13.82  2.050496569173102e-14
13.83  2.5461837909480732e-14
13.84  2.3979375701237806e-14
13.85  2.246196589757912e-14
13.86  2.4358265328780388e-14
13.870000000000001  3.16695496362471e-14
13.88  3.020481308023147e-14
13.89  2.224641093038463e-14
13.9  2.3948880366027943e-14
13.91  2.1548911255266753e-14
13.92  2.1377131900918952e-14
13.93  2.5309527767541748e-14
13.94  2.144909867568541e-14
13.950000000000001  2.5358405887031898e-14
13.96  3.1060414457748194e-14
13.97  3.2926407884164215e-14
13.98  2.7495116461117833e-14
13.99  2.198691869846089e-14
14.0  2.2813331482373328e-14
14.01  2.4916164152502782e-14
14.02  1.876375449534162e-14
14.030000000000001  2.9875109347878715e-14
14.040000000000001  2.1873929480544455e-14
14.05  2.0030686646623213e-14
14.06  2.5126216768903664e-14
14.07  1.9955004229856578e-14
14.08  2.630896241696514e-14
14.09  2.49059705361612e-14
14.1  2.094764613337708e-14
14.11  2.1731818118389714e-14
14.120000000000001  2.908959115830223e-14
14.13  2.6814242004542994e-14
14.14  2.2699191378912547e-14
14.15  2.28151211426608e-14
14.16  2.6340611573104524e-14
14.17  1.8418600815046567e-14
14.18  2.731786041817675e-14
14.19  2.2531237081283604e-14
14.200000000000001  2.1832702326186357e-14
14.21  3.076883327758257e-14
14.22  3.003281539388035e-14
14.23  2.8327281187382824e-14
14.24  2.4965472981829158e-14
14.25  2.159648211698136e-14
14.26  1.94448360283653e-14
14.27  2.005059401392311e-14
14.280000000000001  2.7268422851146207e-14
14.290000000000001  2.1265159364349045e-14
14.3  2.3101861129205638e-14
14.31  2.015360613050626e-14
14.32  1.9458781632860447e-14
14.33  2.9295007504809816e-14
14.34  2.2223620920060515e-14
14.35  2.388575879555066e-14
14.36  2.296846519314713e-14
14.370000000000001  3.125836080433342e-14
14.38  2.5313830577229457e-14
14.39  2.3224439542734463e-14
14.4  2.4094753313967534e-14
14.41  2.3409076168796156e-14
14.42  1.9739854357826534e-14
14.43  2.6349924952359882e-14
14.44  2.2851066120553088e-14
14.450000000000001  2.1501114220774208e-14
14.46  3.256150176825993e-14
14.47  3.292798712905708e-14
14.48  2.5578383945989708e-14
14.49  2.3596500185707734e-14
14.5  2.0556222276048013e-14
14.51  2.017669992304701e-14
14.52  2.0029162627428347e-14
14.530000000000001  2.624110600118164e-14
14.540000000000001  2.0909365197530657e-14
14.55  2.365480228635523e-14
14.56  2.147126552841767e-14
14.57  1.990069448911512e-14
14.58  2.809682861000362e-14
14.59  2.1879661196690885e-14
14.6  2.0646118829730155e-14
14.61  2.0468457397450856e-14
14.620000000000001  3.1164320716219616e-14
14.63  2.7001667625962344e-14
14.64  2.420750998012745e-14
14.65  2.2028141375371102e-14
14.66  2.1441339354268414e-14
14.67  1.85635838390438e-14
14.68  2.4698969214455785e-14
14.69  2.3063079654651503e-14
14.700000000000001  2.2060008575423693e-14
14.71  3.492367360638781e-14
14.72  3.3475801725439447e-14
14.73  2.992340694326623e-14
14.74  2.281734331545032e-14
14.75  2.476419589042762e-14
14.76  2.4843023291430455e-14
14.77  1.7835068575783694e-14
14.780000000000001  2.763652643921288e-14
14.790000000000001  2.1480968661393794e-14
14.8  2.235874852635082e-14
14.81  2.1189050713126898e-14
14.82  1.86293471699515e-14
14.83  3.137828894839512e-14
14.84  2.5856892243157366e-14
14.85  2.0991431138945828e-14
14.86  2.4413044460822957e-14
14.870000000000001  3.319648719827032e-14
14.88  2.4692418351104814e-14
14.89  2.1972618649557478e-14
14.9  2.278164729060129e-14
14.91  2.0610491333245353e-14
14.92  1.8797493042021844e-14
14.93  2.9095525996211235e-14
14.94  2.2609467697383713e-14
14.950000000000001  2.180685823974719e-14
14.96  3.162804853080289e-14
14.97  3.361634504476438e-14
14.98  2.7082306455359517e-14
14.99  2.242382985686067e-14
15.0  2.0609070933146705e-14
15.01  2.3137514638904025e-14
15.02  2.0137392200243887e-14
15.030000000000001  2.600210111811747e-14
15.040000000000001  2.2582811170862307e-14
15.05  2.1363428868353473e-14
15.06  2.3149518665718594e-14
15.07  1.8592818979006146e-14
15.08  2.713836800865583e-14
15.09  2.447539788771767e-14
15.1  2.2715119673309278e-14
15.11  2.4025300643872373e-14
15.120000000000001  3.3064009294944084e-14
15.13  2.4856183376931984e-14
15.14  2.1571636225448134e-14
15.15  2.3299075074326716e-14
15.16  2.1186505564782924e-14
15.17  1.851677609313582e-14
15.18  2.7053244366811863e-14
15.19  2.1998460604916642e-14
15.200000000000001  2.1114360932904182e-14
15.21  3.487282636823028e-14
15.22  3.362685065943964e-14
15.23  2.855624206225272e-14
15.24  2.3273426679785575e-14
15.25  2.336491985443433e-14
15.26  2.3246255646810168e-14
15.27  1.8859995324758045e-14
15.280000000000001  2.9524888376764733e-14
15.290000000000001  2.1323942391731196e-14
15.3  2.3621038513762443e-14
15.31  2.1597262409924146e-14
15.32  1.8937114844155257e-14
15.33  2.5071828230680993e-14
15.34  2.1883295657007362e-14
15.35  2.304916318002305e-14
15.36  2.0897146891243458e-14
15.370000000000001  3.3293090802015737e-14
15.38  2.49128827039784e-14
15.39  2.4590688139918916e-14
15.4  2.0180975771941805e-14
15.41  2.3846894771548836e-14
15.42  1.8953705235509317e-14
15.43  2.6771518846589652e-14
15.44  2.1693244413842363e-14
15.450000000000001  2.416688344895612e-14
15.46  3.177920080011175e-14
15.47  3.0820439053506275e-14
15.48  2.845563825941341e-14
15.49  2.0989528976098272e-14
15.5  2.3561459486241955e-14
15.51  2.390314297320578e-14
15.52  1.8900711455511392e-14
15.530000000000001  2.680780572206841e-14
15.540000000000001  2.1817546469022728e-14
15.55  2.3292733062425177e-14
15.56  2.1193067789504833e-14
15.57  1.7195493334653412e-14
15.58  3.047699966228282e-14
15.59  2.2189194014558133e-14
15.6  2.2527411606373837e-14
15.610000000000001  2.5311891359868025e-14
15.620000000000001  3.2254522628043054e-14
15.63  2.7792487670626705e-14
15.64  2.4659575450213685e-14
15.65  2.3328005072276572e-14
15.66  2.2438112717916665e-14
15.67  1.9182858021426967e-14
15.68  2.65499781063264e-14
15.69  2.4832555349250136e-14
15.700000000000001  2.3266069094548503e-14
15.71  3.4022429208634147e-14
15.72  3.326814600949602e-14
15.73  2.5763887872541345e-14
15.74  2.4147801410709243e-14
15.75  2.0549044303685085e-14
15.76  2.315883264490602e-14
15.77  2.1080811913860837e-14
15.780000000000001  2.6700689291619623e-14
15.790000000000001  2.190944624825508e-14
15.8  2.2589015723000867e-14
15.81  2.1131090973877612e-14
15.82  1.779613507939195e-14
15.83  2.892095019206087e-14
15.84  2.216536009338058e-14
15.85  2.7028986057422156e-14
15.860000000000001  2.64723013026888e-14
15.870000000000001  2.7317465611063026e-14
15.88  2.881527396968224e-14
15.89  2.253522001409851e-14
15.9  2.2344432173229976e-14
15.91  2.5918239140391748e-14
15.92  2.1714498794618755e-14
15.93  2.5538354628484512e-14
15.94  2.2144337758179826e-14
15.950000000000001  2.1016763048229735e-14
15.96  3.459226798246608e-14
15.97  3.6809083988329987e-14
15.98  2.947277521878789e-14
15.99  2.979578817746536e-14
16.0  2.4402553863764056e-14
16.01  2.3700401343863436e-14
16.02  1.881348997872235e-14
16.03  3.0181151167342526e-14
16.04  2.418433388671405e-14
16.05  2.396122944394203e-14
16.06  2.503093258346562e-14
16.07  2.211652045587734e-14
16.080000000000002  2.5718029554574074e-14
16.09  2.4016336795874786e-14
16.1  2.1961032467408712e-14
16.11  3.0997312027515707e-14
16.12  3.039355928425377e-14
16.13  2.3300619754649962e-14
16.14  2.39695229073454e-14
16.15  2.4589513319633172e-14
16.16  2.8282441263129152e-14
16.17  3.1197316379073034e-14
16.18  2.7970405043352617e-14
16.19  2.3639230012752593e-14
16.2  2.2565509149881375e-14
16.21  2.9561199563252916e-14
16.22  2.3505125938130664e-14
16.23  2.931084718905371e-14
16.240000000000002  3.236225133012125e-14
16.25  2.5355361123402737e-14
16.26  2.8157576617135372e-14
16.27  2.159740620369013e-14
16.28  2.9958913694440205e-14
16.29  2.5144360988889684e-14
16.3  2.7244893382906654e-14
16.31  3.07320908442612e-14
16.32  2.3757864816970737e-14
16.330000000000002  2.543901091224306e-14
16.34  2.4244158680136863e-14
16.35  2.3534887974923673e-14
16.36  3.131838843135802e-14
16.37  3.4964369626222783e-14
16.38  2.6785856148761272e-14
16.39  3.1324734091097114e-14
16.4  2.782460116882385e-14
16.41  2.4370675653945296e-14
16.42  2.7977651197741726e-14
16.43  2.9175216240588785e-14
16.44  2.40361522057378e-14
16.45  2.7456255354437833e-14
16.46  3.315119723716541e-14
16.47  2.0672985482297498e-14
16.48  3.035211057706508e-14
16.490000000000002  3.3848878227674006e-14
16.5  2.9581978559859345e-14
16.51  3.1451035503986115e-14
16.52  2.2035554228834462e-14
16.53  2.6370488486142152e-14
16.54  2.387764537936993e-14
16.55  2.6662919007230253e-14
16.56  2.4801761775521227e-14
16.57  2.6179441616401824e-14
16.580000000000002  2.3085432013176926e-14
16.59  2.5151590508615907e-14
16.6  2.6451897235179965e-14
16.61  2.2707915938615125e-14
16.62  3.47004033276444e-14
16.63  2.3745296426422982e-14
16.64  2.8432525677075527e-14
16.65  3.035470669959771e-14
16.66  2.7307192451331668e-14
16.67  2.5885701579273587e-14
16.68  3.114054676756924e-14
16.69  3.02414287344995e-14
16.7  2.278940661823275e-14
16.71  3.606612928560418e-14
16.72  2.219130739285079e-14
16.73  2.928323721494556e-14
16.740000000000002  3.6120018815153234e-14
16.75  2.421610155917819e-14
16.76  2.784238420458149e-14
16.77  2.9708882150338643e-14
16.78  2.875319561967056e-14
16.79  2.211894743500645e-14
16.8  2.7871328266481382e-14
16.81  2.4365949409133503e-14
16.82  2.235462322930474e-14
16.830000000000002  2.970444949397106e-14
16.84  2.3273426679785575e-14
16.85  2.29931492082055e-14
16.86  2.9632050632134153e-14
16.87  2.925224360248561e-14
16.88  2.2932708427706582e-14
16.89  3.065673374535365e-14
16.9  2.6778316773019617e-14
16.91  2.917473040299076e-14
16.92  2.7590843144024524e-14
16.93  2.8401200445350325e-14
16.94  2.7520777314747437e-14
16.95  2.8802812835981485e-14
16.96  2.9326265404994925e-14
16.97  2.666771052750037e-14
16.98  2.847414370114687e-14
16.990000000000002  3.411301407067927e-14
17.0  2.9644816318836826e-14
17.01  3.214668753038912e-14
17.02  2.40259669860295e-14
17.03  3.093327460825459e-14
17.04  2.2500744532368475e-14
17.05  2.6951053384140593e-14
17.06  2.8992821177103055e-14
17.07  2.2365233817769155e-14
17.080000000000002  2.8016720549813253e-14
17.09  2.91443398678948e-14
17.1  2.5378072689541283e-14
17.11  2.6835177968885628e-14
17.12  3.8861374272040157e-14
17.13  2.268006318024081e-14
17.14  2.7110393958935665e-14
17.150000000000002  3.5294421066363725e-14
17.16  2.5590640717609858e-14
17.17  2.907632028017756e-14
17.18  3.148896659199945e-14
17.19  2.5990143754330357e-14
17.2  2.6994705278217034e-14
17.21  3.552336356407372e-14
17.22  2.6076914445205158e-14
17.23  3.231418976585509e-14
17.240000000000002  3.884442388326307e-14
17.25  2.959123501971761e-14
17.26  3.1211302130907245e-14
17.27  2.866667280063211e-14
17.28  3.334498298589084e-14
17.29  2.303039923856857e-14
17.3  2.878595766294059e-14
17.31  2.858069668312207e-14
17.32  2.8320658331258586e-14
17.330000000000002  2.7589935687123504e-14
17.34  2.756711467593604e-14
17.35  2.6499366002056375e-14
17.36  3.001023401778213e-14
17.37  3.742288490595352e-14
17.38  2.508308700077538e-14
17.39  3.0611015197513266e-14
17.400000000000002  3.9475649779706806e-14
17.41  2.849767823626083e-14
17.42  3.0776418678627834e-14
17.43  2.920060681510431e-14
17.44  3.059813982726965e-14
17.45  3.028888355820924e-14
17.46  3.8693398443791534e-14
17.47  2.6354207709291512e-14
17.48  3.4736932463145604e-14
17.490000000000002  3.7635168636531293e-14
17.5  2.937669056889282e-14
17.51  3.3044676780762334e-14
17.52  2.7745873346183275e-14
17.53  3.332062343654816e-14
17.54  2.3189041148499868e-14
17.55  3.0699887498508014e-14
17.56  3.060070778221652e-14
17.57  2.683988918053617e-14
17.580000000000002  3.240749632715209e-14
17.59  2.7089100541627072e-14
17.6  2.6966955751920483e-14
17.61  2.927984662544369e-14
17.62  3.667707922008023e-14
17.63  2.417024625697338e-14
17.64  3.231054203195144e-14
17.650000000000002  4.0419582913303005e-14
17.66  3.1106385738808823e-14
17.67  2.7862329692538273e-14
17.68  3.530091332512935e-14
17.69  2.966649411998973e-14
17.7  3.223001115819824e-14
17.71  3.8809371935554633e-14
17.72  2.733321117085885e-14
17.73  3.4632964157651153e-14
17.740000000000002  3.822357964742764e-14
17.75  3.082849904514566e-14
17.76  3.7180797651983725e-14
17.77  3.014686127000147e-14
17.78  3.8515779340677463e-14
17.79  2.4692043963562667e-14
17.8  2.953256177469763e-14
17.81  3.1951538253747264e-14
17.82  3.0964939801234733e-14
17.830000000000002  3.228636836808363e-14
17.84  3.074898159428922e-14
17.85  2.957929286334557e-14
17.86  2.942181432237164e-14
17.87  4.021043456242828e-14
17.88  2.7805324533460835e-14
17.89  3.1513923053765544e-14
17.900000000000002  3.9994320574299574e-14
17.91  3.3776665335060336e-14
17.92  3.070183219414764e-14
17.93  3.6485071016810167e-14
17.94  3.057896146645638e-14
17.95  3.223833182556665e-14
17.96  4.0444723939404897e-14
17.97  3.231128901834461e-14
17.98  3.4720272609677226e-14
17.990000000000002  4.058849390358386e-14
18.0  3.233224356227065e-14
18.01  3.3114216357875744e-14
18.02  3.06509566802854e-14
18.03  3.582647082028697e-14
18.04  2.7969255985408542e-14
18.05  3.147264432509179e-14
18.06  3.1805758265903074e-14
18.07  2.8247248473400862e-14
18.080000000000002  3.388363566513597e-14
18.09  3.14951800438854e-14
18.1  3.011679480856214e-14
18.11  3.2889045422470956e-14
18.12  3.879852231027014e-14
18.13  3.0640810410915855e-14
18.14  3.1192352583941484e-14
18.150000000000002  4.0078628317856746e-14
18.16  3.312832302132455e-14
18.17  3.117775296654996e-14
18.18  3.596061263603291e-14
18.19  3.082868646173906e-14
18.2  3.2366265139855606e-14
18.21  4.238726241982879e-14
18.22  3.180736893146152e-14
18.23  3.559716144848918e-14
18.240000000000002  4.0687019624603267e-14
18.25  3.257857390222188e-14
18.26  3.887671470344619e-14
18.27  3.312376779569221e-14
18.28  3.8460896223225855e-14
18.29  2.8120323642530104e-14
18.3  3.347686029756805e-14
18.31  3.1142262957195e-14
18.32  3.3209694106591084e-14
18.330000000000002  2.907902143652395e-14
18.34  2.991048026405874e-14
18.35  3.062674336242063e-14
18.36  3.0122971619783644e-14
18.37  4.079723128123666e-14
18.38  2.7752078192749816e-14
18.39  3.290857470721351e-14
18.400000000000002  4.01763852044883e-14
18.41  3.198845442531595e-14
18.42  3.211991727818044e-14
18.43  3.7686072488831136e-14
18.44  3.2809391520667815e-14
18.45  3.157067095928248e-14
18.46  4.0265917643615114e-14
18.47  3.227848147794898e-14
18.48  3.597626116220672e-14
18.490000000000002  4.1847198921377016e-14
18.5  3.170853129830171e-14
18.51  3.793959774978906e-14
18.52  3.2934022656090314e-14
18.53  3.531251034691032e-14
18.54  3.0553090035161644e-14
18.55  3.390450355678175e-14
18.56  3.139764153464229e-14
18.57  3.1282306873033564e-14
18.580000000000002  3.2801343419347427e-14
18.59  3.3602342957074176e-14
18.6  3.0400250037947113e-14
18.61  3.3614339783380357e-14
18.62  4.173999332261331e-14
18.63  2.971402570680864e-14
18.64  3.28560084787901e-14
18.650000000000002  4.355840340215596e-14
18.66  3.4350818888742255e-14
18.67  3.4529500628256676e-14
18.68  3.869432112058173e-14
18.69  3.4671235917887674e-14
18.7  3.5717101551761127e-14
18.71  4.501519914375591e-14
18.72  3.5081697102874314e-14
18.73  3.527859224648549e-14
18.740000000000002  4.109401142951278e-14
18.75  3.4789075861945585e-14
18.76  3.5108696738601627e-14
18.77  3.160927799070787e-14
18.78  3.640896810526038e-14
18.79  2.718304402557146e-14
18.8  3.16656968790956e-14
18.81  3.2208967260434475e-14
18.82  3.191351726630569e-14
18.830000000000002  3.1321845999186074e-14
18.84  3.402235844899146e-14
18.85  3.348997461088212e-14
18.86  3.2807492502309086e-14
18.87  4.449101894955632e-14
18.88  3.097082308947518e-14
18.89  3.64630522793699e-14
18.900000000000002  4.1304176145480476e-14
18.91  3.205788208188615e-14
18.92  3.3794302576118563e-14
18.93  3.784290525848633e-14
18.94  3.42087919857066e-14
18.95  3.3715522108738404e-14
18.96  4.459268222801264e-14
18.97  2.827231012216539e-14
18.98  3.717036968864309e-14
18.990000000000002  4.210481735694669e-14
19.0  3.2816434832917516e-14
19.01  3.5839069287508036e-14
19.02  3.0434899912663345e-14
19.03  3.8931694308437466e-14
19.04  2.7522102765624994e-14
19.05  3.3927013406601777e-14
19.06  3.33159413126697e-14
19.07  2.942369867023282e-14
19.080000000000002  3.34351940206034e-14
19.09  3.340138766854811e-14
19.1  3.06899393944609e-14
19.11  3.3839499443904085e-14
19.12  4.238333652218806e-14
19.13  2.978680218808063e-14
19.14  3.358659760806951e-14
19.150000000000002  4.56902091509558e-14
19.16  3.302560120557151e-14
19.17  3.235948987322105e-14
19.18  3.557365113752201e-14
19.19  3.6121725024193746e-14
19.2  3.636425315135499e-14
19.21  4.4691726395622303e-14
19.22  3.0609668760389557e-14
19.23  3.8031502090282806e-14
19.240000000000002  4.3478212208260044e-14
19.25  3.462006029531077e-14
19.26  3.884591870966968e-14
19.27  3.004061228812375e-14
19.28  3.999188626062122e-14
19.29  2.6737379766930294e-14
19.3  3.663905244310429e-14
19.31  3.8498896905162116e-14
19.32  3.676211321402399e-14
19.330000000000002  3.3237997130453644e-14
19.34  3.452857193933207e-14
19.35  3.391986854521601e-14
19.36  3.4018792680030797e-14
19.37  4.204712523716363e-14
19.38  2.987297222226803e-14
19.39  3.236300116782331e-14
19.400000000000002  4.167077038642951e-14
19.41  3.4835580557107254e-14
19.42  3.5350416834420806e-14
19.43  3.673511249126672e-14
19.44  3.4692437751909176e-14
19.45  3.427925957439839e-14
19.46  4.682892060708726e-14
19.47  3.187754442829708e-14
19.48  3.948730807460322e-14
19.490000000000002  4.2916925851413795e-14
19.5  3.7361159588448764e-14
19.51  3.7543435489513836e-14
19.52  3.0669444991971374e-14
19.53  3.750155237701564e-14
19.54  2.7213407725172217e-14
19.55  3.526184216505009e-14
19.56  3.7698948636870576e-14
19.57  3.2817714205725805e-14
19.580000000000002  3.675966918644543e-14
19.59  3.4392283068224255e-14
19.6  3.463646739374762e-14
19.61  3.1934077380705485e-14
19.62  4.3880581917603296e-14
19.63  3.143643426064349e-14
19.64  3.694858515272026e-14
19.650000000000002  4.301273412919739e-14
19.66  3.721313274485967e-14
19.67  3.987993373479848e-14
19.68  4.2353992097579675e-14
19.69  3.5888130998830045e-14
19.7  3.7790059663128365e-14
19.71  4.318186907228606e-14
19.72  3.8547768399073014e-14
19.73  3.947221496944271e-14
19.740000000000002  4.367624469452603e-14
19.75  3.482316104289916e-14
19.76  3.9874678483816896e-14
19.77  3.751125740634437e-14
19.78  4.008632883597098e-14
19.79  2.7700926598119543e-14
19.8  3.2619429533030864e-14
19.81  3.6807954466861943e-14
19.82  3.048722571730306e-14
19.830000000000002  3.7119323519989555e-14
19.84  3.7722308638768806e-14
19.85  3.504512941760764e-14
19.86  3.416516319630982e-14
19.87  4.278181662470744e-14
19.88  2.963197345067899e-14
19.89  3.247080888340639e-14
19.900000000000002  4.575240399527437e-14
19.91  3.6655564629474736e-14
19.92  3.62519083718968e-14
19.93  3.692230501206388e-14
19.94  3.5215998818693196e-14
19.95  3.3846009740961506e-14
19.96  4.463722223854777e-14
19.97  3.163927522605904e-14
19.98  3.761163050243813e-14
19.990000000000002  4.536141708522209e-14
20.0  3.8916806719376895e-14
20.01  4.1048686652973394e-14
20.02  3.180373573573987e-14
20.03  4.029884011236309e-14
20.04  2.7216011986703155e-14
20.05  3.582650576243518e-14
20.06  3.3886227448605165e-14
20.07  3.5034276732392087e-14
20.080000000000002  3.684870191895051e-14
20.09  3.655740761404399e-14
20.1  3.880296973308311e-14
20.11  3.65036894473756e-14
20.12  4.4513748033426294e-14
20.13  2.714922379620118e-14
20.14  3.6816628067435676e-14
20.150000000000002  4.538746149772237e-14
20.16  3.802951440319152e-14
20.17  3.3185548640449545e-14
20.18  3.865334376316258e-14
20.19  3.6508374223300657e-14
20.2  3.902442814910776e-14
20.21  4.479309645593814e-14
20.22  3.694029380598522e-14
20.23  4.021537270170761e-14
20.240000000000002  4.4308444893698625e-14
20.25  3.79834317085713e-14
20.26  4.103844709441325e-14
20.27  3.133962493350965e-14
20.28  3.6327468204115793e-14
20.29  2.881562235606785e-14
20.3  4.1187970227967465e-14
20.31  3.440800396567102e-14
20.32  3.71373335652283e-14
20.330000000000002  3.4027792361259395e-14
20.34  3.526618675625501e-14
20.35  3.796479831418262e-14
20.36  3.757101380856617e-14
20.37  4.7394867060925667e-14
20.38  2.8763324775679516e-14
20.39  3.984157953901878e-14
20.400000000000002  4.501894686549496e-14
20.41  3.201481499712355e-14
20.42  3.9374666484530276e-14
20.43  4.010127447591256e-14
20.44  4.093837320389752e-14
20.45  3.647506192750079e-14
20.46  4.316219580101441e-14
20.47  3.644142958229091e-14
20.48  3.716400060625629e-14
20.490000000000002  5.6479186499002754e-14
20.5  3.55310397014443e-14
20.51  4.881275676844182e-14
20.52  3.879938758467113e-14
20.53  3.985561491528715e-14
20.54  2.7711367410319193e-14
20.55  3.520506751306449e-14
20.56  3.5529576159146814e-14
20.57  3.9000287599955764e-14
20.580000000000002  3.802883578049744e-14
20.59  4.1623268421890924e-14
20.6  3.6856919812691566e-14
20.61  3.789913340275044e-14
20.62  4.3354928760449034e-14
20.63  2.952113084776435e-14
20.64  3.577099346564992e-14
20.650000000000002  4.736490401961192e-14
20.66  3.787963536436599e-14
20.67  4.158837508411002e-14
20.68  4.0292502500844414e-14
20.69  3.5694706204604034e-14
20.7  3.4102691931307e-14
20.71  4.821615554282791e-14
20.72  3.3526954619976536e-14
20.73  3.5883365246741606e-14
20.740000000000002  5.984231521678495e-14
20.75  3.5269998414336415e-14
20.76  4.949922353750153e-14
20.77  3.435710897335065e-14
20.78  3.752771683806998e-14
20.79  2.989638865682686e-14
20.8  3.348821554925226e-14
20.81  3.8464831918013196e-14
20.82  3.424696411172659e-14
20.830000000000002  3.905962979319574e-14
20.84  3.675539371207961e-14
20.85  3.5390045973329174e-14
20.86  4.211466039745823e-14
20.87  4.783329419171839e-14
20.88  3.09724400594099e-14
20.89  3.93912566978417e-14
20.900000000000002  4.6611520749096605e-14
20.91  3.510877353720778e-14
20.92  4.952195109384193e-14
20.93  3.8255400221942167e-14
20.94  3.5896501733899296e-14
20.95  4.1327483555150876e-14
20.96  4.487881966248679e-14
20.97  3.287127400194741e-14
20.98  3.776982411343681e-14
20.990000000000002  5.750087882269909e-14
21.0  3.527628838761924e-14
21.01  4.4634678693063977e-14
21.02  3.974170296666311e-14
21.03  3.8854831936404856e-14
21.04  2.9129182390081216e-14
21.05  3.3000013776394545e-14
21.06  3.8207122584886784e-14
21.07  3.8816318867412505e-14
21.080000000000002  3.928640936885756e-14
21.09  3.539571609382642e-14
21.1  4.222822702577043e-14
21.11  3.4165526788369084e-14
21.12  4.888840332324885e-14
21.13  3.019776014058035e-14
21.14  4.206885652080633e-14
21.150000000000002  4.649330663759332e-14
21.16  3.826922883247461e-14
21.17  4.790909034058079e-14
21.18  3.75032393838638e-14
21.19  3.461266343520448e-14
21.2  3.966764342650441e-14
21.21  5.017511255123368e-14
21.22  3.673715448546183e-14
21.23  3.8950962842249337e-14
21.240000000000002  5.4343184372582754e-14
21.25  3.456327064622796e-14
21.26  4.660467786119632e-14
21.27  3.697846912768329e-14
21.28  3.6663003718542343e-14
21.29  3.160294452114643e-14
21.3  3.855308962683763e-14
21.31  4.06376570294292e-14
21.32  3.7597414230478225e-14
21.330000000000002  3.6527921926881333e-14
21.34  3.318958764455957e-14
21.35  3.523279255981617e-14
21.36  3.3990167361619175e-14
21.37  4.880504458885169e-14
21.38  2.967043770926927e-14
21.39  3.3664218086978456e-14
21.400000000000002  4.9266956411594577e-14
21.41  3.8288793926724354e-14
21.42  4.423051059046433e-14
21.43  3.494591482404468e-14
21.44  4.195766401354739e-14
21.45  3.880313848685677e-14
21.46  4.290920652534698e-14
21.47  3.5967189460693196e-14
21.48  4.0305731014308194e-14
21.490000000000002  5.829467145573667e-14
21.5  3.4229557298149614e-14
21.51  4.809156293638313e-14
21.52  4.049371070315959e-14
21.53  3.822528832149894e-14
21.54  2.955493141080122e-14
21.55  3.385161134999796e-14
21.56  3.8871839718748765e-14
21.57  3.7077179487171656e-14
21.580000000000002  3.980377929889188e-14
21.59  3.32117187256504e-14
21.6  3.1289583140999115e-14
21.61  3.916527109298339e-14
21.62  4.499747238449153e-14
21.63  2.929900520386911e-14
21.64  3.451759311052147e-14
21.650000000000002  4.5192904662613905e-14
21.66  3.979746931584215e-14
21.67  5.131723714364185e-14
21.68  3.445947211393818e-14
21.69  3.9752534987955355e-14
21.7  3.3611944771601605e-14
21.71  4.496595992653709e-14
21.72  3.581377532539258e-14
21.73  3.6100341100024566e-14
21.740000000000002  5.354850481681364e-14
21.75  3.888010552895318e-14
21.76  5.0683657062359804e-14
21.77  3.5655265957945374e-14
21.78  3.834549045608493e-14
21.79  2.877914925478037e-14
21.8  3.885170906965707e-14
21.81  3.3156622897560836e-14
21.82  3.5573304644787116e-14
21.830000000000002  3.5644308451880726e-14
21.84  3.419147909855304e-14
21.85  4.020809715637828e-14
21.86  4.0768774196016e-14
21.87  4.6753127234081973e-14
21.88  3.1118506196438654e-14
21.89  3.7329020435993934e-14
21.900000000000002  4.521662689133478e-14
21.91  3.995869796501266e-14
21.92  4.768166356210412e-14
21.93  3.674533181005904e-14
21.94  4.106722321546078e-14
21.95  4.0024367691975034e-14
21.96  4.91342680463313e-14
21.97  3.9784138705254405e-14
21.98  3.777595021340415e-14
21.990000000000002  5.5771726552387186e-14
22.0  3.5113117870535684e-14
22.01  4.8262422933600385e-14
22.02  3.827750743709832e-14
22.03  3.5272750415663465e-14
22.04  2.957948819495078e-14
22.05  4.266632593363358e-14
22.06  3.616561347267096e-14
22.07  4.139166945983156e-14
22.080000000000002  4.0590164114343624e-14
22.09  3.6272969490287044e-14
22.1  3.437898635950847e-14
22.11  3.4513768109960754e-14
22.12  4.743719386621806e-14
22.13  2.9223948900926047e-14
22.14  3.5611312103553667e-14
22.150000000000002  4.272620766006457e-14
22.16  3.791740780491731e-14
22.17  4.202636914765969e-14
22.18  3.5727938187033135e-14
22.19  4.1386457837853315e-14
22.2  3.669706975170752e-14
22.21  4.0769199356680263e-14
22.22  3.900777573037709e-14
22.23  3.608776696774505e-14
22.240000000000002  5.6775561512255364e-14
22.25  3.643447674525068e-14
22.26  4.910764587703482e-14
22.27  4.043761620627843e-14
22.28  3.7360035803622586e-14
22.29  2.993287952850412e-14
22.3  3.593341033921004e-14
22.31  3.499070646759573e-14
22.32  3.9936193669427265e-14
22.330000000000002  3.4529654012912907e-14
22.34  3.805928085706758e-14
22.35  3.4656923665513225e-14
22.36  3.769468773196937e-14
22.37  4.57431085594689e-14
22.38  3.080576633265281e-14
22.39  3.364306662587043e-14
22.400000000000002  4.6046508311479994e-14
22.41  3.584515261625287e-14
22.42  4.919744493481761e-14
22.43  4.303210481943851e-14
22.44  3.539174383981216e-14
22.45  3.964882337296597e-14
22.46  4.9995151917455996e-14
22.47  4.1678229266423725e-14
22.48  3.678195019154898e-14
22.490000000000002  5.792175673941289e-14
22.5  4.101891902596869e-14
22.51  4.909320545010483e-14
22.52  3.962899219177625e-14
22.53  4.172369540503433e-14
22.54  3.153249612137997e-14
22.55  3.543884077223118e-14
22.56  3.259555289760137e-14
22.57  4.038744317675198e-14
22.580000000000002  3.50648535784619e-14
22.59  3.0188115480977626e-14
22.6  4.031380792621758e-14
22.61  3.9537759011119475e-14
22.62  5.178474159403466e-14
22.63  3.069250908117694e-14
22.64  4.040633209341454e-14
22.650000000000002  4.195603906035062e-14
22.66  4.203304957719457e-14
22.67  4.6612223162616614e-14
22.68  4.018735151269507e-14
22.69  3.936712338961462e-14
22.7  3.557790893285288e-14
22.71  4.4859441950956363e-14
22.72  4.028843940499566e-14
22.73  3.525578810836401e-14
22.740000000000002  5.2971717848059515e-14
22.75  3.907907180476061e-14
22.76  4.609184615271593e-14
22.77  3.4397580156027584e-14
22.78  3.8003018867199515e-14
22.79  3.3293932295173305e-14
22.8  3.519823953673408e-14
22.81  3.691185032861625e-14
22.82  4.034141869476901e-14
22.830000000000002  4.0752560456061e-14
22.84  3.995193367614004e-14
22.85  3.631108262521805e-14
22.86  3.7086021866331344e-14
22.87  4.357102934438416e-14
22.88  3.049091235287235e-14
22.89  3.716083816801187e-14
22.900000000000002  5.073722259251113e-14
22.91  3.979472290262504e-14
22.92  4.9645345329597276e-14
22.93  3.7884990862680997e-14
22.94  3.5632484985156455e-14
22.95  4.3313785202076e-14
22.96  4.9490183830888465e-14
22.97  3.719031256722072e-14
22.98  3.5277380282615314e-14
22.990000000000002  5.986185339330271e-14
23.0  3.9681864086339425e-14
23.01  4.622039262585206e-14
23.02  4.272025818935412e-14
23.03  4.22408727021047e-14
23.04  3.007464870315676e-14
23.05  4.1665779227678425e-14
23.06  3.988268816354188e-14
23.07  3.6923522967510567e-14
23.080000000000002  3.906849672795844e-14
23.09  3.288233394481152e-14
23.1  3.5664996668305136e-14
23.11  4.2745438316786523e-14
23.12  5.039743052198526e-14
23.13  3.3536868027691085e-14
23.14  3.837008877531378e-14
23.150000000000002  4.796690279392529e-14
23.16  3.5893872674835254e-14
23.17  4.3487912046247226e-14
23.18  3.719949257039225e-14
23.19  3.6460442943682904e-14
23.2  3.581055516059191e-14
23.21  4.501475418803439e-14
23.22  3.993336033986543e-14
23.23  3.654452385198509e-14
23.240000000000002  5.358212974009427e-14
23.25  3.346456959398471e-14
23.26  4.5576133270256913e-14
23.27  4.147765026004014e-14
23.28  4.315313683624499e-14
23.29  3.008461461627814e-14
23.3  3.938806878955238e-14
23.31  3.6033963993242805e-14
23.32  3.848252254940806e-14
23.330000000000002  4.202294059757639e-14
23.34  3.9813416544737e-14
23.35  4.1399234450529007e-14
23.36  4.2455081247705586e-14
23.37  4.790561206291093e-14
23.38  3.191332415081743e-14
23.39  3.700658297339765e-14
23.400000000000002  4.530091733616289e-14
23.41  4.04121180963557e-14
23.42  4.7549004293383984e-14
23.43  3.6867512835443967e-14
23.44  3.49367623221565e-14
23.45  3.785673914721621e-14
23.46  4.443108738733125e-14
23.47  3.491056757068964e-14
23.48  3.655410362320606e-14
23.490000000000002  5.5340358232435334e-14
23.5  4.000140837489937e-14
23.51  5.0754475782018074e-14
23.52  3.438309802247473e-14
23.53  3.9899400201642415e-14
23.54  3.018333028015933e-14
23.55  3.4804675634716896e-14
23.56  3.810007571571789e-14
23.57  3.817376590661623e-14
23.580000000000002  3.8886195392656515e-14
23.59  4.1465678115941646e-14
23.6  3.805779308730895e-14
23.61  3.968845449169834e-14
23.62  4.54964282727146e-14
23.63  3.139253763548192e-14
23.64  3.831721299327887e-14
23.650000000000002  4.4925828792979527e-14
23.66  4.06383909067983e-14
23.67  4.5650708242733843e-14
23.68  3.625456193371871e-14
23.69  4.229880516439847e-14
23.7  3.5315853636134755e-14
23.71  4.666319013565508e-14
23.72  3.527918456503182e-14
23.73  4.2645433151273906e-14
23.740000000000002  5.606082815831983e-14
23.75  4.2321410311619074e-14
23.76  4.471987438851142e-14
23.77  4.23319232280298e-14
23.78  3.9835150444638735e-14
23.79  3.1755532390329176e-14
23.8  3.5593428113311574e-14
23.81  3.869932546562684e-14
23.82  3.894672023110331e-14
23.830000000000002  4.215443323120138e-14
23.84  3.5773375830632024e-14
23.85  3.345916958613354e-14
23.86  3.650697096385185e-14
23.87  4.619681896553948e-14
23.88  3.242208850376541e-14
23.89  4.271030284488318e-14
23.900000000000002  4.924436941467482e-14
23.91  3.82005856642722e-14
23.92  5.0301343234328546e-14
23.93  3.7053735028227955e-14
23.94  3.844390953080177e-14
23.95  3.841407763325417e-14
23.96  5.1319481381616904e-14
23.97  3.6609646322775965e-14
23.98  3.920329397635913e-14
23.990000000000002  5.753698021765264e-14
24.0  3.593233699750837e-14
24.01  4.634760620075087e-14
24.02  3.580458496424923e-14
24.03  4.026583154902671e-14
24.04  3.0416881838487247e-14
24.05  4.30304801585711e-14
24.060000000000002  4.399125646392327e-14
24.07  4.0291192794698953e-14
24.080000000000002  4.1094761285681496e-14
24.09  4.165893695795663e-14
24.1  4.1832178518126496e-14
24.11  4.3356954374523804e-14
24.12  4.416684188411816e-14
24.13  3.1281272545286764e-14
24.14  4.14559139407909e-14
24.150000000000002  4.8367621676021515e-14
24.16  3.806158830327604e-14
24.17  4.392487116852137e-14
24.18  3.6626266416379334e-14
24.19  4.4013046857952215e-14
24.2  3.602121982483152e-14
24.21  4.677247071111869e-14
24.22  3.909723326114827e-14
24.23  4.0512112710745375e-14
24.240000000000002  5.23130109766396e-14
24.25  3.898552933005396e-14
24.26  4.804729847617847e-14
24.27  4.050652701601872e-14
24.28  4.0473073390730177e-14
24.29  3.0926091992870967e-14
24.3  3.9979216437741554e-14
24.310000000000002  4.492286215315988e-14
24.32  3.5599695305115405e-14
24.330000000000002  4.1645539401768253e-14
24.34  4.24839342528857e-14
24.35  4.24640311776165e-14
24.36  3.453965043448667e-14
24.37  4.781624363910838e-14
24.38  3.5852170972323e-14
24.39  4.11909948737159e-14
24.400000000000002  4.5782653711071e-14
24.41  3.8696409038889276e-14
24.42  4.840941598832182e-14
24.43  3.8631942682668444e-14
24.44  4.262157614758353e-14
24.45  3.534958053949169e-14
24.46  4.801112103322864e-14
24.47  3.9930435771220073e-14
24.48  4.188185075755689e-14
24.490000000000002  5.936038600107514e-14
24.5  3.5740948589448645e-14
24.51  5.2550775578568366e-14
24.52  3.9548668804859225e-14
24.53  4.169534175045674e-14
24.54  3.211196851531991e-14
24.55  4.016340165380024e-14
24.560000000000002  4.6417289793838916e-14
24.57  3.96152871780978e-14
24.580000000000002  4.2582482988494736e-14
24.59  3.6618946089518724e-14
24.6  4.232447716526467e-14
24.61  3.5698299467924103e-14
24.62  4.696453360728277e-14
24.63  3.118778630621523e-14
24.64  3.624521118251929e-14
24.650000000000002  5.16134686970011e-14
24.66  3.67175273769976e-14
24.67  4.9200709559843464e-14
24.68  4.392845762498498e-14
24.69  4.2609068883044635e-14
24.7  4.176687801485737e-14
24.71  4.578102780020499e-14
24.72  3.7539085106548865e-14
24.73  4.065118407262207e-14
24.740000000000002  5.592364281040752e-14
24.75  4.176978984936304e-14
24.76  4.887897927137241e-14
24.77  3.792680330220077e-14
24.78  4.2604837952918607e-14
24.79  3.0651569308122666e-14
24.8  4.164699900823553e-14
24.810000000000002  4.504491565318691e-14
24.82  4.071250048122987e-14
24.830000000000002  3.934174410768827e-14
24.84  3.6180369623443974e-14
24.85  4.282483846487626e-14
24.86  4.030998779317746e-14
24.87  4.885196567021114e-14
24.88  3.5414722328996175e-14
24.89  4.003181160046916e-14
24.900000000000002  4.964451513604848e-14
24.91  3.60172203056976e-14
24.92  4.7081165722206385e-14
24.93  3.8049119924308664e-14
24.94  3.884822668427929e-14
24.95  4.02250594245597e-14
24.96  5.0952735926789965e-14
24.97  3.769759991331467e-14
24.98  3.87531453467476e-14
24.990000000000002  5.5074594962556116e-14
25.0  3.8611417766559955e-14
25.01  4.8321245515452765e-14
25.02  4.197845751498716e-14
25.03  4.090177730765593e-14
25.04  3.3244333385873913e-14
25.05  4.184616742015379e-14
25.060000000000002  4.867218612462371e-14
25.07  4.032303431352209e-14
25.080000000000002  4.235184348079901e-14
25.09  4.0202315062485156e-14
25.1  3.950466846224805e-14
25.11  3.8561925076959676e-14
25.12  4.9453745608995495e-14
25.13  3.26052917147354e-14
25.14  4.2863267177055014e-14
25.150000000000002  4.77609667482886e-14
25.16  4.160286738052811e-14
25.17  4.5251633634938857e-14
25.18  3.818006175489054e-14
25.19  4.285590303243987e-14
25.2  3.916004842012702e-14
25.21  4.8808193530788714e-14
25.22  3.945699440711161e-14
25.23  4.2377265205200536e-14
25.240000000000002  5.73260154031856e-14
25.25  3.9122603784657987e-14
25.26  5.089262375156124e-14
25.27  4.243442712322344e-14
25.28  4.300858992848191e-14
25.29  3.271759629853878e-14
25.3  3.7707989969311796e-14
25.310000000000002  5.0908795283668194e-14
25.32  3.987549956810421e-14
25.330000000000002  4.183715494138336e-14
25.34  3.774843998500579e-14
25.35  4.150209059160631e-14
25.36  4.213739749530434e-14
25.37  5.2099995350088645e-14
25.38  3.2303176764975334e-14
25.39  3.601373640539678e-14
25.400000000000002  4.5748270117084436e-14
25.41  4.0561875133376654e-14
25.42  5.043335543473172e-14
25.43  3.81000352763029e-14
25.44  4.0219390168158047e-14
25.45  4.057529646563836e-14
25.46  5.056261480375366e-14
25.47  4.054401823965479e-14
25.48  4.174737524867891e-14
25.490000000000002  5.3409236127309416e-14
25.5  3.928576532649161e-14
25.51  4.412609310020075e-14
25.52  4.035627288420035e-14
25.53  3.823763473297235e-14
25.54  3.512659724127563e-14
25.55  4.2838824803688866e-14
25.560000000000002  4.8683534917340594e-14
25.57  4.268490801189873e-14
25.580000000000002  3.886344578205766e-14
25.59  4.063170747202134e-14
25.6  4.22162966611959e-14
25.61  4.475923710259744e-14
25.62  3.96820917511832e-14
25.63  4.0789176909048924e-14
25.64  3.2210776003464666e-14
25.650000000000002  4.2569244891928655e-14
25.66  4.776336245865414e-14
25.67  5.5638964230666223e-14
25.68  4.333832048657616e-14
25.69  5.597297208144201e-14
25.7  3.9612759074431364e-14
25.71  5.0167925680641354e-14
25.72  3.609185472077808e-14
25.73  3.994091945700677e-14
25.740000000000002  5.1309602997444816e-14
25.75  4.137484100436124e-14
25.76  4.5820044245296645e-14
25.77  4.2532555684359634e-14
25.78  4.159356140611388e-14
25.79  3.2106723233329555e-14
25.8  4.3410964720542854e-14
25.810000000000002  5.008130607746304e-14
25.82  3.6527792750720796e-14
25.830000000000002  3.9498341779666123e-14
25.84  3.264626803089116e-14
25.85  4.3459417596899224e-14
25.86  4.578997064702593e-14
25.87  4.351352870399939e-14
25.88  4.1644066448016026e-14
25.89  3.471592349736677e-14
25.900000000000002  4.072812784906326e-14
25.91  4.5636746496373515e-14
25.92  5.610401547833087e-14
25.93  3.88735267109804e-14
25.94  6.039090422665646e-14
25.95  4.204406541319658e-14
25.96  4.605033939120327e-14
25.97  3.966033815655172e-14
25.98  3.960635058113287e-14
25.990000000000002  5.327149010706401e-14
26.0  4.175216876456479e-14
26.01  4.9382465542160546e-14
26.02  3.653704548534732e-14
26.03  4.138878046428897e-14
26.04  3.3777520617342514e-14
26.05  4.3059669389352824e-14
26.060000000000002  4.5618011076924203e-14
26.07  3.671602130070076e-14
26.080000000000002  4.291644792183917e-14
26.09  3.140043851204666e-14
26.1  4.2177394646399756e-14
26.11  4.50653140867968e-14
26.12  4.1191128128362454e-14
26.13  3.857495821218762e-14
26.14  3.4423594598278734e-14
26.150000000000002  4.2148714921026826e-14
26.16  4.241318912712129e-14
26.17  5.92945954902557e-14
26.18  3.8434647958736796e-14
26.19  5.83139825905546e-14
26.2  3.85145092267652e-14
26.21  5.358164090609589e-14
26.22  4.3630817077178393e-14
26.23  3.821789569387345e-14
26.240000000000002  5.3828996191259396e-14
26.25  4.20900749727608e-14
26.26  4.6077239985674553e-14
26.27  3.772410574826945e-14
26.28  3.7785157252150613e-14
26.29  3.2368607290680643e-14
26.3  4.205580650459149e-14
26.310000000000002  4.6800032363354035e-14
26.32  3.90284556737779e-14
26.330000000000002  3.8420494511125714e-14
26.34  3.3209694106591084e-14
26.35  3.881313583833158e-14
26.36  4.4857031223861315e-14
26.37  3.903742774380212e-14
26.38  4.053796600802303e-14
26.39  3.474128933974886e-14
26.400000000000002  4.375654171712372e-14
26.41  5.025675642405901e-14
26.42  6.142075126674047e-14
26.43  3.979721079849647e-14
26.44  5.350504014922962e-14
26.45  4.333744057707364e-14
26.46  4.996766059975049e-14
26.47  3.84929534065589e-14
26.48  4.107496987073888e-14
26.490000000000002  6.029586903524474e-14
26.5  3.908194982007859e-14
26.51  4.6427512210776664e-14
26.52  4.098935663614375e-14
26.53  4.407922944934435e-14
26.54  3.5178831660087154e-14
26.55  3.6453379608996046e-14
26.560000000000002  4.618597838049712e-14
26.57  3.764283623087508e-14
26.580000000000002  3.660080725089857e-14
26.59  3.49413512745371e-14
26.6  4.1170138714474727e-14
26.61  4.4347373714327997e-14
26.62  3.8829754086371494e-14
26.63  4.247407598546376e-14
26.64  3.242958711203328e-14
26.650000000000002  4.146144199124079e-14
26.66  4.6408019633529616e-14
26.67  5.916463420616744e-14
26.68  4.350856239401916e-14
26.69  5.760517766777399e-14
26.7  3.938936940906203e-14
26.71  4.991517529272271e-14
26.72  3.9847611876724545e-14
26.73  4.362573098960869e-14
26.740000000000002  5.2660143591743484e-14
26.75  4.01757919814072e-14
26.76  4.6652424894932374e-14
26.77  4.445813384264171e-14
26.78  3.824863338959866e-14
26.79  3.3413955222936277e-14
26.8  4.157230785137453e-14
26.810000000000002  4.7259587396451234e-14
26.82  3.738353545823673e-14
26.830000000000002  4.057734396039736e-14
26.84  3.336215859403084e-14
26.85  4.263841843538285e-14
26.86  4.9864952651498506e-14
26.87  4.443823680918628e-14
26.88  4.4830539038094094e-14
26.89  3.4119472002370954e-14
26.900000000000002  4.38820829386629e-14
26.91  5.026684937572575e-14
26.92  6.034399179653054e-14
26.93  3.7293290405860447e-14
26.94  5.839200072320179e-14
26.95  4.2030190348151375e-14
26.96  4.7385508839429743e-14
26.97  4.481012828590107e-14
26.98  4.43148100952564e-14
26.990000000000002  5.7433395443439e-14
27.0  4.150460975985207e-14
27.01  5.0513272273304895e-14
27.02  4.2392241970568625e-14
27.03  3.8224224581668384e-14
27.04  3.6659568055681236e-14
27.05  3.7473367881084093e-14
27.060000000000002  4.549311571587472e-14
27.07  3.965001282824104e-14
27.080000000000002  4.2528145055833166e-14
27.09  3.312421406917143e-14
27.1  3.497220150112536e-14
27.11  5.243159736855573e-14
27.12  3.934565104305935e-14
27.13  4.2268162718476055e-14
27.14  3.431169583743625e-14
27.150000000000002  4.0524214487338545e-14
27.16  4.893449669387076e-14
27.17  5.698313338046879e-14
27.18  3.9571596349541716e-14
27.19  6.040935835798806e-14
27.2  4.269188294656328e-14
27.21  4.988057848393432e-14
27.22  3.8399154247336993e-14
27.23  4.3527441976560145e-14
27.240000000000002  5.2941823381385855e-14
27.25  4.0101649082046596e-14
27.26  4.56059919604545e-14
27.27  4.0509871156230324e-14
27.28  3.949060528495309e-14
27.29  3.468808514972848e-14
27.3  4.3714405988275923e-14
27.310000000000002  5.115173039400268e-14
27.32  4.313433062404925e-14
27.330000000000002  4.249991344470365e-14
27.34  3.357887845871794e-14
27.35  3.867132665804299e-14
27.36  4.293361470886918e-14
27.37  4.260995479384909e-14
27.38  3.989615650038684e-14
27.39  3.319522750030628e-14
27.400000000000002  4.05901925832495e-14
27.41  4.9766304354409755e-14
27.42  5.476616249489167e-14
27.43  4.485661904739965e-14
27.44  6.166529542689016e-14
27.45  4.392489747611408e-14
27.46  4.7410197616547575e-14
27.47  4.1373584180237213e-14
27.48  3.964359335372334e-14
27.490000000000002  5.871728593656507e-14
27.5  4.292595166274566e-14
27.51  4.922264899256966e-14
27.52  3.791805794672217e-14
27.53  4.080300905405263e-14
27.54  3.430401633639938e-14
27.55  4.198122564830165e-14
27.560000000000002  5.226743377498699e-14
27.57  4.5545235657991215e-14
27.580000000000002  4.504456291672326e-14
27.59  3.3226114390974156e-14
27.6  4.24433763035674e-14
27.61  4.7891222774905305e-14
27.62  3.74232271397391e-14
27.63  4.1958178109928504e-14
27.64  3.145539385284566e-14
27.650000000000002  4.5517823908234384e-14
27.66  5.014155356574205e-14
27.67  5.897459777560914e-14
27.68  4.419786740661284e-14
27.69  5.772856977505912e-14
27.7  4.0251259779197895e-14
27.71  4.556938095824243e-14
27.72  3.850601738909735e-14
27.73  4.0825121303052866e-14
27.740000000000002  5.969365681995806e-14
27.75  4.2209069750229246e-14
27.76  4.961916233104924e-14
27.77  3.864163294944143e-14
27.78  3.968531047588095e-14
27.79  3.4038352046423e-14
27.8  4.569630167276062e-14
27.810000000000002  5.297676587448486e-14
27.82  4.450790674586235e-14
27.830000000000002  3.9507300370917286e-14
27.84  3.337204016038312e-14
27.85  4.5125760532485465e-14
27.86  4.58144956224078e-14
27.87  4.542868137245605e-14
27.88  4.1797224442129537e-14
27.89  3.400696968361252e-14
27.900000000000002  3.996654049014294e-14
27.91  4.888039772308783e-14
27.92  5.5477508217685834e-14
27.93  4.560352567597746e-14
27.94  5.4903475238321996e-14
27.95  4.19492866827587e-14
27.96  4.8436302641873895e-14
27.97  4.4729840362586826e-14
27.98  3.892995294445573e-14
27.990000000000002  5.926855689824453e-14
28.0  4.042590060229491e-14
28.01  4.9774786556884014e-14
28.02  4.05151551313952e-14
28.03  4.0051656862176946e-14
28.04  3.325092763174013e-14
28.05  4.440216372297479e-14
28.060000000000002  4.976205690556761e-14
28.07  4.0959333270220924e-14
28.080000000000002  4.293891172947104e-14
28.09  3.211005299207243e-14
28.1  3.914219164951124e-14
28.11  5.0057763509565745e-14
28.12  4.1228884008698634e-14
28.13  4.024654172009616e-14
28.14  3.283117394104545e-14
28.150000000000002  4.471115902630736e-14
28.16  5.098817090883812e-14
28.17  6.1757228535233e-14
28.18  4.0759648706879496e-14
28.19  5.1829024662446145e-14
28.2  4.509823260815152e-14
28.21  4.563254898860172e-14
28.22  4.164114350953638e-14
28.23  4.426359091407571e-14
28.240000000000002  5.323896361965366e-14
28.25  3.712449088979634e-14
28.26  5.061137696149268e-14
28.27  3.8804637385225324e-14
28.28  4.165633870062581e-14
28.29  3.310933053937437e-14
28.3  3.806381465385708e-14
28.310000000000002  4.54461848429679e-14
28.32  4.292415697199918e-14
28.330000000000002  4.2948845333019224e-14
28.34  3.56124863389871e-14
28.35  4.028113675272828e-14
28.36  5.093005375105079e-14
28.37  3.9147608610361976e-14
28.38  3.9485132988157005e-14
28.39  3.411631084344853e-14
28.400000000000002  4.009469668647848e-14
28.41  4.665805755557264e-14
28.42  5.878208931625749e-14
28.43  4.361634554007377e-14
28.44  5.381813984771644e-14
28.45  4.0338425834926685e-14
28.46  4.5208098888146654e-14
28.47  4.046858107369136e-14
28.48  4.174595432936506e-14
28.490000000000002  5.6614326077909066e-14
28.5  3.9339012387870526e-14
28.51  4.6525208596583326e-14
28.52  3.9357758548860876e-14
28.53  4.436168767086828e-14
28.54  3.300571228379064e-14
28.55  4.1369217583386905e-14
28.560000000000002  4.8259948737111325e-14
28.57  4.356777595013741e-14
28.580000000000002  4.008935248876043e-14
28.59  3.580294970978681e-14
28.6  4.218399993927049e-14
28.61  5.3279027496885e-14
28.62  4.387202684769923e-14
28.63  4.065627455741995e-14
28.64  3.5067102751833264e-14
28.650000000000002  4.023884617328541e-14
28.66  4.5946871948891896e-14
28.67  5.64084413353954e-14
28.68  4.254755261667081e-14
28.69  5.0028822582020194e-14
28.7  3.8788913441588657e-14
28.71  4.3849206724306595e-14
28.72  4.5150917158188985e-14
28.73  3.941389467107691e-14
28.740000000000002  5.168168777962265e-14
28.75  3.984545619423926e-14
28.76  4.819171268703425e-14
28.77  3.839013522381469e-14
28.78  3.967863157290234e-14
28.79  3.4683243348517915e-14
28.8  3.842495561493262e-14
28.810000000000002  4.8011369740912824e-14
28.82  3.7917651609400474e-14
28.830000000000002  4.048359093950173e-14
28.84  3.434561832785207e-14
28.85  4.077151463298288e-14
28.86  5.016121027864556e-14
28.87  4.1287196321656595e-14
28.88  4.2063471826479334e-14
28.89  3.676672642991448e-14
28.900000000000002  3.741609104621869e-14
28.91  4.843808594000399e-14
28.92  5.5412983163821924e-14
28.93  4.411311958509215e-14
28.94  4.971322099584e-14
28.95  3.87318391910043e-14
28.96  4.647473677703974e-14
28.97  3.7236166514680714e-14
28.98  4.723820397924925e-14
28.990000000000002  5.308924100394072e-14
29.0  3.996722897823159e-14
29.01  4.5823202877053275e-14
29.02  3.656561003458794e-14
29.03  4.014607992327087e-14
29.04  3.5959585839974634e-14
29.05  3.8515979354799117e-14
29.060000000000002  4.0337790233912305e-14
29.07  3.714886536590715e-14
29.080000000000002  4.224781552634675e-14
29.09  3.6492112095778224e-14
29.1  3.50307143181671e-14
29.11  4.0822875705641743e-14
29.12  3.7110356737612605e-14
29.13  4.2383809103192745e-14
29.14  3.4671646929843645e-14
29.150000000000002  3.747927779771476e-14
29.16  4.0396273724277727e-14
29.17  4.7448060239950237e-14
29.18  4.0070169958467654e-14
29.19  5.0694242487484784e-14
29.2  3.674025788959712e-14
29.21  4.4005718944040916e-14
29.22  3.785601059634708e-14
29.23  3.909224783068754e-14
29.240000000000002  5.4036334996415334e-14
29.25  3.720118017066099e-14
29.26  4.195504753256835e-14
29.27  3.9304727371283066e-14
29.28  4.138971750507146e-14
29.29  3.543377106636507e-14
29.3  3.7065012250611645e-14
29.310000000000002  4.582680887308258e-14
29.32  3.661065636653634e-14
29.330000000000002  4.115545660220517e-14
29.34  3.448132923713602e-14
29.35  3.608765222648198e-14
29.36  4.3274608069804066e-14
29.37  4.007271005679059e-14
29.38  4.632746295371867e-14
29.39  3.503744301873958e-14
29.400000000000002  3.738304982624581e-14
29.41  4.5185062682534535e-14
29.42  4.632273359358705e-14
29.43  4.55057719816367e-14
29.44  4.93253126602313e-14
29.45  3.7218459795024393e-14
29.46  4.2613867157950885e-14
29.47  3.6716640261606174e-14
29.48  4.075611182381789e-14
29.490000000000002  4.403157672598368e-14
29.5  3.558326496501364e-14
29.51  4.26802446368897e-14
29.52  3.9240239524971685e-14
29.53  4.0527740719408066e-14
29.54  3.7693082463458295e-14
29.55  3.681460879140489e-14
29.560000000000002  4.2787585226965543e-14
29.57  4.086311320824216e-14
29.580000000000002  3.9970440561244534e-14
29.59  3.702063449118516e-14
29.6  3.656718875840004e-14
29.61  4.3894694754237936e-14
29.62  3.653026020003697e-14
29.63  4.3373362358369755e-14
29.64  3.884021922059723e-14
29.650000000000002  3.650896505324847e-14
29.66  4.128956035328708e-14
29.67  5.202341384156284e-14
29.68  4.0083481456700775e-14
29.69  4.5354734321581404e-14
29.7  3.677571484943019e-14
29.71  4.1047636698498525e-14
29.72  4.3066275619958e-14
29.73  4.2301381326564153e-14
29.740000000000002  4.5777157353131655e-14
29.75  3.700728417369682e-14
29.76  4.195239774893745e-14
29.77  3.9129851945285416e-14
29.78  4.201427775112235e-14
29.79  3.997189327809766e-14
29.8  3.7732097413333196e-14
29.810000000000002  4.160629351506605e-14
29.82  3.7600364678387886e-14
29.830000000000002  3.9192799100403555e-14
29.84  3.919909832843525e-14
29.85  3.528511607319357e-14
29.86  4.391798899951655e-14
29.87  3.96830100850268e-14
29.88  3.9761063339679855e-14
29.89  3.6610961478441986e-14
29.900000000000002  3.7176583560566814e-14
29.91  4.629109358366956e-14
29.92  4.916734725981092e-14
29.93  4.4927395631341046e-14
29.94  4.5024137971489936e-14
29.95  3.4654044953150453e-14
29.96  4.0777052221699984e-14
29.97  3.8278803024510227e-14
29.98  4.7023075252557794e-14
29.990000000000002  4.1842395579575204e-14
30.0  3.8073892321287934e-14
