t   error=Max(Abs(psi_num(x,t)-psi_exact(x,t)))
0.0  0.0
0.1  0.0002319320706012248
0.2  0.000456953969585759
0.30000000000000004  0.0006683625694115238
0.4  0.0008598614209207737
0.5  0.0010257466656882395
0.6000000000000001  0.001161075002279797
0.7000000000000001  0.0012618124387443737
0.8  0.0013249664526935238
0.9  0.0013487096369295157
1.0  0.0013343944839498104
1.1  0.0013641935396000611
1.2000000000000002  0.0013687509359871768
1.3  0.0013476674456892833
1.4000000000000001  0.001300988944840594
1.5  0.0012325106477859378
1.6  0.0011494804506240396
1.7000000000000002  0.001047316262059908
1.8  0.0009448902193976592
1.9000000000000001  0.0008751645147655265
2.0  0.0010106493066944333
2.1  0.0012414340993229544
2.2  0.0014715447342758174
2.3000000000000003  0.0016879529739398172
2.4000000000000004  0.0018812705879528739
2.5  0.0020443738867747053
2.6  0.002171902507345922
2.7  0.0022601223037243836
2.8000000000000003  0.002306953642023483
2.9000000000000004  0.0023120952443471516
3.0  0.002277232986018873
3.1  0.0022063570757193196
3.2  0.0021062319791800626
3.3000000000000003  0.001987056020455665
3.4000000000000004  0.0018632421610970905
3.5  0.0017538768598406697
3.6  0.0016837756976231947
3.7  0.001699211335440665
3.8000000000000003  0.0017352194769880462
3.9000000000000004  0.0018529083884464197
4.0  0.002034846606614476
4.1000000000000005  0.002251437275660704
4.2  0.0024828600214591976
4.3  0.002712124849270722
4.4  0.0029255075245720992
4.5  0.0031122840006508313
4.6000000000000005  0.003264398921380106
4.7  0.003376245836115691
4.800000000000001  0.003444572505234049
4.9  0.003468489359985012
5.0  0.0034495630519748573
5.1000000000000005  0.0033919853957204917
5.2  0.003302805391351721
5.300000000000001  0.0031921826256442027
5.4  0.0030735391540280105
5.5  0.0029633276922159143
5.6000000000000005  0.002879927295953486
5.7  0.0028411472753179855
5.800000000000001  0.0028604179555611186
5.9  0.0029430577869248575
6.0  0.0030847894666639277
6.1000000000000005  0.003273428028943861
6.2  0.0034924281974358495
6.300000000000001  0.0037242695933744165
6.4  0.003952657610707473
6.5  0.0041636025199281975
6.6000000000000005  0.004345821439523253
6.7  0.004490835950681346
6.800000000000001  0.00459297353702835
6.9  0.004649365146310854
7.0  0.004659972118537241
7.1000000000000005  0.004627648602989641
7.2  0.004558227768481982
7.300000000000001  0.004460594710356379
7.4  0.004346662060621672
7.5  0.0042310878917497805
7.6000000000000005  0.004130485737369535
7.7  0.0040618508274968676
7.800000000000001  0.004040119291789685
7.9  0.004075294826566493
8.0  0.004170178009632538
8.1  0.0043197791098328955
8.200000000000001  0.004512671738714741
8.3  0.004733516306747029
8.4  0.0049656546503369205
8.5  0.005193090443405437
8.6  0.005401726291400568
8.700000000000001  0.00558003086809022
8.8  0.005719361524641817
8.9  0.005814111030027105
9.0  0.005861777708324582
9.1  0.005863007305154554
9.200000000000001  0.005821620681326947
9.3  0.005744612813948875
9.4  0.00564207449751188
9.5  0.005526941665785225
9.600000000000001  0.005414422824051451
9.700000000000001  0.005320922463612382
9.8  0.0052623344981794955
9.9  0.005251802706742283
10.0  0.005297418525733103
10.100000000000001  0.005400621932000277
10.200000000000001  0.0055559552135171775
10.3  0.005752245570904877
10.4  0.005974677055708812
10.5  0.0062070070400619985
10.600000000000001  0.006433405446882552
10.700000000000001  0.006639743975826498
10.8  0.0068143976134904935
10.9  0.006948701309043736
11.0  0.007037193444520855
11.100000000000001  0.007077736741799014
11.200000000000001  0.0070715665241027105
11.3  0.00702328190172221
11.4  0.006940763311203613
11.5  0.006834964267181087
11.600000000000001  0.006719485199471412
11.700000000000001  0.006609803762103382
11.8  0.006522039840440863
11.9  0.006471223160666039
12.0  0.0064692385708308205
12.100000000000001  0.006522892547085327
12.200000000000001  0.006632694271876591
12.3  0.006792788801888416
12.4  0.0069920476370332945
12.5  0.007215897242950052
12.600000000000001  0.0074483186268486205
12.700000000000001  0.00767359142417692
12.8  0.007877601524843387
12.9  0.00804871986774141
13.0  0.008178345027372639
13.100000000000001  0.008261212334971693
13.200000000000001  0.008295548607116503
13.3  0.008283119279752537
13.4  0.008229182531950525
13.5  0.00814233276957725
13.600000000000001  0.008034182122204194
13.700000000000001  0.00791879654221052
13.8  0.0078117864160538435
13.9  0.007728977856393002
14.0  0.007684692553062902
14.100000000000001  0.007689846473566414
14.200000000000001  0.007750274155541379
14.3  0.007865757199314639
14.4  0.008030072754335985
14.5  0.008232032939400702
14.600000000000001  0.008457166665850535
14.700000000000001  0.00868958129571648
14.8  0.0089136392684142
14.9  0.009115270900236783
15.0  0.009282900826744376
15.100000000000001  0.009408047904342976
15.200000000000001  0.00948567919067854
15.3  0.009514385900211654
15.4  0.00949642353544301
15.5  0.009437628996845542
15.600000000000001  0.009347196835081076
15.700000000000001  0.009237266397826857
15.8  0.009122247292146314
15.9  0.009017806856615332
16.0  0.0089394833507124
16.1  0.008900992553696438
16.2  0.008912453646267962
16.3  0.008978906120411181
16.400000000000002  0.009099515654180951
16.5  0.009267707118252156
16.6  0.00947217609953685
16.7  0.00969847618546116
16.8  0.00993078695650765
16.900000000000002  0.010153540733617504
17.0  0.010352734593342157
17.1  0.010516887158839609
17.2  0.010637677389090714
17.3  0.010710328873906268
17.400000000000002  0.010733797602238502
17.5  0.01071080059258351
17.6  0.01064769630717306
17.7  0.010554199474585024
17.8  0.010442886386611432
17.900000000000002  0.010328429430816612
18.0  0.010226505809891352
18.1  0.010152373813843096
18.2  0.010119211731993046
18.3  0.010136451171351441
18.400000000000002  0.010208445678051258
18.5  0.010333813044950015
18.6  0.010505635975033007
18.7  0.010712459965329307
18.8  0.010939817111437503
18.900000000000002  0.011171927548007868
19.0  0.011393288010793161
19.1  0.011589980067743842
19.200000000000003  0.011750646251449856
19.3  0.011867155106512822
19.400000000000002  0.011935005221180382
19.5  0.011953517645950235
19.6  0.01192584956275588
19.700000000000003  0.011858838433194947
19.8  0.011762660222671334
19.900000000000002  0.011650262699603049
20.0  0.011536523715729751
20.1  0.011437098182551163
20.200000000000003  0.011366970892801396
20.3  0.011338829687366844
20.400000000000002  0.011361491570883536
20.5  0.011438695926666211
20.6  0.011568557425225475
20.700000000000003  0.011743824193304811
20.8  0.011952871310109968
20.900000000000002  0.012181180965543468
21.0  0.012412995042017672
21.1  0.012632873555886185
21.200000000000003  0.012826997421660638
21.3  0.012984156436719078
21.400000000000002  0.013096431501663593
21.5  0.013159610437269839
21.6  0.013173379495842767
21.700000000000003  0.013141319375489206
21.8  0.013070713571114534
21.900000000000002  0.012972154022170309
22.0  0.012858910279158852
22.1  0.012746022749143942
22.200000000000003  0.01264910027698878
22.3  0.012582858577955894
22.400000000000002  0.012559528096004928
22.5  0.012587361980566737
22.6  0.012669535103828292
22.700000000000003  0.012803690301069356
22.8  0.01298224747305677
22.900000000000002  0.013193398958920015
23.0  0.013422559378636694
23.1  0.013653981447424635
23.200000000000003  0.013872290011942685
23.3  0.01406377828631182
23.400000000000002  0.014217402309607293
23.5  0.014325473542323159
23.6  0.014384080322087666
23.700000000000003  0.014393274073570963
23.8  0.014357045543982452
23.900000000000002  0.014283097832226385
24.0  0.014182402835962695
24.1  0.014068512665140516
24.200000000000003  0.013956596640924794
24.3  0.013862198766063637
24.400000000000002  0.013799768177686187
24.5  0.013781101527037555
24.6  0.013813924537076512
24.700000000000003  0.013900883322365219
24.8  0.014039171874953307
24.900000000000002  0.014220887588174224
25.0  0.01443403288246838
25.1  0.014663944042099156
25.200000000000003  0.01489487881426086
25.3  0.015111530171344496
25.400000000000002  0.01530031526033601
25.5  0.015450372290949827
25.6  0.015554258255265251
25.700000000000003  0.01560837115593534
25.8  0.015613127380461797
25.900000000000002  0.015572916463617144
26.0  0.015495839263477078
26.1  0.015393218074200788
26.200000000000003  0.015278855548717522
26.3  0.015168022496131367
26.400000000000002  0.015076182442278145
26.5  0.015017518839638614
26.6  0.01500341158867159
26.700000000000003  0.015041085815567314
26.8  0.015132685502615456
26.900000000000002  0.015274973439517055
27.0  0.015459729915256426
27.1  0.01567476372302557
27.200000000000003  0.0159053266839559
27.3  0.01613567923770571
27.400000000000002  0.016350586956798703
27.5  0.016536601599376855
27.6  0.016683057272926082
27.700000000000003  0.016782769104547318
27.8  0.01683245230899729
27.900000000000002  0.016832887841756537
28.0  0.016788854323104792
28.1  0.016708831819077254
28.200000000000003  0.0166044680856837
28.3  0.01648978941266432
28.400000000000002  0.01638014498738896
28.5  0.016290904286329472
28.6  0.016235984683444036
28.700000000000003  0.016226361700063308
28.8  0.01626878004936385
28.900000000000002  0.01636490199392659
29.0  0.01651107318252638
29.1  0.01669876206278971
29.200000000000003  0.016915582530603043
29.3  0.017146699057153336
29.400000000000002  0.017376374862100728
29.5  0.017589453411823063
29.6  0.01777263103643024
29.700000000000003  0.0179154498250197
29.8  0.01801099385363786
29.900000000000002  0.018056301858259353
30.0  0.018052518779138854
30.1  0.018004803738031826
30.200000000000003  0.017921999871333527
30.3  0.017816058855251428
30.400000000000002  0.017701207428155372
30.5  0.01759285313486454
30.6  0.017506259238973445
30.700000000000003  0.017455075628842152
30.8  0.017449882425959587
30.900000000000002  0.017496959390679086
31.0  0.017597503127393575
31.1  0.01774745374306831
31.200000000000003  0.01793797306929194
31.3  0.01815648060886824
31.400000000000002  0.01838805293428524
31.5  0.018616957884911908
31.6  0.01882812269630377
31.700000000000003  0.019008397673333358
31.8  0.01914754370752442
31.900000000000002  0.019238923247553066
32.0  0.019279903874778338
32.1  0.019271993740913783
32.2  0.01922072469346593
32.300000000000004  0.01913528859932498
32.4  0.019027922049671585
32.5  0.018913031808442102
32.6  0.018806066025755633
32.7  0.018722170587071006
32.800000000000004  0.018674725697984014
32.9  0.018673922553625013
33.0  0.018725587992086363
33.1  0.018830465903550496
33.2  0.018984100722161255
33.300000000000004  0.019177352913353547
33.4  0.01939744942174052
33.5  0.019629380105888227
33.6  0.019857420560668613
33.7  0.020066588084931534
33.800000000000004  0.02024389591289958
33.9  0.020379333562276777
34.0  0.020466550170084356
34.1  0.020503246682938663
34.2  0.020491293499491272
34.300000000000004  0.0204365880033419
34.4  0.020348657808908353
34.5  0.020240007344565904
34.6  0.02012520507311945
34.7  0.02001972370286562
34.800000000000004  0.019938581307829793
34.9  0.019894885601716823
35.0  0.019898443450679478
35.1  0.019954638268005233
35.2  0.02006377189913881
35.300000000000004  0.020221001739961712
35.4  0.02041689220327471
35.5  0.020638480535102106
35.6  0.020870672380821166
35.7  0.02109775520487821
35.800000000000004  0.02130484296727426
35.9  0.0214791204153185
36.0  0.021610814709693112
36.1  0.02169386908762348
36.2  0.02172632170815207
36.300000000000004  0.02171040406048586
36.4  0.021652372298250167
36.5  0.021562077835305934
36.6  0.02145227734511435
36.7  0.021337684278996252
36.800000000000004  0.021233781164621636
36.9  0.021155448386130798
37.0  0.021115517885502914
37.1  0.021123415378265297
37.2  0.021184088453949684
37.300000000000004  0.021297405900088714
37.4  0.021458145819499473
37.5  0.02165658197438869
37.6  0.021879565579768584
37.7  0.02211192158792575
37.800000000000004  0.022337954197889805
37.9  0.022542880848888273
38.0  0.022714066069487695
38.1  0.02284198301195881
38.2  0.022920875671943498
38.300000000000004  0.0229491226931069
38.400000000000006  0.022929315306742932
38.5  0.02286806197304039
38.6  0.022775526753002165
38.7  0.022664704132191335
38.800000000000004  0.02255043710540993
38.900000000000006  0.02244820430409297
39.0  0.022372738978392336
39.1  0.02233659366041755
39.2  0.022348815012342226
39.300000000000004  0.0224139209669276
39.400000000000006  0.022531354983188902
39.5  0.022695522972562176
39.6  0.022896413553397332
39.7  0.023120696227655235
39.800000000000004  0.023353119578439392
39.900000000000006  0.023578009988730983
40.0  0.023780695353011364
40.1  0.0239487279739194
40.2  0.024072834778529496
40.300000000000004  0.02414756653809531
40.400000000000006  0.024171645151888545
40.5  0.024148020052719647
40.6  0.024083645755223496
40.7  0.023988988430612753
40.800000000000004  0.023877266857698493
40.900000000000006  0.02376343913391199
41.0  0.02366296709336759
41.1  0.02359042775907397
41.2  0.023558090346598823
41.300000000000004  0.02357462373534152
41.400000000000006  0.02364412127634951
41.5  0.023765607883809256
41.6  0.023933123914801048
41.7  0.02413637846559629
41.800000000000004  0.024361864176508246
41.900000000000006  0.024594258228945485
42.0  0.0248179150989191
42.1  0.025018280222669498
42.2  0.025183101423816606
42.300000000000004  0.025303366699510995
42.400000000000006  0.02537393905839608
42.5  0.025393885981611523
42.6  0.025366513371013436
42.7  0.025299115685252015
42.800000000000004  0.025202451146276502
42.900000000000006  0.025089950034960163
43.0  0.02497667191758897
43.1  0.024878049589251883
43.2  0.024808495045148
43.300000000000004  0.024779990081316875
43.400000000000006  0.02480082643268091
43.5  0.024874677109285995
43.6  0.025000154551071786
43.7  0.025170939865613733
43.800000000000004  0.025376468370392372
43.900000000000006  0.025603061140273546
44.0  0.025835329444658477
44.1  0.02605766212618841
44.2  0.026255629322980308
44.300000000000004  0.02641718190232509
44.400000000000006  0.026533575797844496
44.5  0.026599991227851696
44.6  0.02661584318076954
44.7  0.02658479210367693
44.800000000000004  0.02651446637652316
44.900000000000006  0.026415906583464092
45.0  0.026302742300281394
45.1  0.02619012158467513
45.2  0.026093436493674706
45.300000000000004  0.0260269254447982
45.400000000000006  0.026002278573959436
45.5  0.026027410628318738
45.6  0.026105577880124835
45.7  0.026234985829011764
45.800000000000004  0.02640896240513541
45.900000000000006  0.026616675015917465
46.0  0.026844278843303784
46.1  0.02707632516286809
46.2  0.027297243748234848
46.300000000000004  0.02749273664361041
46.400000000000006  0.027650965074612573
46.5  0.027763459394380737
46.6  0.027825721565036727
46.7  0.02783751564150957
46.800000000000004  0.02780285450144624
46.900000000000006  0.027729694469175028
47.0  0.02762934909031591
47.1  0.027515635500524684
47.2  0.027403777811441397
47.300000000000004  0.027309116096521133
47.400000000000006  0.02724570686684569
47.5  0.02722494426809147
47.6  0.027254365852924206
47.7  0.027336814274243025
47.800000000000004  0.027470093224106516
47.900000000000006  0.027647183370431736
48.0  0.027856990206793324
48.1  0.02808550901715764
48.2  0.02831723735662039
48.300000000000004  0.028536652726370536
48.400000000000006  0.028729596301273003
48.5  0.02888444678391274
48.6  0.028993015081960213
48.7  0.02905112903800247
48.800000000000004  0.029058902993901303
48.900000000000006  0.029020699953240643
49.0  0.028944798220746425
49.1  0.028842775124881304
49.2  0.028728624010578064
49.300000000000004  0.02861763305488601
49.400000000000006  0.028525079487211447
49.5  0.028464829783320888
49.6  0.028447977718495075
49.7  0.028481683174904248
49.800000000000004  0.028568377939323902
49.900000000000006  0.028705468733313796
50.0  0.028885594779257978
