t   Re(psi(x_0,t))   Im(psi(x_0,t))    Re(psi(x_n,t))   Im(psi(x_n,t))
0.0  -2.059722071997882e-52  0.0  2.059722071997882e-52  0.0
0.1  3.627901440503259e-17  -2.5649781807967775e-17  -3.0631547230721094e-17  5.616323927690584e-17
0.2  6.96162054611264e-17  -1.6040520247810238e-17  -7.718552494746939e-17  -7.805499009909063e-18
0.30000000000000004  6.192879621300036e-17  1.0629232597064808e-17  -5.532040288267312e-17  1.6550505766263874e-17
0.4  1.6786685289829937e-17  -4.571114132251558e-17  1.0718899689795382e-16  1.645383441405085e-17
0.5  -1.2923125360542465e-16  3.4963818963667736e-17  -1.1381880863785108e-16  1.6939159910584178e-16
0.6000000000000001  1.4873559451236694e-16  -2.7486945279032223e-16  4.908509207335572e-17  -1.0139391752141355e-16
0.7000000000000001  -2.1405454953795893e-16  -1.837163471064448e-17  -1.8510867509570328e-16  -1.6889897998152027e-16
0.8  -2.427950694840489e-16  1.9720751678028288e-16  7.102807225470426e-17  -8.412155880575721e-18
0.9  -5.694703079024706e-17  -1.0307148627900324e-16  -2.0151547642060226e-16  1.7299912420633871e-16
1.0  7.820549598437667e-17  -2.0786106146997494e-17  -1.6727640408938422e-16  2.0453255271218406e-16
1.1  1.0201388877077445e-16  -2.1612271146526461e-16  -1.3574297558353887e-16  1.70293480380966e-16
1.2000000000000002  -3.3278146175202295e-17  -3.4867147611454714e-17  -1.5513749649309119e-18  2.559125796185811e-16
1.3  -7.33313996277694e-18  -1.24877563462908e-16  3.6464253078582885e-17  9.897278889571341e-17
1.4000000000000001  -3.1872064510657197e-16  1.5371460068526577e-16  -7.975401252443347e-17  -2.3947746881805585e-17
1.5  -3.128810288183982e-16  1.0840231063928713e-16  3.6287118435908345e-17  1.7474644704960492e-16
1.6  -5.50675519644033e-16  3.0705121665359367e-16  -1.0901417785777232e-16  1.5272300357779487e-16
1.7000000000000002  1.2980607137088428e-17  1.5539102093184605e-16  -2.1602604011305159e-16  6.049551100985249e-17
1.8  -2.08064824870038e-16  1.2056149979171287e-16  1.0111200749565021e-16  -2.3804687841095243e-16
1.9000000000000001  -3.457452838090639e-17  2.1389753071789977e-16  -3.212387731476049e-17  2.868179328441898e-16
2.0  4.970972292568076e-16  8.551432385452634e-17  4.962261730090838e-16  -1.024931935164017e-16
2.1  -1.3839898114585047e-16  3.2321272034624414e-17  4.1966461669397433e-16  1.6429442175947526e-16
2.2  7.820549598437667e-17  -2.0786106146997494e-17  8.7030966031193e-17  -1.2656323625137344e-16
2.3000000000000003  1.4821996158658422e-17  3.8700664065514574e-16  -8.36544101064436e-17  -2.9852618135905335e-16
2.4000000000000004  -2.72505922203985e-16  3.6917856591883854e-16  1.2424948818267134e-16  5.747843471827069e-17
2.5  2.49712290106676e-16  4.113840638408887e-16  -1.6560693936267028e-16  -1.0189579900899142e-16
2.6  8.90952201976348e-17  4.174422400075316e-16  1.0578291747049045e-17  1.637253186958695e-16
2.7  4.699577225387097e-16  -2.7018811782405637e-17  -1.861528139706638e-16  -1.8093472476977045e-16
2.8000000000000003  5.91620163159721e-16  -7.330388570019439e-17  8.399500383968988e-17  -1.911897711458836e-16
2.9000000000000004  -1.8332849906942343e-17  -3.1219390865727e-16  1.256613549762492e-16  6.51067990855052e-17
3.0  1.2003472919321172e-17  -2.4206771767768996e-16  1.8265122258563627e-16  -2.5787205840193417e-16
3.1  1.7437336452859509e-16  2.1376554955912653e-17  -2.3812734170141394e-16  1.3717105043886825e-16
3.2  -2.0068884808812105e-16  -1.8061128051182174e-16  -8.765383096361117e-17  -4.2244281866594564e-16
3.3000000000000003  -3.5065700663699266e-17  3.220769762123151e-16  -3.699059177251975e-16  -6.329493250438098e-17
3.4000000000000004  2.72885806168916e-16  -7.299160305349516e-17  -1.0242459776310583e-16  8.601909902516148e-17
3.5  2.3456305119408263e-16  -4.0900099552417925e-16  -3.972236627859118e-16  1.743585306441116e-16
3.6  7.940520683786774e-17  -4.320601842569789e-16  2.0553371051343057e-16  4.4801156016515597e-17
3.7  -1.905759653939203e-17  -4.098917337568493e-16  5.161099608214463e-17  3.4706105626872467e-16
3.8000000000000003  -3.467820399260186e-16  -4.754708918894867e-16  -3.346049116569534e-17  6.547241401408034e-16
3.9000000000000004  2.1247755989344614e-16  -1.7345006484390085e-16  -4.822344244346224e-17  2.4245961343436055e-16
4.0  -7.335362929958469e-16  -1.6088798222087153e-16  1.3868479893247764e-16  -2.0555252374909133e-16
4.1000000000000005  -6.834297830440553e-16  1.1623342432877807e-16  -2.0297539038113863e-17  1.2052387332039136e-16
4.2  -9.358841851150448e-17  -1.2627061702082512e-16  3.1408247717046015e-17  -1.590700004789998e-16
4.3  7.995021365373364e-17  4.8320113795675274e-17  -1.7994557876026358e-16  3.2364455923899756e-16
4.4  -5.425759502662584e-17  -4.380914431570853e-16  -1.938060373783009e-18  -3.941250195039266e-16
4.5  -2.9905758528707705e-16  3.1097538456811815e-16  -5.328567115667709e-17  5.731849250508174e-16
4.6000000000000005  -4.1228594511601297e-16  2.277881231609882e-16  4.4403413473585435e-16  -1.5003356781417366e-16
4.7  -2.8168566153615046e-16  6.265030123309976e-16  1.5011663627854442e-16  -1.0115773799784747e-16
4.800000000000001  -2.4709231991958334e-16  5.064891245290598e-16  4.723849270396723e-17  2.8080809235365345e-16
4.9  -3.1536511008585373e-16  5.084740737374208e-16  -1.8872741643988857e-16  4.872054785046964e-16
5.0  7.437307930171011e-16  4.887895602501727e-16  4.31536884359831e-16  5.071224101571151e-16
5.1000000000000005  1.691554195822757e-16  2.1485035284303978e-16  3.191779896825164e-16  -3.55725599734618e-16
5.2  -5.5186105059138586e-17  3.668271913788149e-16  1.4329608700813038e-16  -5.472399188383921e-16
5.300000000000001  3.329435423695378e-17  4.356596053266001e-16  1.2211287475664376e-16  -4.7847754748543136e-17
5.4  -8.919710189766632e-17  3.38659898102082e-17  1.1550448142631654e-16  -7.502749311187183e-17
5.5  5.711276165828708e-16  4.2369216778249784e-16  -2.586315378226481e-16  3.4609752493879967e-16
5.6000000000000005  -2.31607515692424e-16  2.022376178791427e-16  3.273357319700556e-17  -6.345574982042637e-17
5.7  4.37125306653251e-16  5.628937536773503e-16  -4.155310969002851e-16  1.8894036792802666e-16
5.800000000000001  1.6765266880259928e-17  1.673140305607057e-16  -2.7565729631910133e-16  -3.213736479894354e-16
5.9  3.7220085255823885e-16  -1.036179098658769e-18  1.5551953138926607e-17  -1.2911316384364162e-16
6.0  4.592370289372504e-16  -7.41417044948399e-16  5.769319583226674e-17  -1.2255860504638738e-17
6.1000000000000005  2.0649724184335557e-16  -2.6544137788827717e-16  -2.756034617860283e-16  2.671860955576341e-16
6.2  -2.125810326895803e-16  -3.429099711938905e-16  4.296698806586792e-16  -1.7222748873931113e-16
6.300000000000001  3.1661605029850854e-16  -2.4279593501149288e-17  -6.152359000618401e-16  -1.195671445083346e-16
6.4  -3.8592762473734695e-17  -3.9027495049545316e-18  3.6996235743217977e-16  3.4494586125226716e-16
6.5  -9.090708677875903e-17  -6.616868027564799e-16  -6.624485988419551e-17  2.0476873223575011e-16
6.6000000000000005  4.932185033353323e-16  -3.958269003541436e-16  -2.3188942571818726e-16  -8.489435260516543e-17
6.7  -4.740375551368744e-18  -6.22406920121617e-16  3.4386163498664984e-16  2.977047633743907e-16
6.800000000000001  5.457134415759619e-17  -7.154370174385613e-16  -5.255305130067004e-16  -2.561915959612872e-16
6.9  -5.508422335910705e-17  -8.448103843892482e-17  1.8398262608875262e-16  -1.1960636100181155e-17
7.0  -5.212063453046295e-16  -2.7119333193652944e-16  -2.9179159423606736e-16  2.607146052247506e-16
7.1000000000000005  -1.838135954769538e-16  -2.642092509112831e-16  -3.481331307838171e-17  6.218378897222718e-16
7.2  -5.784995413493498e-16  -2.2321273050176916e-17  6.774483066615839e-16  5.057910066539986e-16
7.300000000000001  -4.874691544609893e-16  -2.4967871994658098e-17  4.4362082056961373e-16  2.6771634544906578e-17
7.4  -1.8598494169124566e-16  2.569111322459184e-16  9.993632022563841e-17  -3.4670678698337564e-16
7.5  1.3897741816302597e-16  -2.4933139206393838e-17  4.469921661465446e-16  2.1549984653284645e-16
7.6000000000000005  5.374937542807908e-16  1.3326540725085648e-16  7.015477275824275e-16  -4.76594479977102e-16
7.7  -5.583378912308732e-17  -1.4607900978386503e-16  -1.1035498797871903e-16  -1.4013024018193916e-16
7.800000000000001  -2.1700317433081886e-16  -3.3696322759968354e-16  6.633296387258053e-16  4.295073629816535e-16
7.9  1.993522342371862e-16  5.485174878084355e-16  3.762378998867279e-16  3.106477440401576e-16
8.0  -6.277267467679679e-16  6.495224032562356e-16  5.399067788756152e-16  1.841852354522239e-17
8.1  -8.101203714204681e-16  5.933377455697598e-16  5.232596017571383e-16  -1.9941127911807768e-16
8.200000000000001  -3.153690779877592e-18  7.374792741460321e-16  -2.488266168933032e-16  -7.902523546103463e-16
8.3  3.332619248300308e-16  3.470046165617424e-16  6.548850667217266e-16  -4.4310562470334157e-16
8.4  1.0771519047815896e-16  4.02950489550743e-16  2.731412338397591e-16  -9.977087129838597e-16
8.5  2.3797972949918517e-16  -7.40263353106253e-17  -2.940491911069352e-16  -6.083096705954083e-16
8.6  9.442315087486146e-17  -2.694355883976262e-17  -1.4945296268259958e-17  2.773267610458153e-16
8.700000000000001  6.079930277813807e-16  4.526541103277197e-17  -1.3422922708992945e-16  -2.7338638506953927e-16
8.8  8.071779710532333e-17  -2.80032404871188e-16  1.89275823977715e-16  1.7010013767653994e-16
8.9  -1.7859015167366796e-16  4.9621994858345866e-17  -7.449348400993895e-17  -6.497342706871745e-16
9.0  1.2961113757035564e-16  2.6122314390167568e-16  -5.522917268559698e-16  -1.0402060345884068e-15
9.1  -3.398407957199123e-17  -3.868132979507197e-17  -3.0222429334492345e-17  -7.814014141385222e-16
9.200000000000001  8.618280388548258e-16  -8.376728952040809e-17  -7.365773928709079e-16  1.8770476165810196e-17
9.3  9.830442426841638e-16  -7.673568408130059e-16  -7.855015583633406e-16  -3.5640172218181317e-16
9.4  1.2103906918666349e-16  -6.078158931387061e-16  -1.1004063211938017e-15  2.099762564864325e-16
9.5  2.510917407767509e-16  -3.825724872221676e-16  2.288295126074655e-16  1.706691680758851e-16
9.600000000000001  -2.1185758864408524e-16  -9.17577386947195e-17  -1.63676983019763e-16  9.183299163736251e-17
9.700000000000001  -5.692341283789045e-16  -1.131746406995221e-15  1.446599066347497e-16  5.002564188936517e-16
9.8  -3.5682082371416826e-16  -6.661209561894581e-16  -4.275038890467798e-16  -2.95636601447085e-16
9.9  -7.083762323333547e-17  -4.807829030141098e-16  -4.0263384673671544e-16  -2.315994116615482e-16
10.0  -4.776613398485872e-16  -3.471038930878647e-16  6.985238498469246e-17  -1.1707206445299894e-16
10.100000000000001  -3.023860940448679e-16  -3.038031711862643e-16  9.467553846017903e-17  2.7281735467019406e-16
10.200000000000001  -2.719907263377129e-16  -2.5893486625798146e-16  -4.08914599539082e-16  4.165163351489281e-16
10.3  -2.441076597515045e-16  4.5179737394491936e-17  -1.0068769561547664e-16  1.0758517633653844e-15
10.4  2.2776409957750893e-17  9.322199317984177e-17  2.52474373639031e-16  7.588074934258383e-16
10.5  -5.614646647442143e-16  -4.2903095191908354e-16  6.571789874769613e-16  7.671403443483331e-16
10.600000000000001  -7.917634979300465e-16  3.8559766754462514e-16  3.945701727753743e-17  -1.619403693812818e-16
10.700000000000001  -4.31450056684959e-17  3.125267595330491e-16  2.0756004969940286e-16  -7.200833268116263e-16
10.8  -1.3804051559048948e-16  5.415334067831891e-16  8.388034375817692e-16  1.8400925484614115e-16
10.9  -1.123693153729517e-16  3.647872493050004e-16  5.139079381301168e-16  -4.801308041503939e-16
11.0  -9.456219571326224e-16  4.8782052147170375e-17  -2.9132733921981097e-16  -1.4174471204319944e-16
11.100000000000001  -5.992572833882822e-16  6.008600319669509e-16  -3.356642402200702e-16  -3.3867031879771897e-16
11.200000000000001  -3.8930939100991494e-16  9.998795521592482e-16  -1.0097655133973506e-16  -1.256921800036496e-16
11.3  -2.1359420228256646e-16  3.953227022018045e-17  -6.179449838946583e-17  3.3964745301548626e-16
11.4  -2.1398609803923703e-16  3.3123006960393685e-18  -2.229030290904479e-16  -6.672375985785784e-16
11.5  -6.938523628537886e-17  5.288266056409882e-16  1.8680635967590837e-16  3.2960926342878723e-18
11.600000000000001  2.2261301503380883e-16  1.797093992366975e-16  1.6851113624028754e-16  -1.21130530191058e-16
11.700000000000001  4.737559851697234e-16  6.926054703607828e-16  -5.814601779339494e-16  -8.094587259801364e-17
11.8  5.40269440700988e-16  1.1883901093501348e-15  -7.259549617177642e-16  -3.9700895630435454e-16
11.9  2.466267623163723e-16  4.942460013848193e-17  -5.585348531870151e-16  -2.043230019460065e-16
12.0  4.10358882456163e-16  3.926969446485973e-16  -6.831250077671932e-16  5.974471521578346e-16
12.100000000000001  -2.543774127154017e-16  -6.582564122986575e-16  2.2551721191142607e-16  -4.331692996335194e-17
12.200000000000001  -3.0647755292472596e-17  -3.4462921843823954e-16  -8.223333951059668e-16  1.0959420597105048e-16
12.3  -8.988711574185174e-17  -6.902784079133863e-16  -4.754228447225282e-16  -6.930859334387907e-16
12.4  1.620584591430648e-16  -1.1058754825056921e-17  -4.688949146826625e-16  -4.276231371409435e-16
12.5  3.494818963852769e-16  -1.0871843241853288e-15  3.6329897123639885e-16  4.4322212336902204e-16
12.600000000000001  -1.9163125053317648e-16  -4.876180692501727e-16  -6.28830074778394e-16  1.0218320789172124e-16
12.700000000000001  1.8967293008220414e-16  -4.074975223976857e-16  -1.0934413505049416e-16  9.05459006458296e-16
12.8  -2.320075154799703e-16  -3.4378580502571086e-17  -5.145198053486019e-16  9.457348365465869e-16
12.9  1.6109753298704905e-16  -7.725035719447541e-18  3.473082335062238e-16  8.619675470261788e-16
13.0  -8.635484358399781e-17  -9.781163117944835e-16  5.925753724659886e-16  5.246552604889647e-16
13.100000000000001  -5.22336302072444e-16  8.31027418054419e-18  6.086263134094358e-16  -6.333637932466424e-16
13.200000000000001  -6.38681014719084e-16  -2.707531005037523e-16  1.5430636104334905e-15  1.2703791196326685e-16
13.3  3.7602574394664113e-16  -1.0825469843705836e-16  3.3617683091243306e-16  1.746570142008237e-17
13.4  4.532677086010928e-16  1.8120172932073687e-16  4.762118465836878e-16  1.5170824288870608e-16
13.5  -8.120636421420696e-17  8.130303556641998e-17  -1.6974586839119086e-16  3.7728507669931975e-17
13.600000000000001  2.6281619735336594e-16  -9.755831692822629e-17  -2.3298986004555607e-16  1.819803104862596e-16
13.700000000000001  -3.117591760814594e-16  -3.714975243353592e-16  1.4586766381728694e-15  6.515403499021842e-16
13.8  -2.3894875968607664e-16  -1.2303617444133802e-16  8.282546682751658e-16  7.654993124623023e-18
13.9  -9.969608868663448e-17  3.4587335720697325e-16  5.004468679150205e-16  -6.338549655294352e-16
14.0  -3.5869810385638316e-16  4.427257407384106e-16  5.035820339683853e-16  -3.440952093363067e-16
14.100000000000001  8.17303582516255e-16  1.0227160210756971e-15  4.686541018295739e-18  3.384717657454744e-17
14.200000000000001  -2.8566887433156647e-16  9.033788327392506e-16  -8.663385992670389e-17  -4.510344238228521e-16
14.3  -3.1192010266238246e-16  1.0506859153367777e-16  3.808277695528107e-17  1.8198552083407807e-17
14.4  2.6072820811259287e-16  9.994928667503962e-16  -6.589973669928586e-16  -2.44112870099323e-16
14.5  -6.06487094809499e-16  4.3178116791427284e-16  1.8168769125571125e-16  5.237047550285859e-17
14.600000000000001  -1.6022387156541599e-16  -1.1117626170880776e-16  -1.291696035506239e-16  -2.972028818868128e-16
14.700000000000001  -5.944716100984382e-16  -7.025354310461944e-17  -9.887095090163294e-16  -6.316173402266089e-16
14.8  -8.209831783671897e-16  4.493892711887656e-16  -1.2303096409351951e-16  -3.748688699122901e-16
14.9  -1.873001371326105e-16  4.1179216765931084e-16  -8.604109617134295e-16  -5.22421975710724e-16
15.0  9.779449645179233e-17  1.6178465314817726e-16  -7.300468576571329e-16  -2.2675542335525997e-17
15.100000000000001  -3.1002024577821695e-17  -1.930819021304565e-16  -7.686234120691161e-16  3.7421416587466487e-16
15.200000000000001  4.993331192089574e-16  4.6441098302783766e-17  -1.4062656425156321e-15  1.687531031299681e-16
15.3  1.8365093354535416e-16  -7.874542357027724e-16  -3.763704666553746e-17  6.065811609878027e-16
15.4  -2.326089620028185e-16  -7.964098073031115e-16  -1.5647003684964485e-16  6.683009834529216e-17
15.5  -6.943154552418754e-16  -2.2179680739696462e-16  1.0982459812850204e-16  -9.071258660111007e-16
15.600000000000001  -1.0961655104652497e-15  -3.809562800102307e-16  2.6630563269207987e-16  4.065412295711925e-17
15.700000000000001  -3.9870331443778045e-17  3.38745571740362e-16  -6.308995392926543e-16  1.7199536123118294e-16
15.8  3.645093869988863e-17  5.123941896365074e-16  -5.782095272927108e-16  4.652069262917039e-16
15.9  -1.4878523277542807e-16  3.470691602996005e-16  -3.078830553338934e-16  4.1675251467249415e-16
16.0  -7.412921537426947e-16  -1.5590216478268034e-16  1.0356297678101664e-15  2.8407176886443835e-16
16.1  -2.1913718258293715e-16  -7.491982318656807e-16  -3.004694520806549e-16  3.0334702020088366e-16
16.2  8.731710203704072e-16  -1.0626083479473414e-15  4.118271889567231e-16  6.81976237763718e-16
16.3  6.72020810949087e-16  -2.6546452735273505e-17  9.600786862919988e-16  -5.248381824977537e-16
16.400000000000002  3.9334643833840396e-16  -6.881956290204319e-16  5.641609019517566e-16  4.478616312981658e-16
16.5  6.779102450130792e-17  1.5313631774403548e-16  1.004490840234901e-15  4.7621995920614095e-17
16.6  4.290083751771329e-16  3.6557625116616006e-16  8.817713086075906e-16  -5.2743846533016415e-17
16.7  4.421192281223179e-16  7.710458432817709e-16  8.73190122115216e-16  1.5239796822374354e-16
16.8  2.6828537155262224e-16  7.2274454272175635e-16  3.2710157845420846e-16  -4.834268967846818e-16
16.900000000000002  8.153145812924561e-16  8.542451164806406e-16  -5.177678508159313e-16  9.267322285768597e-17
17.0  -2.1647177040279519e-16  -5.642842020613581e-16  1.4135721537210206e-15  7.829672618145279e-16
17.1  -5.298089502065741e-16  1.4697365470345186e-16  4.725452766022994e-16  8.926946115725209e-17
17.2  -7.573603168257003e-17  1.8759015118924958e-16  -8.89638160571575e-17  -8.813794128509199e-16
17.3  -5.915846353603791e-16  5.805047506349002e-16  -1.0922893897176837e-16  4.072937589976226e-17
17.400000000000002  6.724605353429609e-16  7.282167570065383e-16  3.631203897521957e-16  1.1188885229494383e-16
17.5  -1.9355426117758864e-17  2.3306511298819908e-17  6.043666894452229e-16  -1.3631489966594127e-16
17.6  -1.1589637718298713e-16  3.880752358773075e-17  2.98896658706154e-16  1.6559073130091876e-16
17.7  -2.9240635513760975e-16  -8.789522083499573e-17  -7.592613277464576e-16  -5.727015682897523e-16
17.8  1.5525151276049302e-16  2.505603368487272e-16  -1.0423536457283675e-15  -5.67644549924356e-16
17.900000000000002  2.0980954253939496e-16  -5.1455279849040096e-17  -9.240254307148953e-16  -6.274153143017588e-16
18.0  -4.009829067365142e-16  4.892112669564371e-16  -1.2207814196837948e-16  -5.785988178754721e-16
18.1  -8.155773895734108e-16  7.362922920613618e-17  -6.387183526812575e-16  6.626022869194463e-16
18.2  -3.1916988565164056e-16  5.561218285921908e-16  -4.308387664847699e-16  4.1741821642405226e-16
18.3  -6.071177752636449e-16  8.035015573945038e-16  -6.264439674501061e-16  -3.0694354758744766e-16
18.400000000000002  -9.38616457697806e-16  -5.016358695637265e-16  -9.513875140687169e-16  6.878436678082668e-17
18.5  -6.623362964462865e-16  3.687438333430279e-16  -1.131660733356941e-15  -2.8286655915398078e-16
18.6  -4.1663673298389507e-17  -9.32738021347747e-16  2.2619912172473577e-16  4.8043123890267e-16
18.7  -4.671690102489661e-16  -4.524005601142328e-16  2.0033457880277194e-16  3.3215859681960477e-16
18.8  -5.541435365731769e-16  -4.418639511497319e-17  5.9797985867281295e-16  3.02349625905927e-16
18.900000000000002  5.812271806025885e-17  2.1173139485142647e-16  -3.0474788928052854e-16  7.065122708656227e-16
19.0  7.713076374849189e-16  -9.541649315438018e-17  -4.567623542876252e-16  2.944034603922843e-16
19.1  5.256914395876235e-16  -2.2037451990774974e-16  5.891930291751247e-16  -6.786830388124873e-16
19.200000000000003  9.833770935599428e-16  -7.058789852375675e-16  4.605203852734081e-16  5.443623507181634e-16
19.3  -4.129140203962496e-16  2.925996978420358e-16  7.767930240417153e-17  -4.072827612836896e-16
19.400000000000002  -7.592937438699606e-17  -1.3742864837200432e-16  1.7777133886291447e-17  -6.167380345377355e-17
19.5  3.1491691887677484e-16  -2.657836353818866e-16  -1.5573516017860045e-16  4.150232095168374e-16
19.6  -3.5678030355978956e-16  3.358601880984055e-16  8.357811509423688e-16  4.575513561487849e-16
19.700000000000003  -5.300561274440731e-16  -7.666048884048716e-16  1.4768161453753857e-15  6.387154589982003e-16
19.8  9.273747808639601e-17  -1.2130766483373257e-16  7.39682747974679e-16  -8.375044502021559e-16
19.900000000000002  -1.9628132341253138e-16  3.8031778403435703e-16  1.4471455243006804e-15  6.915449791694968e-16
20.0  1.8139507202516293e-16  -1.282489090398389e-16  7.96544105126646e-16  1.176677236097326e-16
20.1  9.728711610724795e-17  -1.3082835907255282e-16  -5.682141573419971e-16  -1.1603380121521277e-15
20.200000000000003  2.9480237612263135e-16  -9.115782535135494e-16  2.1955910781895685e-16  1.35500718036816e-16
20.3  8.064726146747403e-16  -5.618928843852518e-16  -2.661755311385572e-16  -3.5113688840091593e-16
20.400000000000002  -6.8659912634633245e-18  2.868769777250813e-16  8.25194755164444e-16  9.342980859534272e-17
20.5  -2.058315400917974e-16  3.8839708903915365e-16  6.463119842602277e-16  -3.7567581089008925e-17
20.6  3.7350562730396666e-16  1.0717180446846822e-15  -4.347739321132274e-16  -3.455739365325038e-16
20.700000000000003  -4.559409363029624e-16  5.546106852724905e-16  -1.941232915769338e-16  2.7261880161794957e-16
20.8  5.619947660852832e-16  3.551643848570006e-16  8.510100968828574e-17  -3.202920268977274e-16
20.900000000000002  -1.9798725627818619e-16  -2.1503689410354469e-16  -6.530830395221547e-16  -1.0412756438883753e-15
21.0  -7.996468550565078e-16  3.9415743562742964e-16  -6.484902761730148e-16  -3.5572400863851537e-16
21.1  -7.345180605431366e-17  2.2977162552782046e-16  -1.7050534781190481e-16  5.664772551943679e-16
21.200000000000003  -1.0796312127607372e-15  -7.26428334842703e-16  4.376266025309553e-17  8.502969249826368e-16
21.3  -7.100017062043367e-16  -4.429603291658741e-16  -7.798378831272776e-16  7.49041930022703e-17
21.400000000000002  -3.9193457154482607e-16  6.958239933876664e-16  -3.021875409926233e-16  -5.926020012233772e-16
21.5  -6.623765280915173e-16  4.878853623102872e-16  3.104746657087097e-17  -5.398772564351694e-16
21.6  4.153090273034646e-16  -1.749609153586643e-17  3.8593822467725436e-16  8.117205158991746e-16
21.700000000000003  2.1529868830669267e-16  1.4871547868975154e-16  -3.3612198230155343e-16  -7.034830385277272e-16
21.8  -1.3401446597593342e-16  -1.6139275739150665e-16  -1.2666815674819394e-15  2.9203356112574793e-16
21.900000000000002  5.591681388150703e-16  -4.743062023334078e-16  -2.6880172575127507e-16  6.193846334822167e-16
22.0  -3.0166134741241826e-16  -2.0610534608668497e-16  5.2152820705805295e-17  -1.1078951773896833e-15
22.1  -5.445556934225895e-16  1.355015857121543e-16  9.167351275712583e-16  7.648740707240821e-17
22.200000000000003  -6.316457043346739e-16  2.8732270801482493e-16  9.70616457884669e-17  -1.3630940080897479e-16
22.3  -1.776573011165693e-16  4.660241480063548e-16  2.4431446216314595e-16  -8.726476112083817e-16
22.400000000000002  -3.704856573293277e-16  8.277134206698012e-17  -9.749927204733478e-17  -2.8807408340466314e-16
22.5  -3.026141695375582e-16  -2.3753981235028815e-18  2.6138001846716084e-16  -7.063753678681789e-16
22.6  -3.870766832499703e-16  -9.745302051035566e-16  -7.027276111224512e-16  -2.928248796516689e-16
22.700000000000003  8.661064760546994e-16  -4.869325401851472e-16  -2.9615859875727825e-16  7.017666849664354e-16
22.8  1.0436526331079808e-16  1.1971056795818192e-18  1.7565266455352644e-17  6.405464273241332e-16
22.900000000000002  -5.035849276514426e-16  -4.701186491196327e-16  1.8343847620875348e-17  1.3268039959707821e-15
23.0  -4.087460759661866e-16  7.77634988464821e-16  8.062064056718252e-16  1.890561431729428e-16
23.1  1.4784369687336902e-17  1.9923935482322167e-16  3.1257900297001947e-16  -3.3596351663996565e-16
23.200000000000003  5.516500486878911e-16  3.9731633675512577e-16  3.1434151979723064e-17  1.1016034268733837e-16
23.3  6.291496112754788e-16  3.72716048424511e-16  3.5755599104225503e-16  -4.638164779076961e-16
23.400000000000002  2.0213834135302042e-16  3.7600693071098035e-16  -1.468931914129903e-16  -7.680920081410925e-16
23.5  2.887988300371128e-16  1.9855305224456416e-19  7.173140047758394e-17  3.023108411022249e-16
23.6  -7.477221098433928e-16  -4.123099686994922e-16  5.678610420932399e-17  5.796376021480402e-16
23.700000000000003  3.3016554358036815e-16  -4.690035978266151e-16  1.4867162886675207e-16  1.8570212685255336e-16
23.8  -3.3876293813449416e-16  2.733529548682296e-16  -2.2680693692778307e-16  8.537090792230944e-17
23.900000000000002  -9.615166048246691e-17  3.5862979661223527e-16  4.517429623935504e-16  -3.8972849254227e-16
24.0  -9.633319421071465e-16  2.855941984072195e-16  2.4212155221076296e-16  6.005632164663907e-16
24.1  1.895710483821726e-16  4.3810707420054074e-17  -5.812792840807737e-17  4.0208623474694025e-16
24.200000000000003  -1.1914963299813499e-16  -2.0043646050280345e-16  1.5924514625154608e-16  -1.2539507427562594e-15
24.3  2.3523935288554815e-16  4.866477364763266e-16  -4.963698774504487e-16  -2.947253135541304e-16
24.400000000000002  4.878888722971254e-16  -3.990376057114053e-17  -7.527894519035283e-18  5.827636511666698e-16
24.5  3.476034579106813e-16  7.356781167696929e-16  3.471227063235255e-16  -3.837776969326251e-16
24.6  4.490593139960437e-17  1.573719181247691e-16  5.228034507717577e-16  4.0344426700744514e-16
24.700000000000003  -1.8471258306902083e-16  5.280804405989686e-16  5.711125668534999e-16  -6.911160339598006e-16
24.8  -8.258060453646333e-17  2.6144195703110956e-16  -1.136873467955442e-15  -7.032103908652203e-16
24.900000000000002  4.40979431972951e-16  -6.780763819418207e-16  1.4204341574058756e-17  -7.7581704386054e-16
25.0  3.6539506021225913e-17  4.745073605595616e-16  -5.635600324472043e-16  -1.928075751007871e-15
25.1  3.204742992239599e-16  -2.3495764174679764e-16  -9.15210381363716e-16  4.944428147905986e-16
25.200000000000003  -3.8903847869808456e-16  2.7240143533004425e-16  -6.005580061185722e-16  -3.716960773876037e-16
25.3  2.685603358798905e-16  9.546454032133873e-17  4.0258290588669967e-16  4.572535265704181e-16
25.400000000000002  -3.3668421125697744e-16  -3.100787136408124e-16  -4.629626437995304e-16  7.042361492682422e-16
25.5  5.3372790777328e-16  2.1522604053795888e-16  -3.8877798708189124e-16  7.725585776975737e-16
25.6  -3.264682928261533e-16  -1.952023074947326e-16  3.830610543310512e-16  4.498211100815189e-16
25.700000000000003  8.698885306239617e-16  -1.6810071575710418e-16  -2.9433602297136904e-16  8.394986617737731e-16
25.8  -6.815628143325997e-16  -6.441836201935972e-16  7.928331858009849e-17  -8.003867967468495e-16
25.900000000000002  -3.1473182445779855e-16  -1.701551305419936e-16  -4.4247754942310493e-16  -7.196966414027742e-16
26.0  3.2131199793463467e-16  5.650940453137919e-17  -1.0472789714441384e-15  -1.9355136749453143e-16
26.1  4.8872936133268906e-17  -5.202963599986295e-16  -3.1962893032007846e-16  3.447635162617741e-16
26.200000000000003  -4.674616294795145e-16  -6.330199446569303e-16  1.9699564934934406e-16  9.450153002619556e-16
26.3  -7.924480129172655e-16  1.6875831347778657e-16  2.963253127043158e-16  4.500949160764064e-16
26.400000000000002  -1.6158227974697095e-15  5.199692964889649e-16  1.046223979109819e-15  -2.7253312797966953e-16
26.5  -7.274744986514353e-16  -2.821301985038171e-16  -5.375236753007226e-16  6.121664262573426e-16
26.6  -9.741076285740596e-16  -3.033480342786903e-16  7.32263934373622e-16  -1.1028132613217862e-16
26.700000000000003  -3.4130360336350597e-16  -1.6878754740908435e-16  1.5667958761582242e-16  6.589811589311072e-16
26.8  7.679148734984179e-16  -7.111953325909878e-17  -1.0011461234153587e-15  9.679490175489138e-16
26.900000000000002  -7.337938909289829e-16  1.5316873386753846e-16  7.770841921349464e-16  8.991912795254756e-16
27.0  -1.0323241285992629e-16  5.33513146659284e-16  -3.7851402148410855e-16  -1.524329895211558e-16
27.1  3.378552651974667e-17  3.2748015983218475e-16  3.5283066951604575e-17  -5.169921633334659e-16
27.200000000000003  -4.3853567197286136e-16  -6.03017992212235e-16  4.708485416460909e-16  3.595829446526007e-16
27.3  2.4198725438722844e-16  2.502865308538397e-16  -4.3348276025534184e-16  1.947901473650838e-17
27.400000000000002  1.6252676187897053e-17  4.885186479383423e-16  1.1284555247087516e-15  -9.962453983013628e-16
27.5  1.0302343911204472e-16  9.829209425745622e-16  5.762338404476063e-16  -1.0470992316275547e-15
27.6  5.199316700176434e-16  1.4280555116377855e-15  -3.5609607708171856e-16  -5.684231310898787e-16
27.700000000000003  3.279872516675812e-16  -8.622951875541393e-16  1.3638204857770855e-16  7.795050322514985e-16
27.8  1.278977659631809e-15  -3.5348189426074043e-16  1.8298696714447261e-16  6.178196556294436e-16
27.900000000000002  8.057761594860952e-16  4.1132872783384825e-16  5.550690428522944e-16  2.7897946586080684e-16
28.0  -3.328752394211787e-16  3.0303298256076534e-16  4.930199502830877e-16  -1.0702807031703079e-16
28.1  -1.732353037299048e-16  -1.0048393221541356e-16  -7.718552494746939e-17  -7.805499009909063e-18
28.200000000000003  6.273296406634787e-16  -7.192474318201002e-17  2.303484714488934e-16  -8.868283269729868e-16
28.3  1.08619098190581e-15  -4.487692999394046e-16  -8.973232617465171e-16  1.8185701037665801e-16
28.400000000000002  1.4292071753243178e-15  1.0866222523718451e-16  -1.231354509674603e-16  3.8334817470463306e-16
28.5  1.2095668086668482e-15  -2.723895677928786e-16  1.4436468223029214e-16  6.265458491501375e-16
28.6  4.92089541002582e-16  4.88469371922637e-16  1.0926635114848252e-15  6.399173037818541e-16
28.700000000000003  1.2211026958273452e-16  2.590610600506402e-16  6.391229857983264e-17  -3.282049064646345e-16
28.8  1.5845614439038638e-16  -7.125730522061748e-16  -5.182616282726334e-16  5.077614831512847e-16
28.900000000000002  -1.6566274263121146e-15  3.5205785853348267e-17  -8.681099456937844e-17  -3.7526076566896067e-16
29.0  -1.0762372947376444e-16  3.733765398282507e-16  5.2747899407612045e-16  -5.773186437315195e-16
29.1  -7.837649447248594e-16  -4.876917310967132e-16  7.665620515857315e-16  -1.0400578367763048e-16
29.200000000000003  -3.3899101362718444e-16  5.74780727930991e-16  -6.476063383103187e-17  -2.2628219018910653e-16
29.3  1.5737698314406643e-16  8.034171163637858e-17  -8.050340112013303e-16  4.88006102057047e-16
29.400000000000002  -6.028665438394557e-16  -1.0150662382988927e-15  -6.875993928454022e-16  9.825024180605033e-16
29.5  -1.017723834957307e-15  -5.027739303624169e-16  1.5538060023620908e-16  1.214654652059645e-15
29.6  -9.21947862169759e-16  -4.968312387836478e-16  1.1246013993890516e-15  2.447247373178082e-16
29.700000000000003  -1.1677249866479776e-15  -1.452231496679804e-16  -1.2877388744499154e-15  -1.7981649128454752e-16
29.8  2.415337085757571e-16  5.462332621801791e-16  -1.8161243831306825e-16  3.231640961609897e-16
29.900000000000002  -1.3016479916195166e-15  4.697111223195066e-16  -5.477875308281673e-16  -3.1676757026160123e-16
30.0  2.542751332413445e-16  8.676475756525144e-16  6.204088007891358e-17  9.009695716507162e-17
30.1  -8.28490847798732e-16  9.337655108056565e-17  1.1285255673035762e-15  -6.8931970391477705e-18
30.200000000000003  2.230477476096195e-16  -2.1012097500560402e-16  9.393302066163227e-16  -4.152763926502063e-16
30.3  -5.954581509340359e-16  -5.146541031721366e-16  1.0675252811230885e-15  -8.224410641721129e-16
30.400000000000002  2.509470222575793e-16  4.947860863620148e-16  5.03224870999979e-16  -1.006761751484463e-15
30.5  -1.4879501531430857e-15  -1.1763084898051133e-15  -6.63262489814038e-16  -2.54369020175378e-16
30.6  -5.388532333828243e-16  4.0559042701008846e-17  1.461649311213005e-18  4.959899934855177e-16
30.700000000000003  5.905219001685924e-16  -4.953954380287258e-16  8.503714555784625e-16  -1.1714081624651434e-15
30.8  4.649169122350648e-16  9.068132795082996e-17  4.476897070033098e-16  -1.1022048733962317e-15
30.900000000000002  7.194928780027111e-16  4.601389102123746e-16  -4.347739321132274e-16  -3.455739365325038e-16
31.0  1.5417672282277864e-15  3.758025902926213e-16  -2.1867263905753277e-16  -3.053487587850807e-17
31.1  6.870199417504201e-16  2.8468652976598075e-16  -3.4614296693184896e-16  4.743276207429779e-16
31.200000000000003  5.883021456139335e-16  3.1400288155533694e-16  3.7185179362070825e-16  -4.633064923892424e-16
31.3  3.908085225378754e-16  -8.766836094693677e-16  -6.799381752951542e-16  -1.734146960467744e-15
31.400000000000002  4.660699877734297e-16  -3.1338479098517387e-16  4.097676380991965e-16  1.6144167223380348e-16
31.5  4.422141641238544e-17  -5.946743594206947e-17  1.2668560969507047e-15  -6.089840448045606e-17
31.6  1.013686787628818e-15  1.9109000722360048e-16  8.032590134865273e-17  -3.1625237439532907e-16
31.700000000000003  4.080827608587823e-16  5.509116991675991e-16  -7.716781148320195e-16  -1.5382864825298215e-16
31.8  5.783814515875669e-16  7.283704515277125e-17  5.115675613040262e-16  3.171594660182718e-16
31.900000000000002  -4.657250158410333e-16  -7.643099535718302e-16  -6.564260209910205e-16  -5.286170548748107e-16
32.0  6.013336936010376e-16  2.4373978757831316e-16  -1.3765828653946133e-15  4.1651792624503066e-16
32.1  -5.781776881875038e-16  -9.754535047882509e-16  -6.054280504597416e-16  9.980637778172601e-16
32.2  2.402315390039385e-18  -8.334297764023452e-18  -7.397093767320674e-16  1.664347251683744e-15
32.300000000000004  -5.729701639368214e-16  5.87079565213555e-17  7.087189268864748e-16  1.3994262800095573e-15
32.4  -3.1082487868283214e-17  4.520115580406195e-17  6.934564107858913e-16  -2.2617770331516575e-16
32.5  -3.130419553993212e-16  5.849684265083241e-16  -4.08753672958159e-16  -6.004978072010888e-17
32.6  1.0090824409558716e-16  6.64569581224527e-16  5.853226957936732e-16  1.6149463909153818e-16
32.7  -2.66735154920072e-16  -2.6464137831318444e-16  -9.29994751051053e-16  2.95203459967377e-16
32.800000000000004  -4.300369572838192e-16  9.990766546053096e-17  -9.28612913736824e-16  9.527493076876174e-16
32.9  -1.633975907560068e-15  -1.7490708512137996e-16  2.0502893534279543e-16  -5.547206710033978e-16
33.0  -1.3440740380216773e-15  -7.484920099597438e-16  1.4962546399575153e-16  7.021707496567859e-18
33.1  -2.1604913703062637e-15  9.21690247053469e-17  1.3842233858081614e-15  -1.1733544975224954e-16
33.2  -1.0640306354365562e-15  3.468358744590916e-16  1.8937776337957614e-15  -5.698355749017525e-16
33.300000000000004  3.359594646245278e-16  2.1238088854123314e-16  2.5024369403469963e-16  1.8406308937921416e-16
33.4  -3.2378927775816904e-16  6.974129948239188e-16  1.5610766353342e-16  -1.156790108950818e-16
33.5  -8.550289015502986e-17  -7.054885013327292e-16  -1.2015853322726981e-15  -4.661804805432403e-16
33.6  -3.062645314571952e-16  3.359782778601885e-16  -2.76253532494131e-16  -1.6972225043883426e-15
33.7  3.294367449324806e-16  -6.668995373549808e-16  -1.1557973436895954e-16  -3.0050707855197645e-16
33.800000000000004  4.915918754277585e-16  -5.154488923994107e-16  -6.114610447105246e-16  -3.965030228013388e-16
33.9  -1.6289029782336455e-16  9.78486789141584e-16  4.095455770939531e-17  -1.0064126925469325e-15
34.0  6.5072211410972675e-16  2.1645266865798646e-16  8.320983728992288e-16  -5.679883297814498e-18
34.1  1.432146096398622e-16  9.656202197508407e-16  3.989437221041226e-18  -2.165270530661334e-15
34.2  6.538740652431389e-17  3.149250229076506e-16  -4.71051136892402e-16  -1.110667102451485e-15
34.300000000000004  8.194155953405073e-16  -5.942691492853297e-16  1.466627992555388e-17  2.49755126925816e-16
34.4  1.0682448174077197e-15  -1.1092560947416683e-16  -7.859415012869698e-16  6.472462816588551e-16
34.5  1.3290824428245014e-16  -1.2001602964289473e-15  1.1914691242056654e-15  5.889620599993771e-16
34.6  3.216526643321415e-16  -8.027391842907326e-16  -3.7898638053124066e-16  4.96300988892216e-17
34.7  5.326622062341755e-16  -1.4434586899463139e-16  -3.56746741991272e-17  1.6018948670644474e-15
34.800000000000004  7.739339763522107e-16  -5.053766784099514e-16  7.454807210342764e-16  -5.592184940552124e-17
34.9  2.00271105770603e-15  9.938550247236704e-16  -2.3146684918869025e-16  -7.75319070133826e-16
35.0  4.239594608426123e-16  2.82880162041823e-16  -2.473366034740251e-16  4.0712443987667583e-16
35.1  1.6338986264618118e-16  2.348526674766961e-16  5.4676696558980977e-17  1.8897139577098837e-15
35.2  -1.9592184377936377e-16  -3.8504716187179277e-16  -9.155218138299248e-16  2.1993978733193907e-16
35.300000000000004  -3.2412791600006267e-16  -9.924925776633983e-16  -5.23769587275592e-16  2.1370708169653095e-16
35.4  9.462430910101526e-17  -6.226512036760588e-16  6.646662525767401e-16  6.160115568503978e-17
35.5  -5.132422363785586e-16  6.030865153012705e-16  1.2811628972430908e-15  9.542216683515097e-16
35.6  -3.3071670054667783e-16  -4.4195454018299935e-16  2.113019084722884e-15  1.179556825929485e-15
35.7  -2.517814661117883e-16  7.795507627536957e-16  2.2461012028848337e-16  5.48576532689327e-16
35.800000000000004  -7.443102441120832e-16  7.783993875763112e-16  -5.481041736421948e-16  2.254703187810595e-17
35.9  -4.659420936197907e-16  5.517279068044434e-16  4.940723374434981e-16  6.659652399563535e-16
36.0  -1.031686786659981e-15  -4.4180606030543224e-16  -2.8822458928994915e-16  -6.535698712803617e-16
36.1  -8.389001089339822e-16  -3.4651865462676807e-16  1.0057388867644985e-15  -2.823973822990539e-16
36.2  -8.521128435791988e-16  -3.006800169246391e-16  1.4025238195916007e-16  -6.067264565252703e-17
36.300000000000004  -2.6480027888638856e-16  7.934003280035021e-16  -3.8933978112569896e-16  2.4839369394335055e-16
36.4  -1.3805811279194001e-15  -4.2141445508901464e-16  9.789637815182387e-17  -2.895235766695625e-16
36.5  -5.913510610107223e-16  7.863820212288947e-16  -1.5734528936738056e-16  -7.819368700819837e-16
36.6  -5.73426314922202e-16  6.615635026468783e-16  -7.878639306172972e-16  -1.5883316266401716e-15
36.7  1.3540491435994128e-16  3.820462936419625e-16  -4.716271872654237e-16  3.3344716350358115e-16
36.800000000000004  -9.054778196939567e-16  -2.0322777796645622e-16  4.0836467947612284e-17  -9.558969204443381e-16
36.9  5.164046082076079e-16  1.1020757859205158e-15  -7.779458417648398e-16  -1.0402569754384227e-15
37.0  -2.3916061852543813e-17  -9.81782881775872e-16  7.522568423894479e-16  -1.5145759065406513e-16
37.1  -4.130645262815357e-16  -4.584694454856607e-16  2.3058465097245945e-16  -9.878598711781757e-16
37.2  6.351403500212064e-16  -7.62927897727846e-16  2.76349626828048e-16  -3.825134423412761e-16
37.300000000000004  -5.24005766799158e-16  3.147386259017197e-16  1.2053354045561263e-15  3.654847901617656e-16
37.4  -1.0452618989172112e-16  4.753690101894552e-16  -5.001493268458017e-16  -9.204659527813568e-16
37.5  -2.294818999803294e-16  -7.070462799675556e-16  -3.373174968850326e-16  3.685504906386019e-16
37.6  -3.458801586508944e-16  -4.535467249437988e-16  -1.8769012228522133e-15  -2.2777813952486184e-16
37.7  3.7566279146422594e-16  1.9990426102672853e-16  -9.88706759587846e-16  -3.779648183982308e-16
37.800000000000004  9.631814362218605e-16  -1.0366633417349161e-15  -4.914153178033799e-17  -1.8025701122647263e-16
37.9  1.5703322046273045e-15  1.2036653628111166e-15  -1.6959015215808632e-16  1.7498002139926173e-16
38.0  -4.3228825974966923e-16  2.220225662248937e-16  1.1195553787375883e-15  9.762425066494105e-16
38.1  3.6800287864882675e-16  1.638460136315618e-16  9.575935909467364e-16  1.1498106612550944e-15
38.2  1.6925469610839797e-16  7.045093782448337e-17  7.31725012024596e-17  -8.23812410811312e-16
38.300000000000004  -9.618509068377656e-17  8.316219618366588e-16  5.213419457151187e-16  4.680156101494888e-16
38.400000000000006  -4.9993774792401094e-17  -2.7438088568143863e-16  4.49138868801175e-18  4.995713247402425e-16
38.5  2.773163403501782e-16  1.2425805554649933e-15  7.111073508795239e-16  -4.3773196352391765e-16
38.6  1.253091698300275e-15  -2.887293644605843e-16  -1.4388132546922703e-16  1.8600114975299713e-16
38.7  -4.0471777966626197e-17  -4.2328565506017837e-16  -9.610338250819e-16  2.156599618515242e-15
38.800000000000004  -1.1069556696432374e-15  1.5753863207180664e-16  1.0529348311584736e-15  1.545583727076165e-15
38.900000000000006  2.2434962867229006e-16  4.8419390321797544e-17  1.296127286664582e-16  1.2288914097572066e-15
39.0  -6.742297836347004e-16  3.5989955006055087e-16  4.2594672671573445e-16  -1.0768785358462128e-15
39.1  -5.451565629271416e-16  1.6157157054218595e-15  3.386407963572732e-16  -3.230352971944216e-16
39.2  -1.4691982017037883e-16  5.875079334049552e-17  -2.158622198490713e-16  3.98143253596755e-16
39.300000000000004  -9.699449687669963e-17  3.114477436152503e-16  -1.4495513103920733e-16  -3.739669886371658e-16
39.400000000000006  6.132323911372701e-16  -3.6123355873757643e-16  3.486714761145472e-16  -3.3278146175202293e-16
39.5  1.06745581554656e-15  4.3045208107591777e-16  3.5879593354097683e-16  -9.942320849849367e-16
39.6  2.150625087831266e-16  2.4974702289494026e-16  4.006367414820409e-16  -1.372677217910813e-16
39.7  4.826995449783228e-16  5.363125681538124e-16  7.429213868241779e-16  -3.13846579712359e-17
39.800000000000004  -1.5149563761154558e-15  3.3601214082522017e-16  -9.071374407433298e-17  -3.36668003195226e-16
39.900000000000006  -1.6848887857671515e-15  4.025724851910626e-16  3.2299767072310013e-16  1.5087351052534913e-16
40.0  -1.4031142684005158e-16  8.593053170382421e-17  -6.958402014494179e-16  -7.927270292599715e-16
40.1  -4.592318185894318e-16  1.275994153500322e-16  -3.970888382807313e-16  -1.992023070885116e-15
40.2  3.299843569222557e-16  -4.934280541015099e-16  -4.019733553329757e-16  5.05173929087695e-16
40.300000000000004  7.566841943785049e-16  -7.712219638466387e-16  -1.1243623261824283e-15  4.684575769329425e-16
40.400000000000006  -3.732115612318897e-16  -4.839917309140151e-16  -2.343253155641103e-16  -1.6412922624427976e-16
40.5  1.6925730128230724e-16  -2.364578769747e-16  7.046656714962342e-16  6.869498991555955e-16
40.6  1.3997336561645397e-16  4.664092423191043e-16  -8.327698620169015e-16  -1.7457035447649408e-15
40.7  -3.3729086812764415e-17  -4.582923108429861e-17  -7.466511979564698e-16  -6.665556887652687e-16
40.800000000000004  9.27944388281601e-16  9.896150095431697e-16  -2.5980490842789863e-16  -1.1905938716879296e-15
40.900000000000006  1.1882320764522689e-15  7.505105336239884e-16  -7.923247128076639e-16  -4.955750882231745e-16
41.0  -2.8461706418945224e-16  -5.658732034976105e-16  7.626462762112308e-16  1.469131052792021e-15
41.1  6.990422279054019e-16  1.3650245500425285e-16  8.42142367035197e-16  -4.288474485962098e-16
41.2  3.736351518391934e-16  -1.48101006726936e-15  6.949970679544599e-17  1.0021435177103152e-15
41.300000000000004  -2.8750244783140874e-16  -2.4896323138159903e-16  -2.2047061424166678e-16  1.5540445071419953e-15
41.400000000000006  -1.445846536921067e-16  -1.2472184722980345e-16  4.980555502389142e-16  3.890894195481003e-16
41.5  -1.1626685453008773e-16  -2.104376178196316e-16  6.930430966196506e-16  -4.937250095608556e-17
41.6  2.419120014445854e-16  -1.252480408100086e-16  -8.425770996110077e-16  8.186778228385113e-16
41.7  1.0236607391699616e-15  -1.2214297593370096e-15  5.784161843758311e-16  -5.53609527471244e-16
41.800000000000004  9.122176171647614e-16  -2.335296565136035e-16  2.0230331994938133e-16  -3.610707292702226e-19
41.900000000000006  2.2757932466648973e-15  2.1404197791107863e-17  8.539218207730546e-17  -5.467795715829996e-16
42.0  -1.832474587606659e-17  -1.1179767979969728e-16  7.639826015530176e-16  -1.9897827759715502e-17
42.1  -3.10191593054777e-16  -2.2661764623879487e-16  4.246656827485492e-16  1.407817017480563e-15
42.2  -1.0829325157428437e-15  7.419565443157212e-17  1.3368051532876104e-15  -1.5461069152828088e-17
42.300000000000004  -5.390853608909525e-17  2.4178870133498388e-17  -2.3744600890640027e-16  -1.5813261272053552e-15
42.400000000000006  -6.332561241804964e-16  5.684931736847032e-16  -5.245371707271816e-16  5.420596003633942e-16
42.5  -1.730291536856878e-16  4.484020069324036e-16  2.968935475556096e-16  -7.329290548110954e-17
42.6  1.0125967739970861e-15  -7.696705888817079e-16  1.2694312021630443e-16  3.832179288965364e-16
42.7  -1.2928248296458841e-16  -8.605047393825851e-16  5.114656796039947e-16  7.684676958360116e-16
42.800000000000004  -4.6473514426286783e-17  -3.0225179622133334e-16  -2.1457133650033368e-16  -3.579264683893556e-16
42.900000000000006  -1.136637288431876e-15  -8.042419350704091e-16  -3.2534644008921445e-16  -6.75102142469379e-16
43.0  -1.5250662165762364e-15  4.305869559177482e-16  1.5674905319235093e-16  -5.939119863169235e-16
43.1  9.884109624608813e-17  -6.936497534903173e-16  -1.1059681147298333e-15  -6.726378885153908e-16
43.2  -6.257151688022185e-16  -1.0904760805908195e-16  -1.8029203295346376e-15  7.431607485399493e-16
43.300000000000004  5.682083699758827e-17  -4.6808970475975125e-17  4.785898498811e-16  -4.578147414480354e-16
43.400000000000006  -1.7929840173521815e-16  1.4738393007290347e-15  -6.01400842512805e-16  -4.188781303845887e-16
43.5  3.2644166406876477e-16  1.0220451089763206e-15  -5.144665478338249e-16  -7.07950766416589e-16
43.6  9.905064701226568e-17  3.2161503786082e-17  -1.9991547727041685e-16  1.1194639177331937e-15
43.7  5.935415089698228e-16  -9.249608821501143e-17  1.3877625993687216e-16  5.707745056299023e-16
43.800000000000004  -1.6106074576972995e-15  6.334043134010211e-16  6.68273777677237e-16  1.4929782346779095e-16
43.900000000000006  -9.882167456374338e-16  2.278714801345069e-16  2.0065722751266932e-16  -1.3713950199070355e-16
44.0  -1.7026353831351904e-15  -8.229597350355269e-16  4.4556872462073773e-17  -3.0489839516581455e-16
44.1  4.899626423462753e-16  -3.281620696454945e-16  -3.2888131742097767e-16  -8.03554237890985e-17
44.2  5.802656774282768e-16  -1.215976788903716e-16  2.8572270886463953e-16  -3.1481908919218116e-16
44.300000000000004  2.97129945608931e-16  -1.932735663268778e-15  1.0317915534514921e-16  1.120172456303892e-15
44.400000000000006  8.89753942260174e-16  -2.0570302963437736e-16  1.3611345293063947e-16  7.895166102639637e-17
44.5  3.970616325050469e-16  5.766205258564584e-16  -4.194662625287426e-16  -5.740517850285295e-16
44.6  -2.282014373272288e-16  -2.3548074275693273e-16  -9.689550971888308e-16  8.562694275109995e-16
44.7  8.102373028498705e-16  7.016222635479892e-17  2.3964109019502334e-17  -5.808509158893735e-17
44.800000000000004  -7.015999710193978e-16  8.557030022855636e-16  7.884700104696678e-16  -5.057001226679002e-16
44.900000000000006  1.6668595528046906e-16  4.80463078007877e-17  1.1810222365990936e-15  -3.8700431539880685e-17
45.0  -6.781082210470277e-16  9.996809991070037e-16  1.576483869953955e-15  -4.085446992102774e-16
45.1  4.815855077631118e-16  9.548595873090873e-17  6.561950518152729e-16  1.583096948163267e-17
45.2  -8.428248538668026e-17  -2.3371460667800577e-16  -3.0844948055932926e-16  1.4939738850306124e-16
45.300000000000004  7.245716118784029e-17  -8.745684144529103e-16  -5.26766040705655e-16  -8.234277514101788e-16
45.400000000000006  -3.9152183439688144e-16  -1.7232265554816594e-15  -1.0287349796749159e-15  1.812122064294669e-15
45.5  -1.0996468331815108e-16  -1.071578536513329e-15  6.954535160405658e-16  1.426894301374637e-16
45.6  3.313748053062636e-16  -2.7277451785105407e-16  -5.375281985599071e-17  1.6143038386282816e-16
45.7  -2.0641156820507557e-16  -5.866593096446081e-16  -8.025470471723642e-18  5.790095268678035e-16
45.800000000000004  6.991096653263172e-16  1.432763471065651e-15  5.790952005060835e-16  -8.440752170611616e-16
45.900000000000006  4.471235702870219e-16  -2.484373263105419e-16  6.408069189403266e-16  4.825918759121768e-16
46.0  1.0487293216449044e-16  1.4149327911554345e-15  5.122853622379808e-16  -4.995546817668746e-16
46.1  -2.665591786097781e-16  3.7360070756007715e-16  -1.9471374038584896e-16  5.251976621309213e-16
46.2  -5.490650997982105e-16  2.588075098371532e-17  -3.6499911673593923e-16  5.898509154049552e-16
46.300000000000004  -9.53056978795431e-16  3.7521271850200214e-16  3.398836325390523e-16  -3.9237045815722864e-17
46.400000000000006  -1.844298040791826e-15  1.977528121052967e-16  -3.503907190631077e-17  -5.047658252692728e-16
46.5  1.5574529021719518e-16  -1.6452792344487147e-16  -4.3687291906793343e-16  -2.631328401673935e-16
46.6  -5.971328260085683e-16  4.0559187814740563e-16  1.6723941405650374e-15  -5.232532201895736e-17
46.7  -7.04707712767323e-16  2.229345775386126e-16  1.156370211870412e-15  -3.743800121463641e-16
46.800000000000004  5.458776903078754e-16  6.346801513161766e-17  -1.2278714387202995e-15  1.0102112350955165e-16
46.900000000000006  1.7593573720745898e-16  7.800740626508436e-16  -9.685206531221682e-16  -6.546836199864248e-16
47.0  -6.902784079133863e-16  8.988711574185174e-17  -1.5338702682134828e-15  3.233389141389029e-16
47.1  -5.617719009404114e-16  -4.277452832139532e-17  4.759756670601218e-16  2.527397870938948e-16
47.2  -5.075843485086101e-16  -5.940352864265249e-16  1.146530776682558e-15  -3.6999477355568275e-16
47.300000000000004  8.758286170288214e-16  4.303212625453138e-17  -7.875415004371552e-16  -2.9921851186800007e-16
47.400000000000006  1.991860973084446e-16  1.6389012332758392e-15  3.0185903278932446e-16  -8.468082851919741e-16
47.5  4.938911507853856e-16  6.415407836814587e-16  -9.459333895988316e-16  -2.2572097531148914e-16
47.6  -1.302135981710104e-16  2.513227099524984e-16  -1.1232647855381169e-15  -6.126309446144218e-16
47.7  -1.24500718294766e-15  -3.155380484585164e-16  5.926610461042687e-16  -3.274454270439205e-16
47.800000000000004  -6.02066544264363e-16  -5.418338415354652e-16  -4.687768249208793e-16  -4.781389092435379e-16
47.900000000000006  -5.852798589745331e-16  -5.875449828579808e-16  -1.162023684940593e-15  4.738500513480272e-16
48.0  -2.2304253726180094e-16  -4.036966545927627e-16  -2.5357162577419453e-17  1.4434037013766488e-16
48.1  -9.367871688772971e-18  -6.815119827474616e-16  -2.4043088760423434e-16  6.383944735116925e-16
48.2  8.342428018469841e-16  -8.210801382285506e-16  1.1491815718970511e-15  3.8179506438902557e-16
48.300000000000004  5.289901373958206e-16  -7.140896943828415e-16  9.523484402247327e-16  -7.211808588643607e-17
48.400000000000006  1.843176188054887e-15  2.8214702286934956e-16  2.596758209521826e-16  2.2649955647701185e-16
48.5  3.3056959538335237e-16  -1.3218928501611491e-16  -9.173892545905874e-17  3.0574123156004727e-16
48.6  -2.767363122369001e-16  -2.675241567812317e-16  -3.527351522004247e-16  8.479403400947946e-16
48.7  -9.902621865682149e-16  -2.22250353208436e-16  2.4310389677634874e-16  3.8420432547756004e-16
48.800000000000004  -3.48081027305632e-16  8.02026012390512e-17  6.892992476879003e-16  -5.374449115657809e-16
48.900000000000006  -8.232810068832882e-16  -3.0049347566413415e-16  8.623351306902221e-16  -9.122769505548008e-16
49.0  -8.99516026370379e-16  9.160025654170808e-16  2.5151605265692446e-16  4.552323977322643e-16
49.1  1.3387495780458037e-16  4.249337013773223e-16  3.9089896946446328e-16  1.1742205005643403e-15
49.2  -3.175513617749424e-16  4.753475917798851e-16  9.410054587091513e-16  9.06722972540497e-16
49.300000000000004  -6.036873848058225e-16  9.669718833311465e-16  -4.896648127679084e-16  -1.0503617541017476e-16
49.400000000000006  -1.318135973211958e-16  -6.951420835743567e-16  2.2528624273567855e-16  -5.5610301535653e-16
49.5  -2.0719677157024904e-16  3.735607654979415e-16  2.939050888915446e-16  -3.0825902939006614e-17
49.6  1.2768008145605506e-15  -3.39666554760295e-16  1.1977634798958742e-15  6.485475857032296e-16
49.7  -4.330396351395074e-16  9.511675426069024e-16  4.575409354531479e-16  3.9185410825436456e-16
49.800000000000004  6.149238512918499e-16  1.3615582641682723e-15  1.2605846108073833e-16  -5.124908609887204e-16
49.900000000000006  -7.262512002000284e-16  1.0038575546068457e-15  2.0720057006623524e-16  4.5281619094523473e-17
50.0  -1.7006772155303693e-16  9.908607394080058e-16  -1.1795299065150542e-15  -1.9195426202740323e-16
