t   Re(psi(x_0,t))   Im(psi(x_0,t))    Re(psi(x_n,t))   Im(psi(x_n,t))
0.0  9.326910531166989e-54  0.0  9.326910531166989e-54  0.0
0.1  -5.3339505689750095e-17  -1.5374818496252064e-17  -6.7264830921102776e-18  2.3336033739265667e-17
0.2  -1.3452966184220555e-17  4.6672067478531335e-17  -1.2589753449981528e-16  3.592474511968349e-17
0.30000000000000004  1.4127235299606734e-16  -8.926425080943358e-17  -5.3339505689750095e-17  -1.5374818496252064e-17
0.4  2.3062227744378094e-17  -8.000925853462515e-17  4.565209644162406e-17  4.204457134112711e-17
0.5  -8.36167836351221e-17  -1.1075889552712928e-16  2.2589868697245968e-17  1.2205382987575224e-16
0.6000000000000001  1.7539333556550235e-16  -7.215050200993908e-18  1.4902459449119935e-17  1.4872358272062729e-16
0.7000000000000001  5.3339505689750095e-17  1.5374818496252064e-17  3.796468719349803e-17  6.871432418600216e-17
0.8  9.130419288324812e-17  8.408914268225422e-17  3.796468719349803e-17  6.871432418600216e-17
0.9  2.1335802275900038e-16  6.149927398500825e-17  -2.441076597515045e-16  4.5179737394491936e-17
1.0  6.0554555890744e-17  1.9076815406175443e-16  2.368926095505106e-16  -2.2057307295999428e-16
1.1  3.0560693373651276e-16  -2.5853776015349233e-16  2.1335802275900038e-16  6.149927398500825e-17
1.2000000000000002  -6.0554555890744e-17  -1.9076815406175443e-16  2.902321152402607e-16  -2.051982544637422e-16
1.3  0.0  -0.0  -6.463444003837308e-17  -7.640173343412819e-17
1.4000000000000001  1.835531038607605e-16  -2.3594789145624636e-16  3.890940528776228e-17  -3.3541185263475265e-16
1.5  -9.130419288324812e-17  -8.408914268225422e-17  -3.1351660533648284e-18  -2.8975975619312855e-16
1.6  -1.0667901137950019e-16  -3.074963699250413e-17  -2.2589868697245968e-17  -1.2205382987575224e-16
1.7000000000000002  1.6409840121687937e-16  -6.824196513887003e-17  -1.5797857499543576e-16  -1.0330766580256931e-16
1.8  2.7077741259637953e-16  -3.749232814636591e-17  -1.2205382987575224e-16  2.2589868697245968e-17
1.9000000000000001  -1.3334876422437524e-17  -3.843704624063016e-18  -6.92619361757773e-17  -1.3550679605997282e-16
2.0  1.615108471532897e-16  -1.8453023807852775e-16  -1.0593284633748049e-16  -1.460769837761461e-16
2.1  -4.044992593417646e-16  5.671895529755675e-17  -1.2847908266753514e-16  -2.1034702449057542e-16
2.2  4.4084513414941654e-17  -1.0283530675543718e-16  -2.1077046869541071e-16  5.4788998954649477e-17
2.3000000000000003  -1.8260838576649625e-16  -1.6817828536450843e-16  1.6319536590516318e-17  -4.574656825105049e-16
2.4000000000000004  -1.672335672702442e-16  -2.2151779105425856e-16  -2.80032404871188e-16  -8.071779710532333e-17
2.5  -1.5374818496252064e-17  5.3339505689750095e-17  -4.493059142152467e-16  -2.4505237784576875e-16
2.6  -1.6817828536450843e-16  1.8260838576649625e-16  -4.565209644162406e-16  -4.204457134112711e-16
2.7  2.0300780650464166e-16  -4.036538177736227e-16  -1.1702922763385891e-16  -4.95902728751135e-16
2.8000000000000003  -1.4777886462636305e-16  -3.892237173716349e-16  5.0246022418933305e-18  -5.18492597448381e-16
2.9000000000000004  -2.400277756038754e-16  -6.918668323313428e-17  -1.5907379897498603e-16  -4.5025063230951105e-16
3.0  1.0667901137950019e-16  3.074963699250413e-17  -6.482338365722592e-16  4.4235019300227685e-17
3.1  -2.441076597515045e-16  4.5179737394491936e-17  -3.805915900292446e-16  -2.830170650392668e-16
3.2  -4.718957829124927e-16  -3.67106207721521e-16  -3.128219839375067e-16  8.314442458798998e-17
3.3000000000000003  -7.592937438699606e-17  -1.3742864837200432e-16  -2.2151779105425856e-16  1.672335672702442e-16
3.4000000000000004  -3.517313892252689e-16  4.185562772227426e-16  -3.503143120838726e-16  -1.876329880083896e-16
3.5  -8.408914268225422e-17  9.130419288324812e-17  -6.149927398500825e-17  2.1335802275900038e-16
3.6  1.6770592631737633e-16  1.945470264388114e-17  -4.612445548875619e-17  1.600185170692503e-16
3.7  -9.851924308424204e-17  -2.594824782477566e-16  -2.210454320071264e-16  -3.4829521140133206e-17
3.8000000000000003  1.4464369857299824e-16  9.946396117850628e-17  -5.228086611195762e-16  2.103733625909216e-16
3.9000000000000004  -1.6770592631737633e-16  -1.945470264388114e-17  -2.6622516940161836e-16  -2.789371808916377e-16
4.0  -2.8159998789787046e-16  -2.2559767520188763e-16  9.899160213137416e-17  5.741938983737917e-17
4.1000000000000005  1.4494932648993813e-18  1.9539565019915863e-16  4.1824599879312557e-17  4.5617190547871e-16
4.2  -3.05839061244641e-16  4.597674187874674e-16  -1.345377658730813e-16  2.6632444592774065e-16
4.3  1.5907379897498603e-16  4.5025063230951105e-16  -2.4505237784576875e-16  4.493059142152467e-16
4.4  -3.277244433866266e-16  -6.557915813263733e-17  -6.58153376562034e-17  4.287559875918153e-16
4.5  -6.679247187397065e-16  3.1297248982279273e-16  1.138940615804941e-16  2.0614297255800649e-16
4.6000000000000005  -3.169435508676837e-17  5.10805188200255e-16  -5.732491802795275e-16  5.857898444929868e-16
4.7  2.9650244734699036e-16  3.743212579225149e-16  9.035947478898387e-17  4.88215319503009e-16
4.800000000000001  -6.824196513887003e-17  -1.6409840121687937e-16  -2.2199015010139067e-16  3.692966556806216e-16
4.9  -1.5954615802211817e-16  -2.481875438991336e-16  3.749232814636591e-17  2.7077741259637953e-16
5.0  -3.507866711310047e-16  1.4430100401987816e-17  -1.686506444116406e-16  3.8467147417687367e-16
5.1000000000000005  2.820723469450025e-16  2.3534586791510225e-17  9.035947478898387e-17  4.88215319503009e-16
5.2  2.811276288507383e-16  4.2766076361226503e-16  2.5853776015349233e-16  3.0560693373651276e-16
5.300000000000001  2.441076597515045e-16  -4.5179737394491936e-17  5.723044621852633e-16  -1.8166366767223203e-16
5.4  1.5185874877399211e-16  2.7485729674400865e-16  -4.204457134112711e-16  4.565209644162406e-16
5.5  1.70368733323609e-16  5.112775472473872e-16  -1.1075889552712928e-16  8.36167836351221e-17
5.6000000000000005  -1.5374818496252064e-17  5.3339505689750095e-17  -2.604271963420208e-16  5.026454199049968e-16
5.7  8.722430873561904e-17  1.9845556330988046e-16  -4.3174064775989404e-16  3.954940494783645e-16
5.800000000000001  -1.5185874877399211e-16  -2.7485729674400865e-16  -2.7614470939139293e-17  3.9643876757262876e-16
5.9  1.5185874877399211e-16  2.7485729674400865e-16  1.672335672702442e-16  2.2151779105425856e-16
6.0  -3.6004166340581316e-16  -1.0378002484970143e-16  3.388480304586896e-17  1.8308074481362838e-16
6.1000000000000005  -1.7648855954505262e-16  -3.3972791630594777e-16  5.294239958526098e-17  5.929724785704776e-16
6.2  7.090477214510273e-17  6.559212458203853e-16  -3.8133775507126427e-16  -1.6768971825562484e-16
6.300000000000001  1.258238726532749e-16  5.562089490719993e-16  7.500867987621107e-18  2.1620838510354463e-18
6.4  9.891634918873114e-17  -3.181151818264691e-16  1.0150390325232083e-16  -2.0182690888681134e-16
6.5  3.989510686935754e-16  -2.3163182778505123e-16  1.8260838576649625e-16  1.6817828536450843e-16
6.6000000000000005  -6.871432418600216e-17  3.796468719349803e-17  5.10805188200255e-16  3.169435508676837e-17
6.7  2.051982544637422e-16  2.902321152402607e-16  -1.3742864837200432e-16  7.592937438699606e-17
6.800000000000001  -3.29400849516047e-17  -5.872069216343831e-16  4.606008485638697e-16  3.060792927836449e-16
6.9  3.06551651830777e-16  -6.626639369742472e-16  2.7485729674400865e-16  -1.5185874877399211e-16
7.0  -3.344671345404884e-16  -4.4303558210851713e-16  -5.960983779647974e-17  -5.948943308825091e-16
7.1000000000000005  -3.969111266197609e-16  1.744486174712381e-16  3.856161922711379e-16  -2.3547553240911425e-16
7.2  0.0  -0.0  -2.2589868697245968e-17  -1.2205382987575224e-16
7.300000000000001  7.592937438699606e-17  1.3742864837200432e-16  9.946396117850628e-17  -1.4464369857299824e-16
7.4  9.44718094264251e-19  -4.041261768207548e-16  6.965904228026641e-17  -4.420908640142528e-16
7.5  -3.890940528776228e-17  3.3541185263475265e-16  1.1483877967475835e-16  -1.9798320426274833e-16
7.6000000000000005  3.507866711310047e-16  -1.4430100401987816e-17  2.1430274085326464e-16  -3.4262690283574657e-16
7.7  1.2252618892288438e-16  -2.2465295710762337e-16  5.33867415944633e-16  -4.831490344785678e-17
7.800000000000001  2.902321152402607e-16  -2.051982544637422e-16  7.241632109592554e-16  9.319362907177664e-17
7.9  1.9798320426274833e-16  1.1483877967475835e-16  4.1902863626987474e-16  1.4966830081489155e-16
8.0  3.0945063836057577e-16  -2.7187263657592985e-16  3.9212270390143364e-16  2.430124357719542e-16
8.1  1.1531113872189047e-17  -4.0004629267312575e-17  -5.718321031381311e-17  -2.0399420738145397e-18
8.200000000000001  -4.0075483124382393e-16  1.877834938936756e-16  4.814726283491473e-16  -4.678158987648636e-16
8.3  4.968798629689023e-16  2.804295109756771e-16  1.7825990597179812e-16  -4.180086652329675e-16
8.4  6.343733435879126e-17  1.8076699674492628e-16  -5.619797206517011e-17  5.958150253932942e-16
8.5  -2.91209249458028e-16  -1.922604841457938e-16  1.5040925550909276e-16  7.946164654484999e-17
8.6  -5.872069216343831e-16  3.29400849516047e-17  -3.8875135832450273e-16  -5.4284223784014346e-17
8.700000000000001  -2.5226742804676267e-16  2.7391257864974443e-16  -7.169481607582615e-16  8.219970649372571e-17
8.8  -1.9124051310888654e-16  2.626176443011214e-16  5.718321031381311e-16  2.039942073814541e-17
8.9  2.3062227744378094e-17  -8.000925853462515e-17  1.1436642062762622e-16  4.0798841476290794e-18
9.0  6.102691493787612e-17  -1.1294934348622984e-17  1.5185874877399211e-16  2.7485729674400865e-16
9.1  -1.0856844756802869e-16  7.775027166490055e-16  -4.954303697040029e-16  -8.503386077651847e-17
9.200000000000001  2.734402196026123e-16  4.543305164571401e-16  7.640173343412819e-17  -6.463444003837308e-17
9.3  1.8260838576649625e-16  1.6817828536450843e-16  -1.6319536590516318e-17  4.574656825105049e-16
9.4  -2.513227099524984e-16  -1.302135981710104e-16  7.687409248126032e-17  -2.6669752844875046e-16
9.5  -5.569296436890112e-16  1.283241619824819e-16  -4.113412270217487e-16  -1.7633805365976662e-16
9.600000000000001  -3.724318217339864e-16  -5.117499062945193e-16  -1.945470264388114e-17  1.6770592631737633e-16
9.700000000000001  1.5688335101588547e-16  -2.436353007043724e-16  -1.2657180361520143e-15  -1.8208972779044795e-17
9.8  -4.88215319503009e-16  9.035947478898387e-17  -6.319142999817431e-16  -4.1323066321027723e-16
9.9  -5.026454199049968e-16  -2.604271963420208e-16  -3.488972349424762e-16  -7.938222532395218e-16
10.0  -2.5445787600586326e-16  -4.19973354364139e-16  -6.237545316864848e-16  -6.419635044655296e-16
10.100000000000001  1.4966830081489155e-16  -4.1902863626987474e-16  -4.313979532067739e-17  -3.012908700653176e-16
10.200000000000001  3.2113225811805087e-16  4.391918774844541e-16  -4.1338116909556324e-16  -1.191548433459535e-16
10.3  -5.4284223784014346e-17  3.8875135832450273e-16  -6.411692922565515e-16  -5.314407884619664e-16
10.4  7.762662190769055e-18  3.488648188189732e-16  8.662193554686639e-16  7.636931731062518e-17
10.5  3.954428201192008e-16  -4.637279105863588e-16  1.9039507154074454e-16  -2.8908824989230113e-18
10.600000000000001  3.2874441442353387e-16  3.698755297573077e-17  3.3431662865520233e-16  -3.080335612191794e-16
10.700000000000001  -1.8260838576649625e-16  -1.6817828536450843e-16  2.80032404871188e-16  8.071779710532333e-17
10.8  3.6223211136491375e-16  7.976659578635848e-16  -3.169435508676837e-17  5.10805188200255e-16
10.9  3.388480304586896e-17  1.8308074481362838e-16  3.692966556806216e-16  2.2199015010139067e-16
11.0  1.8668826991412534e-16  5.381186473688222e-17  1.4430100401987816e-17  3.507866711310047e-16
11.100000000000001  -2.2151779105425856e-16  1.672335672702442e-16  -4.587114123753413e-16  -1.1143316464251545e-15
11.200000000000001  4.985655357573678e-16  3.7479361696964705e-16  1.025991272318711e-16  1.4511605762013035e-16
11.3  1.0338500288433972e-15  -2.797105517093419e-16  -4.778651032486502e-16  5.555125665476149e-16
11.4  4.2671604551800076e-16  1.229985479700165e-16  9.139866469267455e-16  4.367652500017874e-16
11.5  -2.7391257864974443e-16  -2.5226742804676267e-16  1.0052908398099936e-15  5.208543926840416e-16
11.600000000000001  1.1294934348622982e-16  6.102691493787613e-16  2.2589868697245968e-17  1.2205382987575224e-16
11.700000000000001  9.083183383611602e-17  2.8615223109263163e-16  3.1140490679611026e-16  5.230448406431423e-16
11.8  3.032451385008521e-16  7.517776818983946e-16  5.482975163466209e-16  3.024717676831479e-16
11.9  7.544404889046274e-16  1.8857770610265384e-16  2.7485729674400865e-16  -1.5185874877399211e-16
12.0  3.4120982569435015e-16  8.204920060843969e-16  4.23881891235208e-16  1.3353770784322809e-15
12.100000000000001  6.866708828128895e-16  -1.7758378352460294e-16  -5.343397749917652e-16  2.5037799185823415e-16
12.200000000000001  -9.562025655444327e-17  1.313088221505607e-16  -5.0912878207083465e-17  5.774795703124426e-16
12.3  -4.0223674063222626e-16  -8.091970717357739e-16  -9.083183383611602e-17  -2.8615223109263163e-16
12.4  -3.3251286610495385e-16  3.5188189511055498e-16  -2.8355425633340495e-17  -1.0205151524209598e-16
12.5  8.790043118281423e-17  -9.062239847359766e-16  5.127270405122865e-16  2.5026916875549612e-17
12.600000000000001  4.3582053190752316e-16  -5.098604701059906e-16  -7.414598817675389e-16  -3.318668517080777e-17
12.700000000000001  -3.0368508142448125e-16  2.5187032194227354e-16  -5.680208146375711e-16  -8.353192125908737e-16
12.8  -9.177655193038026e-17  1.1797394572812318e-16  -2.3979159608030937e-16  -1.70218227438323e-16
12.9  5.804642304805214e-16  -4.103965089274844e-16  -5.761481668093263e-16  1.9499854409466955e-16
13.0  3.820086671706409e-16  -3.231722001918654e-16  -6.965904228026641e-17  4.420908640142528e-16
13.100000000000001  -1.2879652102961403e-16  -3.5486655527863377e-16  7.693429483537473e-16  3.373012888232812e-16
13.200000000000001  -7.829116962265669e-17  8.728867936798826e-16  -2.5853776015349233e-16  -3.0560693373651276e-16
13.3  2.2589868697245968e-17  1.2205382987575224e-16  1.5374818496252064e-17  -5.3339505689750095e-17
13.4  1.4369898047873396e-16  5.035901379992611e-16  4.2766076361226503e-16  -2.811276288507383e-16
13.5  1.3931808456053283e-16  -8.841817280285056e-16  -6.682488799747364e-17  -7.702876664480115e-16
13.600000000000001  -1.4996931258546364e-16  -1.0831096503855181e-15  -6.410187863712654e-16  2.1962835486573004e-16
13.700000000000001  3.2381590651555755e-16  -1.5242557963055068e-15  -3.1909231604423633e-16  -4.963750877982672e-16
13.8  2.5226742804676267e-16  -2.7391257864974443e-16  -9.443935893661296e-17  -3.7384889887538284e-16
13.9  -2.3405845526771783e-16  -9.9180545750227e-16  6.460433886131588e-16  -7.38120952314111e-16
14.0  -6.780387554704992e-16  -2.5321214614102694e-16  2.7674673293253713e-16  -9.601111024155017e-16
14.100000000000001  5.578743617832754e-16  -5.324503388032367e-16  -1.3961909633110486e-16  -6.179565586268873e-16
14.200000000000001  2.1743790690662947e-16  -5.286714664261797e-17  -3.0058233149461948e-16  -2.599548372948887e-16
14.3  -4.1338116909556324e-16  -1.191548433459535e-16  3.845209682915876e-16  -5.82418498916056e-16
14.4  -3.8969607641876695e-16  3.4984195303674044e-16  2.3685092676796245e-17  4.689967963826939e-16
14.5  -3.4984195303674044e-16  -3.8969607641876695e-16  -2.2002546097021914e-16  -6.342112629703976e-17
14.600000000000001  -3.9243413636764267e-16  -5.175154632306138e-16  -3.8044108414395854e-16  4.680520782884297e-16
14.700000000000001  -9.91408351397781e-16  -3.435392048065078e-16  -2.2439362811959943e-17  6.290153134519442e-16
14.8  -9.410535058761096e-16  1.3314500082431218e-16  5.769319583226675e-16  -1.2255860504638736e-16
14.9  -1.70218227438323e-16  2.3979159608030937e-16  -5.672798599433699e-16  -3.36828929776149e-16
15.0  -1.835531038607605e-16  2.3594789145624636e-16  -8.408914268225422e-17  9.130419288324812e-17
15.100000000000001  -4.109985324686286e-17  -3.5847408037913073e-16  -2.1645150602981736e-17  -5.26180006696507e-16
15.200000000000001  -5.744949101443638e-16  -5.122222653416514e-16  -1.142719488181998e-15  -4.449250182970456e-16
15.3  -5.415548251927591e-16  7.498465629273182e-17  -1.4966830081489155e-16  4.1902863626987474e-16
15.4  -5.619542459309045e-16  6.468167594308629e-16  -4.3487581381325895e-16  1.0573429328523594e-16
15.5  -1.1483877967475835e-16  1.9798320426274833e-16  5.365302229508658e-16  4.435079411556492e-16
15.600000000000001  -7.476977977507657e-16  1.8887871787322593e-16  -1.0762372947376444e-16  3.733765398282507e-16
15.700000000000001  -1.889436188528502e-18  8.082523536415096e-16  -4.2139043150553537e-16  8.606471412369954e-16
15.8  1.2540664213459313e-17  1.1590390247725142e-15  -6.890326780485501e-16  1.18789922557649e-15
15.9  -2.7580201483827286e-16  5.559849255947469e-16  5.960983779647974e-17  5.948943308825091e-16
16.0  -3.4451633902427505e-16  5.93949612788245e-16  -3.2819680243375873e-16  1.3648393027774006e-16
16.1  -3.507866711310047e-16  1.4430100401987816e-17  -9.44718094264251e-19  4.041261768207548e-16
16.2  9.072439557728837e-16  5.930882602590768e-17  -8.457446817878755e-16  -2.7266684878490806e-16
16.3  -6.107415084258934e-16  3.150124318966072e-16  7.687409248126032e-18  -2.6669752844875048e-17
16.400000000000002  -6.660352825511781e-16  -4.952798638187168e-16  9.682708707107598e-16  4.801389167728469e-17
16.5  6.852538056714931e-16  4.286054817065293e-16  -2.8159998789787046e-16  -2.2559767520188763e-16
16.6  9.224891097751238e-17  -3.200370341385006e-16  -1.8597973134342713e-16  -3.569064973524483e-16
16.7  4.997464333751981e-16  -1.3036410405629644e-16  -8.648335404141785e-18  3.000347195048443e-17
16.8  6.246020014102401e-17  -2.1669174186460977e-16  -4.4163471302887215e-16  -6.725145884057892e-16
16.900000000000002  -1.686506444116406e-16  3.8467147417687367e-16  -2.892549810224934e-16  6.026569930732783e-16
17.0  7.338048886429159e-16  8.614413534459736e-16  -1.6143559421064667e-16  5.60064809742376e-16
17.1  5.247629295551107e-16  5.845441146281505e-16  -2.954928970057201e-16  8.247223961173119e-16
17.2  -2.8881503809886433e-16  -4.0099101076738994e-16  1.9798320426274833e-16  1.1483877967475835e-16
17.3  -5.434442613812876e-16  8.832370099342414e-16  -3.67106207721521e-16  4.718957829124927e-16
17.400000000000002  -4.656254508057631e-16  2.1241330466473617e-16  -9.44718094264251e-19  4.041261768207548e-16
17.5  3.9596640852549665e-16  2.296775593495167e-16  -1.3742864837200432e-16  7.592937438699606e-17
17.6  1.297412391238783e-16  -4.925962154212102e-17  3.29141520528023e-16  -5.406101070984948e-16
17.7  2.6764224654301473e-16  -3.272520843394945e-16  -3.074963699250413e-17  1.0667901137950019e-16
17.8  1.211433812368e-15  4.0696033110354753e-16  -6.381846320884727e-16  -9.927501755965344e-16
17.900000000000002  1.229985479700165e-16  -4.2671604551800076e-16  3.8153630812350886e-16  -1.21109111781488e-16
18.0  8.110865079243024e-16  -1.210489094273736e-15  1.1028653647999715e-15  1.184463047752553e-15
18.1  6.074349950959685e-16  1.0994291869760346e-15  6.708237052695053e-16  7.781881057552456e-17
18.2  -1.672335672702442e-16  -2.2151779105425856e-16  7.592937438699606e-17  1.3742864837200432e-16
18.3  -7.517776818983946e-16  3.032451385008521e-16  -1.578280691101497e-16  6.477614775251272e-16
18.400000000000002  -7.969574192928867e-16  5.913747874934761e-17  -7.403993819846758e-17  -9.456810020135139e-16
18.5  -8.575119751836306e-16  -1.316306753124068e-16  -8.911374492414755e-17  6.097967903316291e-16
18.6  4.595056245843195e-16  -4.0863673723296804e-17  -6.032046050630534e-16  -4.627264642759643e-16
18.7  3.882037463347276e-16  -1.191872594694565e-16  -1.5892329308969998e-16  3.0081851101818553e-16
18.8  4.658480274414869e-16  -1.0211461213842536e-15  4.591565656467888e-16  -5.031339870138805e-16
18.900000000000002  -7.985875264933912e-17  7.280069155833184e-16  2.448538247935242e-16  -1.6050708417813392e-16
19.0  -1.411114264151443e-16  -3.873018650596034e-16  2.4967987398317296e-16  -3.9020085158940213e-16
19.1  5.117499062945193e-16  -3.724318217339864e-16  6.05094041251582e-16  -3.4552588936554527e-16
19.200000000000003  1.3633342439245403e-16  -4.2287234089393775e-16  1.0501695654339135e-15  -7.371762342198467e-16
19.3  2.68586964637279e-16  -7.313782611602493e-16  -2.0833342051710708e-16  -5.799918714333893e-16
19.400000000000002  6.92468855872487e-16  6.039988172720316e-16  3.435716209300108e-16  -1.8982343596749014e-16
19.5  4.0798841476290794e-18  -1.1436642062762622e-16  -9.168208012095384e-16  7.756132804604769e-16
19.6  3.865609103654022e-16  -6.396017092298691e-16  -1.895224241969181e-16  1.158566665725382e-15
19.700000000000003  -7.178928788525257e-16  4.863258833144806e-16  -1.3742864837200432e-16  7.592937438699606e-17
19.8  2.4505237784576875e-16  -4.493059142152467e-16  -2.980491889823987e-17  -2.9744716544125457e-16
19.900000000000002  -1.9360230834454715e-16  1.2729330863530083e-15  -1.4031466845240188e-15  5.772040160795126e-17
20.0  -2.7580201483827286e-16  5.559849255947469e-16  -4.954303697040029e-16  -8.503386077651847e-17
20.1  -1.2926888007674617e-16  -1.5280346686825638e-16  -1.0994291869760346e-15  6.074349950959685e-16
20.200000000000003  3.969111266197609e-16  -1.744486174712381e-16  -1.0620665233236808e-16  -2.3281272540288155e-16
20.3  6.102691493787612e-17  -1.1294934348622984e-17  1.5907379897498603e-16  4.5025063230951105e-16
20.400000000000002  4.982645239867956e-16  -1.1273446696857459e-15  9.91333098455138e-16  -3.1995366857340435e-17
20.5  9.130419288324812e-17  8.408914268225422e-17  4.1713920008134626e-16  9.579206544564012e-16
20.6  3.1140490679611026e-16  5.230448406431423e-16  6.472891184779951e-16  3.5989115752052715e-16
20.700000000000003  -1.3452966184220555e-16  4.667206747853134e-16  1.6628884917597995e-16  6.256439678750134e-16
20.8  -2.5179506899963057e-16  7.184949023936698e-17  -2.330813210499506e-16  -5.943467188927341e-16
20.900000000000002  -1.1006656501818256e-16  -6.202703066955893e-16  -1.1518563906950233e-15  -6.136509156513292e-16
21.0  1.5858523186610241e-16  2.5152126300474295e-16  -4.925475912359556e-16  -9.503501809334661e-17
21.1  -1.6319536590516318e-17  4.574656825105049e-16  -8.466893998821398e-16  1.3145932803584675e-16
21.200000000000003  -6.160671224383588e-16  -6.686332573104047e-16  -2.5752820981222206e-16  8.93436720303314e-16
21.3  -1.627563462108076e-15  -1.6583733152012189e-16  5.333950568975009e-16  1.5374818496252064e-16
21.400000000000002  -1.1604561019139107e-15  6.187299294445915e-16  1.3979044360766496e-16  -1.086244816438883e-15
21.5  -9.216740561748716e-16  -4.100954971569124e-16  1.691230034587727e-16  -5.86734562587251e-16
21.6  7.784474347432698e-16  -2.955577292527261e-16  -1.3742864837200432e-16  7.592937438699606e-17
21.700000000000003  9.158760831152742e-16  -3.7148710363972215e-16  3.9785584471402513e-16  -5.78574794291993e-16
21.8  5.78574794291993e-16  3.9785584471402513e-16  1.9519165599177717e-15  4.2688277664819296e-17
21.900000000000002  -9.224891097751238e-17  3.200370341385006e-16  7.687409248126032e-17  -2.6669752844875046e-16
22.0  5.352844930860295e-16  -6.54504168678989e-16  5.559849255947469e-16  2.7580201483827286e-16
22.1  -8.503386077651847e-17  4.954303697040029e-16  1.0667901137950019e-16  3.074963699250413e-17
22.200000000000003  -2.993366016297831e-16  8.380572725397495e-16  6.256439678750134e-16  -1.6628884917597995e-16
22.3  -2.8396178313353105e-16  7.847177668499994e-16  2.0614297255800649e-16  -1.138940615804941e-16
22.400000000000002  -7.065979445039027e-16  5.473527982523567e-16  -3.015270495888837e-16  1.4417133952586609e-16
22.5  -1.9390332011511924e-16  -2.292052003023846e-16  -1.0442002450977559e-15  -1.8544254004928904e-16
22.6  2.3186800730861724e-16  2.9791952448838673e-16  -5.3747494104513e-16  -3.9381764334894424e-17
22.700000000000003  1.052360013393014e-15  -4.329030120596347e-17  1.2911837419146013e-16  -5.982656764594401e-16
22.8  1.2246181829051516e-15  -3.4026510760008594e-16  9.827009711127477e-16  3.988005628082894e-16
22.900000000000002  5.286170548748107e-16  -6.564260209910205e-16  9.356317975297273e-16  9.629452566982945e-16
23.0  1.8683877579941137e-16  8.048810080645788e-16  1.0652105189765799e-15  4.2258348516967927e-16
23.1  4.778170560816917e-16  4.843554068171945e-16  -6.130072093276369e-17  -7.544080727811244e-17
23.200000000000003  6.315171938772539e-16  9.90828323284503e-16  5.2394787595485857e-17  4.1950099531700684e-16
23.3  5.578743617832754e-16  -5.324503388032367e-16  5.752891223533421e-16  -6.429730548067999e-16
23.400000000000002  4.984150298720817e-16  -3.7627552635804943e-16  6.370894081089223e-16  6.458072090895926e-16
23.5  -4.0798841476290794e-18  1.1436642062762622e-16  -3.128219839375067e-16  8.314442458798998e-17
23.6  5.723044621852633e-16  -1.8166366767223203e-16  -4.3582053190752316e-16  5.098604701059906e-16
23.700000000000003  8.3084222233875555e-16  1.2394326606428077e-16  -8.236271721377616e-16  5.145006950122158e-17
23.8  -3.805915900292446e-16  -2.830170650392668e-16  -1.1860097893879614e-15  -1.4972850316900596e-15
23.900000000000002  -3.018280613594558e-16  -1.3579669471295269e-15  3.454610571185393e-16  -9.980757896089997e-16
24.0  -6.92468855872487e-16  -6.039988172720316e-16  -3.969111266197609e-16  1.744486174712381e-16
24.1  1.5280346686825638e-16  -1.2926888007674617e-16  7.9476697133378595e-16  -7.53023411763231e-16
24.200000000000003  -1.6817828536450843e-16  1.8260838576649625e-16  -2.1335802275900038e-16  -6.149927398500825e-17
24.3  3.749232814636591e-17  2.7077741259637953e-16  3.074963699250413e-16  -1.0667901137950019e-15
24.400000000000002  4.963750877982672e-16  -3.1909231604423633e-16  -1.744486174712381e-16  -3.969111266197609e-16
24.5  6.38610692206689e-17  -1.2236734648108874e-15  1.2016439368722377e-16  7.856624849442636e-16
24.6  -4.1228594511601297e-16  2.277881231609882e-16  -1.4558841666726246e-16  3.0466221564224854e-16
24.700000000000003  1.8402546290789264e-16  -4.3801097986662375e-16  6.270610450164097e-16  -7.724781144071121e-16
24.8  -1.7633805365976662e-16  4.113412270217487e-16  -8.510054635533349e-16  3.468572928686617e-16
24.900000000000002  7.9476697133378595e-16  -7.53023411763231e-16  -1.0793307780084613e-15  -1.4665353946975555e-15
25.0  -9.399478612009224e-16  -7.475472918654795e-16  -2.1433515697676767e-16  -4.589580125945442e-16
25.1  -1.0867293315323287e-15  -2.383216984836466e-16  4.677308064406682e-16  -1.6226877746553661e-15
25.200000000000003  1.9606135195071682e-16  1.215062178859771e-16  8.524711648799858e-16  2.493308150456424e-16
25.3  9.668213774458604e-16  -1.4738175852187392e-16  2.623490486540523e-16  -5.093128581162156e-16
25.400000000000002  -3.6858811710992335e-16  -5.250847827169567e-16  -6.425006957596678e-16  -7.773522107637194e-16
25.5  -3.099878296547139e-16  -1.1292341058742745e-15  3.9381764334894424e-17  -5.3747494104513e-16
25.6  -8.145226857482393e-16  -5.814089485747856e-16  1.5280346686825638e-16  -1.2926888007674617e-16
25.700000000000003  3.8780664023023847e-16  4.584104006047692e-16  1.0134506081052518e-15  2.9212155142878923e-16
25.8  1.835531038607605e-16  -2.3594789145624636e-16  4.0459853586788694e-16  -2.0111837031611313e-16
25.900000000000002  5.406101070984948e-16  3.29141520528023e-16  7.592937438699606e-17  1.3742864837200432e-16
26.0  2.886020080397563e-17  7.015733422620094e-16  -6.636086550685114e-16  9.757452498997777e-17
26.1  -6.149927398500825e-17  2.1335802275900038e-16  -1.4900699814890659e-15  1.3614031249534637e-15
26.200000000000003  -1.5578395875808036e-15  9.95241635326207e-16  -1.3108977735465065e-15  -2.6231663253054933e-16
26.3  -2.350031733619821e-16  -5.876792806815153e-16  1.1220190556732806e-15  -4.853811652202162e-16
26.400000000000002  -1.8574355181986108e-16  -4.579380415576371e-16  -1.3968763524172891e-15  6.372399139942084e-16
26.5  0.0  -0.0  -9.447362839192496e-16  -3.300862386222872e-16
26.6  -2.1335802275900038e-16  -6.149927398500825e-17  -1.1794384455106598e-15  5.843727673515904e-16
26.700000000000003  -6.297238520226424e-16  2.8065526980360615e-16  -3.4829521140133206e-17  2.210454320071264e-16
26.8  1.203148995725098e-16  1.53673162827196e-15  -4.041261768207548e-16  -9.44718094264251e-19
26.900000000000002  6.780387554704992e-16  2.5321214614102694e-16  3.2222748209760114e-16  7.861348439913958e-16
27.0  -6.482338365722592e-16  4.4235019300227685e-17  -1.1505782447066841e-15  1.2859461096135998e-15
27.1  -3.169435508676837e-17  5.10805188200255e-16  -1.0203646465356738e-15  1.0346233996611012e-15
27.200000000000003  -9.92491076189431e-16  2.916320418324123e-16  -1.2529930380779338e-15  1.6608240965606253e-15
27.3  1.2996699795180733e-16  1.0773440934494236e-15  2.640619272182023e-16  1.0004537929064119e-15
27.400000000000002  -2.3685092676796245e-17  -4.689967963826939e-16  -1.5771924600741183e-17  6.309371657639757e-16
27.5  -1.653441310817157e-16  -1.029770144695768e-15  7.445626316974007e-16  -4.786384740663545e-16
27.6  -5.078205280321762e-16  -4.930037422213363e-16  -6.368972194410883e-17  -4.80527910254883e-16
27.700000000000003  6.184289176740194e-16  -3.4168218474148226e-16  -6.902784079133863e-16  8.988711574185174e-17
27.8  -3.733765398282507e-16  -1.0762372947376444e-16  -6.093244312844971e-16  -2.911768333345249e-16
27.900000000000002  1.1075889552712928e-16  -8.36167836351221e-17  9.742401910469176e-16  -8.746048825918511e-16
28.0  -4.0223674063222626e-16  -8.091970717357739e-16  9.968300597441634e-16  -7.525510527160989e-16
28.1  7.467530796565014e-16  2.1524745894752888e-16  6.965904228026641e-17  -4.420908640142528e-16
28.200000000000003  6.607745007857185e-16  1.1148040054722866e-15  3.200370341385006e-16  9.224891097751238e-17
28.3  -3.517313892252689e-16  4.185562772227426e-16  7.837730487557351e-16  6.880879599542858e-16
28.400000000000002  -8.159768295258159e-18  2.2873284125525244e-16  7.702876664480115e-16  -6.682488799747364e-17
28.5  8.317869404330199e-16  -2.8018291075647404e-16  2.8834267905173218e-16  6.030540991777674e-16
28.6  -5.286714664261797e-17  -2.1743790690662947e-16  -1.7303154032984172e-16  -1.0031003918508931e-15
28.700000000000003  -8.697516276265179e-16  2.1146858657047188e-16  4.891600375972733e-16  -4.944856516097386e-16
28.8  2.8254470599213467e-16  -1.7852850161886716e-16  1.835531038607605e-16  -2.3594789145624636e-16
28.900000000000002  8.673898323908572e-16  7.988468554814151e-16  2.282604822081203e-16  2.1022285670563555e-16
29.0  6.439177729010642e-16  1.7116294553258723e-16  1.369498061001716e-15  -3.418326906267683e-16
29.1  2.8254470599213467e-16  -1.7852850161886716e-16  2.7870100136807166e-16  -1.6519362519642964e-16
29.200000000000003  5.732815964030305e-16  2.1579507093730404e-16  3.079687289721734e-16  -1.2688532022053793e-15
29.3  1.161017605300676e-15  1.383565499578331e-15  1.14286825012503e-16  1.0064777433236938e-15
29.400000000000002  4.512277665272782e-16  2.3838493963454997e-16  -5.679559823905651e-16  7.678506182697079e-16
29.5  1.0957799790929895e-16  4.2154093739082143e-16  5.420920164868972e-16  1.3261220861574725e-15
29.6  2.1619217704179315e-16  -1.150879256477256e-15  -7.215050200993908e-18  -1.7539333556550235e-16
29.700000000000003  -2.1107959308843595e-17  8.749267357536971e-16  1.2589753449981528e-16  -3.592474511968349e-17
29.8  1.1153226634483345e-16  1.2164584146098934e-15  -4.353481728603911e-16  3.0779738169561335e-16
29.900000000000002  3.2192647032702907e-16  -7.1600344266399725e-16  5.09777104540895e-17  1.025690260548139e-15
30.0  3.205093931856327e-16  -1.0981417743286502e-16  -3.749232814636591e-17  -2.7077741259637953e-16
30.1  -6.006923039421067e-16  -7.219727630001547e-16  -7.928775351452575e-16  -5.5228941878278585e-17
30.200000000000003  -2.2057307295999428e-16  -2.368926095505106e-16  3.6616148962725676e-16  -6.776960609173792e-17
30.3  -8.073076355472454e-16  -4.060156130092833e-16  -1.2945782369559902e-15  -7.197823150410543e-16
30.400000000000002  4.530847865923038e-16  -1.3714523294372505e-15  -1.302135981710104e-16  2.513227099524984e-16
30.5  1.2205382987575224e-16  -2.2589868697245968e-17  -4.2671604551800076e-16  -1.229985479700165e-16
30.6  2.400277756038754e-16  6.918668323313428e-17  4.574656825105049e-16  1.6319536590516318e-17
30.700000000000003  -5.446899912461239e-16  -2.1477509990039675e-16  -5.252352886022428e-16  -3.824810262177731e-16
30.8  -7.960127011986224e-16  -3.449886980714072e-16  1.8041793780739568e-16  -5.257076476493749e-16
30.900000000000002  3.796468719349803e-17  6.871432418600216e-17  -1.3322419123789161e-15  7.136416474283365e-16
31.0  5.60064809742376e-16  1.6143559421064667e-16  -4.463212540471679e-16  -7.063617649803366e-16
31.1  -7.189881028320759e-16  1.3938291680753886e-16  -6.082292073049467e-16  5.576613317241673e-17
31.200000000000003  -7.87455826798875e-16  -1.1513191994008853e-15  2.2559767520188763e-16  -2.8159998789787046e-16
31.3  -1.0575351215201935e-15  -1.8928624467335205e-16  -4.482106902356965e-16  1.0189058866117291e-16
31.400000000000002  3.5800172133199863e-16  1.6096323516351454e-16  1.4153255610311266e-16  -7.10229781697027e-16
31.5  9.80360017268361e-16  -1.0461545135332905e-15  -4.634350028466625e-16  9.062992376786195e-16
31.6  8.06212411567695e-16  5.90726465023416e-17  4.941846398391667e-16  -1.0129782490581197e-15
31.700000000000003  -7.897423690918928e-16  2.3453081431485e-16  -3.9188652437786754e-16  -3.440439799771429e-16
31.8  1.055495179446379e-15  2.4646945498716517e-16  3.4765150507763985e-16  -3.041898565951164e-16
31.900000000000002  -2.594824782477566e-16  9.851924308424204e-17  2.051982544637422e-16  2.902321152402607e-16
32.0  7.549128479517595e-16  -1.3485382307723552e-17  8.832370099342414e-16  5.434442613812876e-16
32.1  8.000925853462515e-17  2.3062227744378094e-17  -2.3375744349714577e-16  5.103328291531228e-16
32.2  6.341047479408436e-16  1.1071165962241606e-15  3.824810262177731e-16  -5.252352886022428e-16
32.300000000000004  -6.174841995797551e-16  -6.24439920792725e-17  9.130419288324812e-17  8.408914268225422e-17
32.4  -4.4303558210851713e-16  3.344671345404884e-16  7.90988098956729e-16  8.634812955197881e-16
32.5  -7.938222532395218e-16  3.488972349424762e-16  -7.611831800584892e-16  -5.660341300785336e-16
32.6  9.394106699067843e-16  -6.535594505847247e-16  -4.656254508057631e-16  2.1241330466473617e-16
32.7  7.545701533986395e-17  3.394917367823817e-16  -1.1907333798592827e-15  5.233458524137143e-16
32.800000000000004  7.549128479517595e-16  -1.3485382307723552e-17  -1.1625585681615474e-16  8.041724694938805e-16
32.9  1.3601157123060793e-16  5.302598908441361e-16  3.10460188701846e-16  9.27171017463897e-16
33.0  -1.1720057491041898e-16  1.2082986463146353e-15  3.733765398282507e-16  1.0762372947376444e-16
33.1  3.248254568568278e-16  -3.2521214226567993e-16  4.0850707273895597e-16  1.388716584122031e-15
33.2  4.339310957189947e-16  2.9839188353551884e-16  5.613105396072123e-16  1.2594477040452848e-15
33.300000000000004  -7.515415023748287e-16  2.0221359429566345e-16  -1.2325741878003466e-15  -3.3361851078014114e-16
33.4  1.8306221149553834e-17  1.139036710138858e-15  -2.737829141557324e-17  2.9540722336744004e-16
33.5  -1.18378287328992e-15  9.838393118290084e-17  4.800717592695023e-16  5.39165824181414e-16
33.6  5.626952006251057e-16  -1.483264766161382e-16  -1.5084919843272187e-16  9.241863572958181e-16
33.7  -5.084433929645943e-16  -1.0420097971386553e-15  -1.5636375606404012e-15  2.136590345295724e-16
33.800000000000004  5.098604701059906e-16  4.3582053190752316e-16  3.805915900292446e-16  2.830170650392668e-16
33.9  1.8402546290789264e-16  -4.3801097986662375e-16  4.16194481987082e-16  1.362046831277156e-15
34.0  8.539044500831336e-16  4.393400752965562e-17  1.4175767849260067e-15  2.9306626952305344e-16
34.1  -5.704150259967347e-16  -6.265886859692776e-16  -3.258350071980981e-16  -8.73831511774147e-16
34.2  5.136393424830477e-16  -1.180684175375496e-15  5.497145934880173e-16  -3.0371749754798423e-16
34.300000000000004  -2.1645150602981736e-17  -5.26180006696507e-16  1.3742864837200432e-16  -7.592937438699606e-17
34.4  6.410187863712654e-16  -2.1962835486573004e-16  5.26180006696507e-16  -2.1645150602981736e-17
34.5  5.424995432870234e-16  -4.791108331134865e-16  6.789834735647634e-16  -1.509140306797279e-16
34.6  -5.64144693890005e-16  -4.706917358302045e-17  7.9476697133378595e-16  -7.53023411763231e-16
34.7  2.296775593495167e-16  -3.9596640852549665e-16  3.9064079451303126e-16  -7.539681298574953e-16
34.800000000000004  -9.851924308424204e-17  -2.594824782477566e-16  7.592937438699606e-17  1.3742864837200432e-16
34.9  -1.8483727145916363e-15  -3.0169839686544373e-16  4.593551186990334e-16  -7.919328170509933e-16
35.0  4.92295203650638e-16  -2.0472589541661012e-16  -1.4996931258546364e-16  -1.0831096503855181e-15
35.1  6.482338365722592e-16  -4.4235019300227685e-17  9.547854884030364e-16  -7.068989562744748e-16
35.2  6.625134310889611e-16  -4.445174914969194e-16  -2.8331807680983884e-16  -1.1215466966261485e-15
35.300000000000004  -4.176115591284783e-16  -7.558575660460237e-16  -1.6319536590516318e-17  4.574656825105049e-16
35.4  -6.963982341348301e-16  2.614367466832911e-16  4.3338348372921955e-16  1.2492040028204802e-16
35.5  3.7133659775443615e-16  1.6480693978757758e-16  9.998147199122423e-16  -1.213860439850667e-15
35.6  1.6175999312625694e-15  3.5072183888399875e-16  5.930048946939807e-16  7.486425158450298e-16
35.7  7.592937438699606e-17  1.3742864837200432e-16  -4.2348478513071894e-16  -1.9129747385065064e-15
35.800000000000004  -1.9304196758595115e-17  9.187750696450728e-16  -5.898697286406159e-16  -4.588827596519013e-16
35.9  -1.2872126808697103e-15  2.0668016385214458e-16  -5.046853619788114e-16  -2.032439860282077e-16
36.0  2.7391257864974443e-16  2.5226742804676267e-16  -4.100954971569124e-16  9.216740561748716e-16
36.1  9.293614654229976e-16  3.8342574431203734e-16  -5.3339505689750095e-17  -1.5374818496252064e-17
36.2  -7.282430951068845e-16  2.117279155584958e-17  3.9472067866066033e-16  -8.683345504851215e-16
36.300000000000004  -8.226824540434974e-16  -3.5267610731953323e-16  -5.857898444929868e-16  -5.732491802795275e-16
36.4  -6.81173921523864e-16  -5.429719023341555e-16  -4.151200993988057e-16  1.4401666536232526e-15
36.5  -3.890940528776228e-17  3.3541185263475265e-16  -2.4505237784576875e-16  4.493059142152467e-16
36.6  -7.592937438699606e-17  -1.3742864837200432e-16  -7.828283306614708e-16  -1.0922141367750407e-15
36.7  6.871432418600216e-16  -3.796468719349803e-16  1.9076815406175443e-16  -6.0554555890744e-17
36.800000000000004  3.382460069175454e-16  -1.173469125174502e-15  -2.9650244734699036e-16  -3.743212579225149e-16
36.9  6.918668323313428e-17  -2.400277756038754e-16  2.2589868697245965e-16  1.2205382987575226e-15
37.0  -1.0619368588296687e-15  8.782124076923481e-16  -1.0071802759985223e-15  2.873979609574679e-16
37.1  -6.405464273241332e-16  1.7565266455352644e-17  4.5179737394491936e-17  2.441076597515045e-16
37.2  9.851924308424204e-17  2.594824782477566e-16  -6.021093810835031e-16  -1.1578349776902261e-16
37.300000000000004  -8.918691372766317e-16  -1.1264833171565778e-16  -1.836179361077665e-16  -1.3672219394043353e-15
37.4  -1.3411750514918785e-15  -3.5770070956142656e-16  -4.0270909967935837e-16  -6.071339833253964e-16
37.5  -7.351895496608092e-16  5.463328272154493e-16  -5.539982410357094e-16  1.32070037781109e-15
37.6  9.226511903926388e-17  8.075542357664485e-17  -2.955091050674716e-16  4.2392993840216655e-16
37.7  8.592057520029718e-16  4.2639101016394943e-16  1.0740213720577472e-15  8.83682163205689e-16
37.800000000000004  -9.063316538021224e-16  -1.2650199182769533e-15  -5.093881110588586e-16  -6.378836203179006e-16
37.9  -6.039988172720316e-16  6.92468855872487e-16  9.076514825730099e-16  -1.7459240932450513e-15
38.0  -1.9124051310888654e-16  2.626176443011214e-16  -7.611183478114831e-16  1.0371357007820482e-15
38.1  8.419658094108186e-16  1.889171556067927e-15  5.960983779647974e-17  5.948943308825091e-16
38.2  -9.993632022563841e-17  3.4670678698337564e-16  -1.1359767970281361e-15  -6.746859432116586e-17
38.300000000000004  3.9502169043123234e-16  6.338037361702715e-16  2.0661533160513862e-16  -3.1595714999087153e-16
38.400000000000006  3.8780664023023847e-16  4.584104006047692e-16  -4.709510648182285e-16  -7.712323845422758e-16
38.5  7.982031491577229e-16  1.0388746310852906e-15  8.314442458798998e-17  3.128219839375067e-16
38.6  -5.958390489767735e-16  4.637360146172345e-16  -1.889436188528502e-18  8.082523536415096e-16
38.7  6.319142999817431e-16  4.1323066321027723e-16  9.293614654229976e-16  3.8342574431203734e-16
38.800000000000004  9.547854884030364e-16  -7.068989562744748e-16  -1.0071802759985223e-15  2.873979609574679e-16
38.900000000000006  -5.189649564955132e-16  1.970384861684841e-16  1.433979687081619e-16  -9.985481486561318e-16
39.0  -4.954303697040029e-16  -8.503386077651847e-17  -2.484885556697056e-16  -1.3425921286332748e-15
39.1  3.128219839375067e-16  -8.314442458798998e-17  -1.4558841666726246e-16  3.0466221564224854e-16
39.2  1.0031003918508931e-15  -1.7303154032984172e-16  2.2151779105425856e-16  -1.672335672702442e-16
39.300000000000004  1.66576432882514e-15  1.335201115009353e-16  -1.4026280265479706e-16  1.2883079048492603e-15
39.400000000000006  -6.776960609173792e-17  -3.6616148962725676e-16  -4.3597103779280927e-16  -2.4120867322170574e-16
39.5  -6.880879599542858e-16  7.837730487557351e-16  -6.279849217193999e-16  -1.2786662271656e-15
39.6  1.055837873999499e-16  -3.161933295144376e-16  -1.0492248473396493e-15  3.3305005739909197e-16
39.7  9.13240481884726e-16  5.520925967854294e-16  -1.4304890977063132e-16  1.4608184619467157e-15
39.800000000000004  3.036150388296567e-16  -1.2412225232044885e-15  6.523137207198883e-16  -1.5860143992785393e-16
39.900000000000006  6.221116957171594e-16  1.2154905470511713e-16  1.1921967559295948e-16  1.1897886617650183e-15
40.0  -7.150587245697329e-16  -7.260526471477838e-16  -7.498882457098661e-16  -5.050072151406575e-16
40.1  9.11946704852931e-16  4.939484603156005e-16  5.078205280321762e-16  4.930037422213363e-16
40.2  -1.8479883372559684e-16  -8.620642183783919e-16  -5.930048946939807e-16  -7.486425158450298e-16
40.300000000000004  4.612445548875619e-17  -1.600185170692503e-16  1.974506428615018e-15  1.6474210754057152e-16
40.400000000000006  -2.1146858657047188e-16  -8.697516276265179e-16  -1.0081249940927865e-15  6.915241377782227e-16
40.5  -6.270332106729657e-18  -5.795195123862571e-16  -2.79881898985902e-16  6.703513462223732e-16
40.6  6.965904228026641e-17  -4.420908640142528e-16  -6.083797131902328e-16  -6.953030101552797e-16
40.7  3.4984195303674044e-16  3.8969607641876695e-16  -2.2340722724278704e-16  9.754859209117537e-16
40.800000000000004  3.5267610731953323e-16  -8.226824540434974e-16  7.693429483537473e-16  3.373012888232812e-16
40.900000000000006  3.8780664023023847e-16  4.584104006047692e-16  9.673261526164956e-16  4.521400684980395e-16
41.0  6.198459948154159e-16  -9.478714499726146e-16  2.8018291075647404e-16  8.317869404330199e-16
41.1  -9.84590407301276e-16  4.0945179083322023e-16  2.8881503809886433e-16  4.0099101076738994e-16
41.2  -9.44718094264251e-19  4.041261768207548e-16  -1.1739414842216341e-15  -1.36182918507168e-16
41.300000000000004  -4.982645239867956e-16  1.1273446696857459e-15  -5.468804392052246e-16  -9.086610329142802e-16
41.400000000000006  -6.372399139942084e-16  -1.3968763524172891e-15  1.3910783793576917e-15  -1.4188225147908428e-15
41.5  2.6231663253054933e-16  -1.3108977735465065e-15  -3.2166714133900504e-17  7.128682766106324e-16
41.6  -2.633261828718196e-16  1.1185411950667955e-16  6.16539481485491e-16  4.665701689000273e-16
41.7  8.746048825918511e-16  9.742401910469176e-16  -5.689655327318354e-16  -4.3119303577011896e-16
41.800000000000004  -6.544960646481132e-16  -3.348882642284568e-16  -1.1053892406531471e-16  -4.1820721828521203e-16
41.900000000000006  -6.645857892862787e-16  -2.998842136195583e-16  2.3786974376827786e-16  1.7688566564954175e-16
42.0  -4.324816024540953e-16  -1.0299623333636023e-16  -7.231860767414881e-16  3.0426510953775936e-16
42.1  -3.6663384867438887e-16  2.698326945021153e-16  -1.0984844688817702e-15  2.0330881827521372e-16
42.2  6.592925913973163e-16  1.1782343984283715e-16  5.723044621852633e-16  -1.8166366767223203e-16
42.300000000000004  1.1058754825056919e-16  1.6205845914306481e-15  -9.100781100556766e-16  1.1530697044363566e-15
42.400000000000006  -6.938859330138834e-16  2.1904479591005896e-18  1.6285267135204304e-16  -1.1662540749735081e-15
42.5  5.381186473688222e-17  -1.8668826991412534e-16  -3.8875135832450273e-16  -5.4284223784014346e-17
42.6  1.7633805365976662e-16  -4.113412270217487e-16  -9.850627663484084e-16  6.115148792435976e-16
42.7  -2.6575281035448625e-16  -4.810002693020152e-16  7.00156265120613e-16  5.7732906442715665e-16
42.800000000000004  -1.600185170692503e-16  -4.612445548875619e-17  -8.219970649372571e-17  -7.169481607582615e-16
42.900000000000006  -1.744486174712381e-16  -3.969111266197609e-16  -1.4781313408167507e-15  -4.838344235848079e-16
43.0  2.0708769065227072e-16  -5.180202384012489e-16  9.303061835172618e-16  -2.0700432508717448e-17
43.1  -2.5759304205922807e-16  -7.097331105572675e-16  5.415548251927591e-16  -7.498465629273182e-17
43.2  2.111675747998998e-16  -6.323866590288752e-16  7.272983770126202e-16  3.8295338526490523e-16
43.300000000000004  1.225863912769988e-15  7.577470022345523e-16  9.443935893661296e-17  3.7384889887538284e-16
43.400000000000006  2.541568642352912e-16  -1.082164932291254e-15  3.0779738169561335e-16  4.353481728603911e-16
43.5  -3.796468719349803e-16  -6.871432418600216e-16  3.068526636013491e-16  8.394743496811459e-16
43.6  -1.9632114942663948e-15  -1.0371519260269541e-16  -7.004781182824591e-16  3.7580316731091727e-16
43.7  -1.4165903840491942e-16  -5.607733483130742e-16  -6.184289176740194e-16  3.4168218474148226e-16
43.800000000000004  -7.891403455507485e-17  3.238807387625636e-16  1.2810928546482664e-15  -3.513053291070529e-17
43.900000000000006  4.745073605595616e-16  -3.6539506021225913e-17  8.47558865033761e-16  -9.111200765204498e-16
44.0  5.917111176621859e-16  6.904983793752009e-16  -7.469996798757044e-16  1.1134193444543932e-15
44.1  -5.725510624044664e-16  1.5103304710741542e-15  5.741938983737917e-17  -9.899160213137416e-17
44.2  -7.154847846879493e-17  1.2503432176557623e-15  8.85427457893342e-16  1.237330194395171e-15
44.300000000000004  -4.494564201005327e-16  -9.961215211734653e-16  3.8780664023023847e-16  4.584104006047692e-16
44.400000000000006  4.000462926731257e-16  1.1531113872189048e-16  1.1518239745715203e-15  -1.8793399977896162e-16
44.5  -8.493522068883725e-16  -3.6036351656765926e-16  -1.5211206302521419e-15  -3.4056150322429006e-17
44.6  -1.0931588548693049e-15  1.1869545074822256e-15  1.7303987688635132e-15  2.0992184493506351e-16
44.7  -7.215050200993908e-18  -1.7539333556550235e-16  -2.4505237784576875e-16  4.493059142152467e-16
44.800000000000004  4.176115591284783e-16  7.558575660460237e-16  2.8834267905173218e-16  6.030540991777674e-16
44.900000000000006  6.290801456989502e-16  1.6256091936725417e-15  -1.3046274414397766e-15  3.1720287985570786e-16
45.0  2.1335802275900038e-16  6.149927398500825e-17  -9.149313650210097e-16  -3.2639073181032635e-17
45.1  1.2926888007674617e-16  1.5280346686825638e-16  -1.2412387312662401e-15  -7.0440749654480225e-16
45.2  -1.1700329473505654e-15  1.453652035930976e-15  4.23881891235208e-16  1.3353770784322809e-15
45.300000000000004  1.283241619824819e-16  5.569296436890112e-16  -7.395380294555074e-16  -3.985412338202653e-17
45.400000000000006  4.5179737394491936e-17  2.441076597515045e-16  7.731218207308044e-16  -1.2792034184597382e-15
45.5  7.067692917804628e-16  -2.251554173318127e-15  2.7674673293253713e-16  -9.601111024155017e-16
45.6  7.861348439913958e-16  -3.2222748209760114e-16  -4.1950099531700684e-16  5.2394787595485857e-17
45.7  1.5954615802211817e-16  2.481875438991336e-16  1.328162028231287e-15  -5.992752268007103e-16
45.800000000000004  1.4417133952586609e-16  3.015270495888837e-16  3.8875135832450273e-16  5.4284223784014346e-17
45.900000000000006  7.486100997215269e-16  -1.3945898101242715e-15  3.262749501217272e-16  -1.298164920665213e-16
46.0  -8.990332380360328e-17  -1.0910708656285317e-15  -4.1086076394374083e-16  -1.7800491321257129e-16
46.1  -3.610766712847253e-17  -1.6785515932578024e-15  -1.239837862186595e-15  -1.71138921949108e-15
46.2  -7.668839047475777e-16  1.0571380154157045e-15  -1.188843943670754e-15  -2.849065012277953e-16
46.300000000000004  7.861348439913958e-16  -3.2222748209760114e-16  8.731229732034487e-16  -2.274037458253198e-17
46.400000000000006  1.120601978531884e-15  1.2080810001091594e-16  1.2715160092116121e-15  7.997915735756793e-16
46.5  -9.668537935693635e-16  -6.542031569084169e-16  2.368926095505106e-16  -2.2057307295999428e-16
46.6  8.32259299480152e-16  -4.822459991668515e-16  -8.62536577425524e-16  3.868619221359742e-16
46.7  5.972561261181698e-16  -1.0699252798483668e-15  -5.559849255947469e-16  -2.7580201483827286e-16
46.800000000000004  -1.623803123049109e-16  9.641909865631309e-16  1.737141460017375e-15  5.873782689109432e-16
46.900000000000006  7.784474347432698e-16  -2.955577292527261e-16  2.551015823295554e-16  -1.4862911091120088e-15
47.0  -2.2057307295999428e-16  -2.368926095505106e-16  1.9672913784140238e-15  -1.0651228024930787e-17
47.1  1.6039640430695597e-15  -1.1552601523954573e-15  5.180202384012489e-16  2.0708769065227072e-16
47.2  1.5185874877399211e-16  2.7485729674400865e-16  -2.2151779105425856e-16  1.672335672702442e-16
47.300000000000004  -5.117499062945193e-16  3.724318217339864e-16  6.256439678750134e-16  -1.6628884917597995e-16
47.400000000000006  -5.516040296765457e-16  1.1119698511894938e-15  8.627959064135478e-17  6.025817401306352e-16
47.5  1.0543328151466389e-16  -1.067262472842134e-15  6.852538056714931e-16  4.286054817065293e-16
47.6  -8.801018438808766e-16  -2.5368450518815904e-16  -8.503386077651847e-17  4.954303697040029e-16
47.7  -6.268896977398497e-16  -9.317232606586583e-16  -1.7602036877617531e-15  -5.073690103763181e-16
47.800000000000004  -4.1417538130454145e-16  1.0360404768024977e-15  -1.1446089243705265e-15  3.6332733534446407e-16
47.900000000000006  3.663119955125428e-16  6.832995372359586e-16  4.493059142152467e-16  2.4505237784576875e-16
48.0  1.7098488422400817e-15  3.068480474549815e-17  1.843047100579171e-15  -6.819472923415682e-16
48.1  -1.4937047123652471e-15  -1.4169608785794497e-16  3.204341402429897e-16  -4.853487490967133e-16
48.2  -9.713035780457973e-16  1.4531634688220925e-15  -8.504474308679227e-16  -7.073064830746009e-16
48.300000000000004  -7.170986666435474e-16  -6.688694368339707e-16  -2.0002314633656287e-17  -5.7655569360945234e-18
48.400000000000006  -1.067734831889266e-15  9.662980689571355e-17  -1.4687258426566562e-15  3.854448449945779e-16
48.5  -2.5336265202631294e-16  -7.303038785719731e-17  -3.6332733534446407e-16  -1.1446089243705265e-15
48.6  -4.3079592966562983e-16  -8.63212734239029e-18  -2.2151779105425856e-16  1.672335672702442e-16
48.7  1.3115831626527467e-16  -6.554488867732532e-16  1.8668826991412534e-16  5.381186473688222e-17
48.800000000000004  -1.9265759025028293e-16  8.688069095322536e-16  -2.0984496946792985e-15  6.661001147981839e-16
48.900000000000006  1.9390332011511924e-16  2.292052003023846e-16  -1.0533047314872784e-15  4.474164780267182e-16
49.0  -2.5321214614102694e-16  6.780387554704992e-16  -8.452723227407434e-16  -4.747299371952855e-16
49.1  4.3487581381325895e-16  -1.0573429328523594e-16  -5.478251572994889e-16  -5.045348560935253e-16
49.2  -1.585755070290515e-15  -1.1045788375655717e-16  -2.1172606909994874e-15  -1.0724584223605873e-15
49.300000000000004  -8.760219597332475e-16  -3.680509258157853e-16  1.1383385922637968e-15  -9.42846847730721e-16
49.400000000000006  5.199096745897774e-16  -6.0116466298923895e-16  -5.958390489767735e-16  4.637360146172345e-16
49.5  3.743212579225149e-16  -2.9650244734699036e-16  6.92468855872487e-16  6.039988172720316e-16
49.6  1.7227113596153872e-15  2.3659159777993856e-16  6.328590180760072e-16  9.104486389522398e-18
49.7  4.1271200523422877e-17  -1.3457272946866396e-15  1.3882442250748987e-15  -2.0644398432857852e-16
49.800000000000004  -4.706917358302045e-17  5.64144693890005e-16  3.132943429846388e-16  -2.8520751299836737e-16
49.900000000000006  3.8153630812350886e-16  -1.21109111781488e-16  -1.0004375848446605e-15  6.648543849333477e-16
50.0  7.083160334158712e-16  3.485962231719041e-16  -5.429719023341555e-16  6.81173921523864e-16
